10 7
8 13 9 12 9 9 9
1 1 4 2 2 3 2
5 2 4 (1 20 4 22 5 16 7 18) 3 (2 99 6 97 7 78) 3 2 (1 28 7 32) 4 (2 77 3 68 5 65 6 65) 2 (2 19 6 17)
5 3 4 (1 22 2 25 5 26 6 30) 2 (1 33 3 38) 3 (4 20 6 29 7 25) 2 5 (1 15 2 20 3 16 4 23 6 15) 5 (3 62 4 75 5 87 6 67 7 54)
5 2 2 (5 74 7 57) 3 (1 22 4 19 5 23) 3 3 (3 30 4 32 6 25) 4 (1 61 2 52 5 57 7 48) 4 (1 96 3 115 4 74 5 100)
5 3 5 (1 90 2 79 3 77 5 73 6 87) 2 (4 69 5 100) 2 (1 100 5 93) 2 3 (2 37 5 48 7 48) 3 (3 67 4 102 5 87)
5 2 2 (1 29 2 40) 4 (1 44 3 36 6 55 7 41) 3 2 (2 40 6 54) 2 (3 16 4 19) 4 (1 38 2 51 4 55 5 49)
5 4 5 (1 69 3 76 4 72 5 68 7 94) 5 (1 97 4 73 5 101 6 94 7 96) 2 (2 60 7 36) 3 (3 26 5 33 6 27) 1 2 (4 60 7 57)
5 5 5 (1 28 2 25 3 21 6 27 7 32) 3 (3 11 5 13 6 10) 5 (2 20 4 23 5 15 6 18 7 23) 2 (1 66 7 60) 3 (1 55 2 59 5 51)
5 5 5 (1 61 3 66 4 70 6 66 7 63) 2 (2 77 5 106) 5 (1 105 2 77 4 102 6 87 7 137) 5 (1 55 2 43 5 50 6 47 7 51) 4 (3 76 4 89 5 67 6 99)
5 2 5 (2 13 3 11 4 16 5 12 6 13) 4 (3 67 4 65 5 80 7 67) 3 2 (5 58 6 54) 2 (2 40 5 34) 2 (3 52 4 52)
5 2 5 (1 75 3 73 4 57 6 67 7 67) 5 (1 15 2 23 4 21 5 18 6 16) 3 5 (1 24 2 39 4 46 6 38 7 28) 4 (1 96 2 85 6 86 7 101) 5 (1 59 4 56 5 51 6 74 7 60)
