10 7
9 8 14 15 9 9 15
2 1 3 3 3 3 2
5 4 4 (2 57 3 71 4 70 6 85) 5 (2 94 3 91 4 77 6 68 7 88) 3 (2 107 4 90 5 95) 2 (4 68 7 62) 1 4 (1 79 2 56 3 79 4 66)
5 4 3 (1 4 3 6 6 5) 5 (1 32 2 32 4 20 5 31 6 33) 3 (2 52 3 52 7 46) 2 (4 30 7 44) 1 3 (1 47 3 52 4 46)
5 2 4 (1 37 2 49 5 54 6 37) 5 (2 16 3 22 4 21 5 20 6 23) 3 5 (1 15 2 21 3 17 5 21 7 21) 2 (1 99 6 113) 2 (1 67 6 44)
5 5 4 (1 50 4 50 5 75 7 44) 2 (1 18 6 18) 3 (1 45 4 49 6 40) 4 (1 31 3 36 4 32 5 40) 2 (4 28 6 46)
5 4 5 (1 18 2 28 4 23 5 25 6 23) 4 (2 75 3 80 6 67 7 56) 3 (1 24 2 24 4 25) 2 (4 24 5 25) 1 4 (2 24 3 26 5 19 6 24)
5 2 4 (1 28 2 35 3 32 7 32) 4 (1 47 2 40 3 52 7 46) 3 4 (1 4 3 7 4 5 7 5) 3 (1 90 2 77 3 77) 4 (3 95 5 60 6 83 7 78)
5 4 5 (1 60 3 56 4 59 6 52 7 52) 5 (2 55 3 78 4 69 5 50 6 73) 4 (1 35 3 43 4 29 7 32) 4 (2 32 5 32 6 31 7 25) 1 3 (1 15 2 13 3 10)
5 2 2 (2 17 6 12) 4 (3 65 4 79 5 78 7 110) 3 4 (1 31 2 34 5 28 6 43) 5 (1 60 2 74 3 46 5 52 7 59) 2 (3 33 7 37)
5 3 4 (2 51 3 48 4 43 7 49) 4 (1 86 3 96 4 83 7 92) 5 (2 48 3 33 4 42 6 45 7 32) 2 5 (1 46 2 42 5 49 6 48 7 46) 2 (5 7 6 8)
5 5 2 (6 54 7 58) 5 (1 21 2 14 3 18 5 14 6 17) 2 (1 86 4 110) 4 (2 31 4 24 6 25 7 29) 3 (2 24 6 23 7 24)
