10 7
14 11 9 14 11 11 13
4 1 2 3 3 3 3
5 2 5 (2 27 3 26 4 20 6 25 7 27) 5 (1 39 3 44 5 43 6 39 7 47) 3 2 (1 108 5 70) 3 (1 82 3 119 6 80) 3 (3 25 4 49 7 40)
5 4 3 (2 24 3 21 4 19) 3 (1 34 2 19 3 32) 3 (1 16 4 19 7 17) 2 (2 43 7 41) 1 5 (1 48 2 46 4 35 5 51 6 61)
5 5 2 (6 43 7 46) 4 (1 39 5 43 6 53 7 54) 2 (2 13 7 15) 3 (3 51 5 62 6 61) 3 (2 50 5 47 6 47)
5 5 5 (1 29 2 30 3 37 6 26 7 54) 4 (1 41 2 50 3 45 5 46) 2 (1 84 6 77) 4 (2 51 3 61 4 68 5 56) 4 (2 51 3 60 5 58 7 58)
5 3 5 (2 50 3 57 4 74 5 42 6 46) 4 (1 72 5 91 6 66 7 87) 3 (2 49 5 73 6 55) 2 5 (1 47 4 59 5 71 6 66 7 74) 2 (2 36 3 29)
5 3 4 (3 78 4 91 5 88 7 77) 3 (2 65 4 92 6 97) 5 (1 90 2 74 3 73 4 98 5 109) 2 3 (4 112 5 90 7 89) 4 (1 9 3 10 5 9 6 11)
5 4 5 (1 29 2 29 3 34 4 29 7 40) 2 (1 21 7 23) 5 (1 95 3 93 4 90 5 76 6 96) 4 (3 16 4 19 6 25 7 21) 1 5 (2 52 3 76 5 61 6 72 7 69)
5 2 5 (1 31 2 23 4 21 5 29 7 20) 4 (1 68 3 75 4 106 6 74) 3 3 (1 30 2 33 6 32) 5 (1 54 2 59 3 52 4 65 6 57) 2 (1 8 4 6)
5 5 3 (1 58 4 41 5 70) 4 (1 7 2 7 5 6 7 9) 2 (1 62 7 55) 5 (3 68 4 57 5 52 6 48 7 68) 4 (1 39 3 30 6 44 7 47)
5 3 3 (2 36 4 40 7 43) 2 (1 80 4 87) 2 (3 21 6 18) 2 3 (3 8 5 8 7 7) 5 (1 6 2 7 5 8 6 8 7 8)
