15 7
10 9 12 10 10 14 13
1 3 4 2 3 1 2
5 3 3 (3 95 4 88 6 83) 5 (2 96 3 102 5 95 6 93 7 118) 4 (1 12 2 10 6 10 7 15) 2 4 (2 106 3 120 5 96 6 76) 4 (1 5 2 7 3 7 7 7)
5 4 5 (2 22 3 19 5 19 6 20 7 17) 2 (6 19 7 17) 2 (3 85 6 83) 3 (2 8 6 15 7 11) 1 4 (2 72 3 58 6 53 7 73)
5 3 5 (2 14 3 12 4 14 6 13 7 14) 5 (2 14 3 16 4 10 6 16 7 13) 2 (2 92 5 63) 2 3 (1 18 6 16 7 15) 4 (1 20 3 21 4 19 7 18)
5 3 3 (1 96 4 102 6 121) 5 (2 60 3 74 5 49 6 59 7 72) 4 (1 6 3 7 4 9 5 6) 2 4 (3 79 4 81 5 67 7 53) 2 (5 8 6 7)
5 2 3 (3 29 5 36 7 40) 3 (3 98 4 103 6 79) 3 4 (1 6 3 5 5 6 6 6) 4 (2 52 3 62 6 43 7 48) 4 (1 17 2 14 3 13 7 13)
5 2 4 (2 98 5 86 6 66 7 98) 2 (2 71 6 73) 3 3 (3 20 6 21 7 19) 4 (1 65 5 52 6 57 7 55) 4 (1 71 3 75 4 46 6 70)
5 3 2 (5 10 6 9) 3 (1 23 2 23 6 26) 4 (1 48 2 65 5 58 6 57) 2 5 (1 67 2 77 3 101 5 85 6 64) 3 (1 67 4 68 6 69)
5 5 3 (1 60 3 56 6 57) 3 (1 52 2 51 7 63) 2 (2 53 3 62) 2 (4 97 5 106) 3 (1 109 2 86 5 85)
5 3 4 (2 63 5 85 6 91 7 67) 5 (1 61 3 47 4 57 5 68 6 61) 3 (1 9 2 9 6 10) 2 3 (1 60 4 57 5 62) 5 (1 65 3 57 4 54 5 41 7 51)
5 2 3 (1 6 2 4 4 6) 4 (1 55 2 56 3 66 6 54) 3 3 (1 57 3 73 4 52) 4 (1 85 4 81 6 56 7 86) 3 (3 15 4 16 5 15)
5 2 5 (1 44 2 49 3 32 4 49 7 45) 3 (1 46 2 58 4 50) 3 2 (2 84 7 88) 4 (1 55 5 43 6 69 7 61) 3 (2 23 4 22 6 20)
5 4 5 (2 37 3 25 5 42 6 27 7 35) 5 (3 83 4 65 5 70 6 82 7 62) 2 (4 102 5 107) 3 (1 60 2 60 3 55) 1 4 (1 67 2 91 4 94 6 51)
5 3 4 (2 43 3 45 6 55 7 35) 4 (1 104 4 84 6 110 7 91) 2 (4 60 6 48) 2 3 (3 26 6 23 7 22) 4 (1 6 2 7 3 6 4 7)
5 2 3 (1 27 4 30 7 31) 5 (1 48 4 67 5 71 6 75 7 74) 3 4 (1 21 2 21 4 28 7 21) 5 (1 28 2 34 3 27 4 35 5 35) 5 (1 18 2 18 4 20 5 13 7 16)
5 2 2 (2 115 3 89) 2 (1 58 5 84) 3 4 (1 70 5 85 6 78 7 63) 2 (2 8 7 8) 3 (1 106 2 90 5 84)
