15 7
14 14 13 14 12 9 12
4 2 2 2 2 1 2
5 2 2 (5 75 7 73) 4 (4 85 5 86 6 77 7 85) 3 5 (1 90 3 72 4 82 5 83 6 65) 3 (4 68 5 87 6 77) 3 (1 24 3 20 5 16)
5 5 3 (5 53 6 49 7 52) 3 (1 57 3 54 7 66) 5 (1 40 2 31 3 46 4 43 7 42) 3 (2 12 6 12 7 11) 3 (2 25 6 19 7 30)
5 2 3 (3 82 5 98 6 92) 5 (2 73 3 85 4 74 5 71 7 65) 3 3 (1 64 3 76 5 90) 5 (1 69 2 65 4 68 6 57 7 68) 2 (6 43 7 46)
5 4 4 (2 18 3 17 4 15 6 16) 5 (1 57 2 65 3 69 4 68 7 59) 3 (3 57 6 49 7 45) 3 (1 85 3 45 4 86) 1 2 (2 56 7 46)
5 3 5 (1 71 4 71 5 56 6 74 7 79) 2 (6 63 7 73) 3 (1 55 3 29 6 32) 2 5 (1 80 3 103 5 100 6 100 7 65) 2 (3 77 6 91)
5 4 4 (1 78 2 73 3 84 7 53) 4 (3 31 4 21 6 26 7 26) 2 (1 48 5 41) 3 (2 29 4 22 5 24) 1 3 (1 54 3 62 4 63)
5 5 3 (1 9 3 8 6 13) 4 (2 11 3 14 4 19 7 17) 4 (2 59 5 82 6 57 7 75) 4 (1 9 2 11 4 8 7 12) 3 (5 55 6 86 7 64)
5 3 4 (3 69 4 71 5 76 6 66) 3 (2 99 4 96 7 104) 4 (1 82 2 100 4 79 7 124) 2 4 (3 38 5 29 6 39 7 28) 5 (1 61 2 84 4 74 5 99 6 83)
5 5 4 (1 90 2 87 5 121 6 99) 2 (1 44 5 37) 2 (5 52 6 50) 5 (1 71 2 62 5 90 6 87 7 61) 5 (1 84 2 89 3 81 6 96 7 100)
5 2 2 (3 38 4 34) 4 (3 78 4 79 5 88 7 90) 3 4 (2 26 3 31 4 25 5 31) 4 (1 96 3 72 4 83 6 55) 4 (1 54 3 55 6 56 7 75)
5 5 4 (3 44 4 50 5 43 6 53) 3 (1 35 5 39 7 52) 4 (4 68 5 81 6 72 7 65) 4 (2 63 4 94 5 66 7 53) 5 (1 83 2 97 4 98 6 109 7 94)
5 5 2 (3 16 5 15) 5 (1 26 2 21 3 26 5 21 7 23) 5 (2 31 4 61 5 63 6 79 7 91) 2 (6 132 7 102) 5 (1 60 2 42 3 43 5 65 6 41)
5 2 2 (3 39 5 32) 5 (1 77 2 65 5 93 6 86 7 68) 3 4 (3 88 4 80 5 91 6 56) 3 (4 102 5 96 7 107) 2 (5 43 7 71)
5 3 4 (2 52 3 73 4 44 6 66) 5 (2 9 3 10 4 10 5 9 6 8) 3 (2 6 5 8 7 5) 2 2 (3 14 5 14) 2 (3 109 4 107)
5 5 3 (3 30 5 38 6 36) 2 (4 98 6 72) 2 (1 14 4 16) 2 (4 88 7 69) 2 (5 40 7 46)
