15 7
14 9 14 13 10 10 12
2 1 4 4 4 2 3
5 4 4 (3 53 4 35 5 32 7 52) 3 (1 54 2 50 3 76) 3 (1 63 3 58 7 70) 3 (2 88 5 102 6 89) 1 2 (3 15 4 15)
5 3 3 (1 79 5 89 7 67) 5 (3 58 4 60 5 69 6 55 7 52) 3 (3 26 5 26 7 21) 2 3 (1 83 5 64 6 69) 3 (1 52 2 62 6 67)
5 3 2 (1 35 5 34) 5 (1 27 2 40 4 25 5 31 7 27) 3 (1 73 2 65 6 49) 2 4 (1 29 2 28 3 32 5 36) 3 (2 67 4 51 6 59)
5 2 2 (4 45 7 72) 3 (1 30 3 40 7 34) 3 2 (3 51 7 58) 3 (1 64 5 52 6 43) 5 (1 47 2 43 4 43 5 51 7 50)
5 5 4 (2 26 4 33 6 32 7 30) 5 (1 44 2 54 3 40 4 30 5 48) 3 (2 72 6 77 7 49) 3 (1 16 5 22 6 15) 3 (1 8 3 7 6 8)
5 5 5 (1 13 2 13 4 18 5 14 6 15) 4 (1 39 3 43 4 44 5 37) 5 (1 104 3 90 5 102 6 101 7 51) 2 (2 39 6 42) 5 (1 65 2 53 3 75 5 61 7 66)
5 5 3 (1 65 4 72 6 56) 4 (2 43 5 48 6 36 7 39) 3 (1 52 2 57 7 55) 5 (2 18 4 20 5 20 6 19 7 20) 2 (2 39 6 57)
5 3 2 (3 63 7 55) 2 (6 36 7 25) 2 (2 94 5 85) 2 2 (6 59 7 74) 4 (1 23 2 21 5 20 7 19)
5 2 4 (2 53 3 65 6 61 7 53) 2 (1 56 3 86) 3 3 (2 84 4 85 6 82) 5 (1 83 2 89 4 69 6 99 7 100) 5 (1 71 3 55 4 68 6 56 7 58)
5 3 3 (1 14 4 13 5 14) 4 (2 21 5 20 6 22 7 21) 2 (1 60 4 70) 2 3 (1 26 2 32 5 26) 4 (3 66 4 68 5 60 7 91)
5 4 2 (1 79 3 68) 4 (3 80 4 90 6 91 7 93) 4 (1 18 4 20 5 22 7 24) 5 (2 45 3 43 4 34 5 38 7 32) 1 2 (4 36 7 40)
5 2 3 (4 59 5 45 6 50) 3 (1 15 2 21 5 23) 3 3 (2 18 5 18 6 17) 4 (1 36 2 33 4 38 6 43) 3 (1 28 6 31 7 31)
5 2 3 (2 14 3 16 7 15) 4 (1 58 3 67 4 49 6 60) 3 5 (1 53 2 56 3 60 5 49 7 50) 4 (1 48 2 41 4 31 5 34) 4 (1 64 5 54 6 47 7 67)
5 5 3 (2 34 3 31 4 43) 5 (1 66 3 62 4 55 5 52 7 66) 4 (1 50 2 67 6 62 7 60) 4 (1 97 2 64 6 68 7 71) 2 (2 63 4 69)
5 4 4 (1 52 4 51 5 49 6 63) 4 (2 65 3 67 5 72 7 60) 2 (1 98 6 85) 3 (1 17 4 36 5 28) 1 5 (1 63 2 71 4 65 5 71 6 64)
