10 7
10 10 15 13 14 14 15
2 1 3 1 3 4 2
5 4 4 (1 13 2 10 6 11 7 15) 2 (4 99 6 97) 2 (1 90 4 107) 3 (2 105 3 116 6 108) 1 3 (1 7 5 6 6 6)
5 2 4 (3 20 4 14 6 21 7 18) 2 (1 12 2 8) 3 3 (1 89 2 63 5 63) 3 (3 22 5 18 6 21) 4 (1 75 3 90 5 87 7 56)
5 3 4 (1 14 4 15 5 13 6 13) 2 (2 80 7 96) 5 (2 15 3 12 4 14 6 14 7 13) 2 5 (1 15 2 15 5 17 6 15 7 18) 2 (4 20 7 24)
5 3 3 (2 93 5 99 6 77) 2 (2 62 7 57) 3 (1 8 2 7 4 7) 2 4 (1 7 3 5 4 9 5 6) 2 (1 52 3 84)
5 2 4 (2 46 5 43 6 34 7 50) 4 (1 6 2 6 3 7 6 5) 3 4 (1 91 2 72 4 90 7 94) 5 (1 13 4 12 5 17 6 17 7 17) 2 (4 31 7 38)
5 5 5 (1 78 2 66 3 86 5 76 7 89) 4 (1 16 2 23 3 19 4 25) 3 (1 56 6 75 7 86) 5 (1 85 2 95 5 100 6 101 7 92) 3 (1 64 3 45 7 46)
5 5 2 (2 65 4 64) 2 (5 77 7 82) 4 (1 58 3 47 5 34 7 48) 2 (5 24 7 31) 2 (5 9 7 10)
5 3 2 (1 88 6 100) 2 (6 68 7 71) 5 (1 56 2 52 3 70 4 74 6 56) 2 4 (1 102 3 85 4 81 7 123) 3 (2 52 6 55 7 66)
5 2 3 (2 56 5 53 6 66) 3 (1 8 4 10 6 10) 3 2 (1 56 4 53) 5 (1 48 2 62 5 59 6 55 7 53) 3 (1 80 3 103 4 75)
5 5 2 (2 64 5 59) 5 (2 5 3 6 4 3 5 5 6 4) 4 (2 56 3 56 4 53 6 60) 2 (2 17 3 15) 2 (3 98 7 86)
