15 7
8 12 9 11 15 12 10
2 3 2 2 2 2 1
5 3 2 (6 26 7 25) 2 (3 33 4 30) 5 (1 68 2 96 4 98 5 66 7 106) 2 5 (2 59 3 45 5 53 6 47 7 46) 2 (1 58 6 54)
5 4 5 (1 49 2 49 3 46 6 61 7 46) 4 (1 16 3 12 5 16 6 16) 2 (2 72 4 74) 3 (1 27 2 28 3 23) 1 3 (1 22 2 21 4 16)
5 5 4 (1 28 3 24 4 33 7 34) 4 (1 13 2 11 6 14 7 12) 5 (1 49 2 53 4 32 5 57 6 33) 3 (2 36 5 29 6 46) 3 (1 71 4 108 6 84)
5 2 4 (1 90 3 75 4 66 7 76) 2 (4 87 5 58) 3 2 (4 59 6 81) 4 (1 65 3 61 6 56 7 60) 3 (2 60 4 75 7 66)
5 5 5 (1 46 3 39 4 41 6 36 7 31) 5 (1 38 2 36 3 32 4 30 5 31) 3 (3 83 5 54 6 63) 5 (2 17 3 17 4 23 5 15 7 18) 3 (1 85 4 89 5 76)
5 5 5 (2 47 3 38 4 36 5 51 7 41) 5 (1 62 2 58 3 58 5 58 7 53) 4 (3 67 4 82 5 85 7 103) 4 (1 64 2 54 3 69 5 59) 5 (2 74 3 82 4 93 6 60 7 85)
5 2 2 (2 90 3 94) 3 (1 73 3 80 6 71) 3 3 (3 89 5 81 7 75) 2 (3 76 4 83) 5 (1 76 3 109 4 108 5 61 6 72)
5 3 2 (5 51 7 76) 2 (3 39 5 37) 4 (1 39 5 38 6 43 7 39) 2 2 (1 92 2 86) 2 (4 24 7 20)
5 5 5 (2 111 4 98 5 93 6 93 7 107) 2 (4 20 7 18) 2 (2 22 6 29) 3 (1 43 3 46 5 46) 3 (1 56 4 46 7 53)
5 4 3 (1 88 3 84 6 118) 2 (2 77 3 89) 2 (3 68 7 55) 4 (1 83 3 69 5 73 7 54) 1 2 (2 41 3 46)
5 3 5 (3 32 4 32 5 28 6 27 7 25) 3 (3 39 4 33 6 39) 4 (1 102 5 79 6 80 7 83) 2 3 (1 70 4 87 5 79) 4 (1 6 4 6 5 7 7 8)
5 2 3 (3 55 5 68 7 58) 3 (2 11 6 11 7 13) 3 3 (1 107 3 84 5 92) 2 (4 8 6 8) 2 (5 33 6 22)
5 2 2 (6 29 7 65) 3 (3 18 4 16 7 19) 3 2 (2 83 5 82) 3 (3 63 4 49 6 54) 2 (5 26 6 49)
5 5 3 (2 38 6 52 7 43) 2 (1 43 3 55) 4 (1 31 3 30 6 30 7 25) 3 (4 25 6 29 7 24) 2 (3 60 7 41)
5 4 5 (1 109 3 83 4 84 6 91 7 73) 5 (1 48 3 38 5 47 6 48 7 30) 4 (1 28 3 31 4 44 6 31) 3 (1 9 2 7 5 9) 1 3 (1 39 2 43 3 40)
