10 10
12 8 13 14 12 13 9 15 14 9
3 1 2 4 1 3 3 3 2 1
10 5 2 (1 59 2 77) 2 (7 23 10 14) 7 (1 21 5 23 6 25 7 33 8 23 9 22 10 27) 6 (1 51 2 71 4 100 8 71 9 84 10 92) 5 (1 45 2 48 5 38 6 52 10 51) 5 7 (1 41 2 38 3 31 6 36 7 41 9 46 10 46) 3 (3 92 6 73 10 97) 5 (1 94 2 105 5 89 6 86 7 48) 6 (1 27 2 28 6 28 7 22 9 23 10 29) 6 (2 47 5 53 6 59 7 77 9 69 10 57)
10 9 3 (1 55 6 40 7 38) 3 (1 125 8 90 9 115) 7 (1 117 2 74 3 93 5 99 7 80 8 113 9 79) 2 (5 22 9 22) 7 (1 85 2 103 4 69 6 94 8 97 9 96 10 88) 6 (2 29 3 28 5 28 7 28 9 29 10 34) 7 (2 51 4 65 5 43 6 68 8 67 9 49 10 53) 7 (2 74 3 74 5 96 6 102 8 87 9 93 10 100) 7 (1 56 3 81 4 95 5 49 6 56 8 87 9 81) 1 3 (3 74 6 87 8 68)
10 10 7 (1 43 2 62 3 41 5 54 6 47 7 38 9 46) 6 (1 44 2 47 3 37 4 52 8 42 10 50) 3 (5 18 7 17 9 18) 2 (2 26 5 24) 7 (1 34 2 29 5 34 6 43 7 30 9 46 10 41) 3 (1 71 2 78 5 73) 7 (2 48 4 42 5 39 6 32 8 40 9 46 10 44) 7 (1 31 2 41 4 24 5 38 6 33 7 32 10 32) 7 (1 50 2 68 4 96 6 83 7 72 8 66 9 65) 4 (4 85 5 89 7 106 8 112)
10 8 2 (2 112 10 67) 6 (1 72 3 65 5 86 7 73 8 75 10 73) 2 (7 78 8 58) 2 (5 97 8 77) 3 (2 34 4 43 9 34) 4 (5 75 6 49 7 77 8 65) 4 (1 53 4 68 7 57 10 39) 6 (3 32 6 28 7 31 8 22 9 27 10 32) 2 7 (1 81 2 76 3 95 4 83 5 65 6 76 8 71) 2 (6 75 8 100)
10 9 3 (1 56 2 68 5 73) 5 (3 17 4 19 7 20 9 20 10 22) 5 (2 25 3 25 4 28 6 24 9 24) 2 (6 57 9 59) 3 (2 88 4 95 10 86) 2 (1 46 8 48) 2 (3 36 8 30) 6 (4 100 5 118 6 98 7 112 8 113 9 90) 7 (3 59 4 48 5 38 6 61 7 49 9 51 10 53) 1 5 (2 93 6 82 8 103 9 83 10 99)
10 5 6 (4 82 5 79 7 75 8 88 9 96 10 80) 4 (2 79 5 65 8 69 9 62) 5 (3 49 5 41 7 36 9 53 10 39) 2 (5 73 9 107) 7 (2 56 4 62 5 58 7 67 8 61 9 54 10 71) 5 7 (2 84 4 99 6 96 7 87 8 74 9 98 10 71) 7 (1 22 2 23 3 23 4 24 6 23 9 19 10 21) 2 (2 53 6 61) 3 (1 85 3 61 6 79) 6 (1 37 2 64 3 59 5 74 7 66 10 64)
10 8 4 (1 77 3 82 5 79 8 92) 2 (5 67 9 56) 2 (4 51 5 58) 5 (1 68 2 65 5 98 7 93 9 81) 5 (1 85 3 72 5 74 6 63 8 68) 5 (1 41 2 40 4 28 9 34 10 28) 3 (6 30 8 19 10 29) 5 (1 39 5 57 6 59 7 51 9 48) 2 2 (3 62 5 49) 3 (1 51 2 66 7 64)
10 8 3 (5 18 6 23 8 21) 6 (2 68 3 74 6 88 7 92 9 87 10 92) 6 (1 22 3 22 4 18 5 16 6 21 8 25) 6 (1 83 2 76 4 88 5 62 8 97 9 77) 3 (4 71 7 65 8 56) 5 (3 31 4 40 7 32 8 43 9 32) 3 (1 27 4 29 6 31) 5 (3 75 4 69 8 94 9 82 10 76) 2 6 (2 39 3 25 4 30 6 24 7 26 8 27) 6 (1 46 3 42 4 58 5 36 6 43 8 48)
10 9 7 (1 82 3 75 4 78 5 61 6 76 9 65 10 66) 7 (1 57 3 66 4 69 7 68 8 71 9 76 10 68) 3 (2 109 3 108 10 116) 5 (1 75 3 91 4 97 5 114 6 103) 3 (3 68 5 70 8 50) 7 (1 59 3 60 4 71 5 63 6 60 7 71 9 67) 3 (4 74 5 69 9 76) 5 (1 81 3 128 5 123 7 101 10 86) 2 (1 50 2 56) 1 6 (1 67 4 85 5 84 6 72 7 79 10 60)
10 9 6 (1 28 2 31 3 32 4 25 5 42 6 24) 5 (4 45 5 48 6 55 8 35 10 51) 4 (1 31 4 33 5 32 10 28) 7 (1 68 2 63 3 70 6 70 8 64 9 48 10 62) 3 (2 66 5 81 7 81) 7 (1 38 3 34 4 30 6 38 7 31 8 36 9 28) 3 (7 97 8 89 10 85) 2 (1 35 10 34) 6 (1 46 2 45 3 48 8 42 9 46 10 38) 1 6 (1 48 2 49 3 36 8 52 9 51 10 36)
