15 15
12 10 13 10 8 9 12 9 15 14 11 9 11 14 13
4 2 2 3 4 1 3 1 4 3 3 2 2 3 2
15 7 9 (2 56 4 69 5 57 6 86 8 66 11 55 12 74 13 67 14 76) 5 (3 33 6 27 7 24 8 26 12 29) 6 (2 77 8 75 10 73 11 77 12 54 15 90) 3 (9 44 11 30 13 22) 5 (2 49 3 48 4 40 5 58 11 57) 8 (1 74 2 71 5 74 7 64 9 71 11 58 12 57 14 61) 8 (2 65 3 62 5 80 7 68 8 69 10 59 13 84 15 74) 8 10 (2 37 3 35 5 38 6 29 7 23 8 37 9 41 12 25 13 29 15 38) 5 (2 18 5 15 11 12 13 14 14 16) 9 (1 89 3 74 4 65 5 77 7 86 8 91 9 76 13 71 15 75) 10 (1 34 3 36 4 36 6 32 7 36 9 36 11 40 12 34 13 39 15 35) 4 (4 60 8 58 9 48 14 60) 5 (1 34 4 36 7 34 9 35 11 36) 10 (2 36 3 49 4 58 6 48 7 60 9 66 10 43 11 64 14 48 15 68) 10 (1 29 3 26 6 24 7 25 8 26 10 28 12 29 13 23 14 30 15 30)
15 15 4 (7 53 8 61 11 80 13 54) 10 (1 52 2 53 4 58 5 65 6 36 7 46 9 50 11 58 13 60 15 51) 10 (1 70 3 90 4 90 7 73 8 82 10 78 12 105 13 75 14 84 15 88) 3 (6 30 9 38 14 32) 10 (3 6 4 8 5 7 7 6 8 6 9 6 10 6 11 6 12 5 14 6) 7 (1 61 2 49 4 56 6 48 8 58 9 45 14 50) 6 (3 57 7 90 10 89 13 75 14 79 15 59) 6 (3 6 5 9 7 6 11 6 13 7 14 7) 3 (1 79 11 104 14 108) 9 (1 20 4 24 5 22 6 21 7 23 9 19 10 20 11 18 15 21) 5 (8 25 9 27 11 24 13 18 14 25) 10 (1 11 4 9 6 12 7 9 8 11 11 7 12 9 13 9 14 10 15 6) 5 (1 32 5 33 9 44 12 42 14 54) 8 (1 46 2 59 4 42 5 44 9 50 10 56 12 49 13 49) 10 (1 52 2 70 3 80 4 74 5 79 7 70 8 91 9 82 13 54 14 57)
15 10 8 (1 81 2 58 7 56 8 81 9 69 10 56 13 79 15 77) 4 (1 91 2 86 10 79 14 82) 2 (2 20 8 25) 10 (2 59 3 57 4 59 5 72 7 57 8 73 9 69 10 67 14 65 15 58) 6 (1 73 4 85 5 90 7 66 10 83 13 82) 3 (8 21 12 18 13 21) 3 (4 64 9 69 13 73) 9 (2 79 3 65 4 85 6 73 7 69 8 69 9 83 12 62 15 78) 3 (5 50 10 50 12 51) 8 (1 87 2 75 3 94 7 96 9 80 11 94 13 96 14 77) 5 2 (7 97 14 80) 8 (3 54 4 93 5 87 8 69 9 66 12 86 14 67 15 88) 9 (2 63 3 62 5 69 6 75 8 68 9 63 11 75 13 73 14 68) 8 (1 23 2 23 5 24 10 30 11 25 12 23 13 23 14 32) 10 (1 63 2 54 3 100 4 108 5 87 7 99 8 67 9 85 10 80 15 74)
15 9 10 (1 12 2 14 3 8 4 13 5 14 9 17 10 11 12 15 13 14 14 10) 4 (3 53 4 48 6 42 11 41) 2 (7 29 12 44) 10 (1 15 3 18 6 16 7 13 9 10 10 19 11 16 12 15 13 16 15 15) 3 (6 78 13 51 15 64) 7 (4 82 5 94 6 88 9 92 11 105 12 115 15 86) 7 (3 89 4 81 5 80 6 109 7 77 12 106 14 102) 2 (2 13 11 14) 10 (1 36 2 41 3 43 5 35 7 50 8 44 10 38 11 41 12 39 13 45) 6 2 (1 22 5 20) 3 (2 17 6 11 15 15) 4 (1 30 7 23 13 24 14 24) 8 (1 6 2 6 3 5 4 7 8 6 9 6 14 7 15 7) 7 (2 83 5 104 10 88 11 71 12 97 14 76 15 90) 9 (1 36 2 41 3 30 5 44 6 51 8 40 10 37 12 44 13 42)
15 10 3 (7 117 8 124 11 128) 5 (1 7 2 6 7 8 12 8 14 8) 4 (2 100 4 74 9 68 14 94) 7 (1 15 2 15 3 15 7 16 12 12 13 15 14 13) 3 (2 73 10 83 12 47) 8 (1 35 3 41 4 35 6 42 7 37 8 46 9 45 11 56) 6 (2 31 5 28 8 22 9 31 11 29 14 28) 2 (1 20 12 20) 5 (5 33 9 52 11 42 12 37 15 54) 10 (1 98 2 104 4 104 5 103 7 122 8 100 9 81 11 93 12 96 13 84) 5 2 (8 23 12 17) 6 (2 92 6 82 8 87 10 103 11 75 12 88) 9 (3 72 6 72 7 74 9 73 11 93 12 65 13 83 14 82 15 84) 9 (4 29 5 22 6 29 7 24 9 29 10 33 11 18 12 22 13 23) 2 (6 39 15 30)
15 8 2 (7 88 12 81) 6 (1 104 7 87 10 98 12 98 14 90 15 100) 2 (13 115 14 63) 10 (2 21 3 15 5 12 6 11 7 14 8 10 9 13 12 17 13 16 15 14) 10 (1 48 2 53 3 39 4 27 7 43 8 49 9 48 11 47 13 45 15 45) 4 (1 56 2 59 10 59 13 59) 5 (4 55 6 63 9 55 11 67 14 61) 5 (3 14 4 14 12 13 14 15 15 17) 7 10 (1 63 5 55 6 65 7 64 8 72 9 55 12 65 13 79 14 79 15 64) 4 (3 14 4 16 5 20 9 19) 2 (7 100 11 99) 9 (1 34 2 37 8 38 9 33 11 35 12 26 13 37 14 31 15 37) 2 (6 74 8 71) 9 (1 7 4 4 5 6 7 4 11 5 12 4 13 4 14 5 15 5) 10 (1 47 2 57 3 47 5 47 6 33 7 60 8 49 11 42 14 58 15 47)
15 13 4 (6 13 10 13 14 15 15 14) 3 (6 63 11 90 13 83) 2 (4 24 11 23) 3 (4 46 5 43 14 49) 3 (2 49 10 71 12 79) 2 (3 50 14 57) 5 (3 106 4 120 6 84 11 87 15 103) 3 (4 24 8 21 9 26) 7 (2 59 4 57 6 53 9 58 10 56 12 47 13 53) 4 (1 44 10 37 12 51 13 46) 8 (2 80 4 61 6 63 7 69 8 74 10 67 11 72 12 69) 5 (1 47 9 44 10 54 11 49 15 53) 6 (2 7 4 9 8 7 10 7 13 9 15 8) 2 5 (4 28 10 27 11 29 12 28 13 29) 3 (2 107 6 102 12 106)
15 13 9 (1 43 5 75 6 54 7 54 8 48 9 51 12 35 13 58 15 58) 7 (1 27 2 21 3 25 5 26 7 21 8 21 11 19) 7 (3 11 4 10 6 12 9 13 12 15 13 14 14 17) 5 (3 38 4 35 6 33 10 42 13 27) 9 (1 31 2 40 3 39 6 37 7 35 8 38 11 44 13 38 14 40) 6 (5 44 9 46 11 45 12 46 13 55 15 51) 5 (8 59 10 53 12 51 14 58 15 51) 8 (2 41 3 37 4 32 8 49 10 29 13 30 14 43 15 27) 9 (4 62 5 37 6 44 8 43 10 48 11 52 12 31 13 50 15 50) 7 (1 87 3 95 4 74 7 113 12 81 13 80 15 113) 7 (3 60 4 71 9 64 10 61 12 71 13 49 15 62) 3 (1 68 3 87 14 68) 9 (1 22 2 25 3 21 5 26 8 22 10 22 13 22 14 25 15 19) 2 3 (3 27 5 27 7 23) 4 (2 69 3 88 10 84 12 70)
15 8 6 (1 10 4 17 5 12 10 14 12 10 15 14) 7 (3 68 4 68 8 76 10 87 11 91 13 76 15 86) 8 (1 26 6 26 7 29 9 32 12 31 13 27 14 25 15 16) 5 (4 27 5 22 6 26 7 22 12 22) 10 (1 27 2 30 4 23 5 31 6 28 7 30 8 27 9 26 10 33 14 27) 5 (2 58 4 82 7 78 10 67 15 83) 2 (9 31 15 35) 9 (3 47 4 44 6 45 7 41 8 47 11 48 12 44 13 47 15 37) 7 9 (1 53 3 67 4 69 5 52 6 56 8 58 9 60 10 82 13 71) 9 (4 15 6 16 7 18 8 15 9 16 10 15 12 13 14 19 15 14) 8 (1 8 3 11 4 11 5 8 7 8 11 9 14 9 15 10) 7 (1 70 2 63 7 70 9 69 10 80 11 45 14 65) 5 (1 57 4 51 8 40 9 48 11 49) 5 (2 46 4 39 11 35 12 41 15 35) 8 (1 62 3 46 8 59 9 53 10 63 13 58 14 66 15 62)
15 8 5 (3 97 5 87 8 87 9 90 11 85) 2 (8 7 12 12) 5 (2 86 3 74 10 92 12 76 15 74) 9 (2 52 3 59 4 57 5 52 7 38 11 50 13 46 14 56 15 56) 7 (1 52 2 46 7 35 8 54 10 48 14 47 15 59) 8 (2 78 3 107 4 68 7 80 8 69 9 78 12 100 14 73) 10 (3 83 5 82 6 81 8 67 9 69 10 67 12 91 13 69 14 53 15 56) 9 (1 22 4 24 5 19 6 23 8 23 9 27 12 24 13 33 15 23) 7 10 (3 12 5 9 6 13 7 13 8 11 9 14 10 14 11 14 14 13 15 15) 4 (5 66 11 80 12 79 15 55) 6 (1 63 2 46 8 48 9 45 11 41 14 46) 7 (1 53 2 35 4 39 8 50 9 48 12 50 14 38) 3 (2 15 11 15 13 16) 4 (1 57 7 57 12 54 14 60) 9 (1 71 2 68 3 78 4 99 8 88 12 86 13 102 14 69 15 99)
15 7 9 (2 58 3 48 5 32 6 43 7 51 8 57 13 51 14 53 15 58) 8 (3 19 4 16 7 16 8 21 9 25 11 27 13 23 15 19) 10 (1 52 3 47 4 43 5 62 6 68 8 67 9 49 10 69 14 59 15 46) 8 (1 41 4 39 5 40 7 40 8 47 12 40 14 47 15 44) 6 (4 59 6 66 8 71 9 66 13 77 14 95) 9 (1 14 3 18 4 19 5 15 6 15 7 14 12 16 13 18 14 16) 10 (1 6 2 6 3 4 5 8 7 6 9 7 10 7 11 6 14 6 15 6) 8 7 (3 88 4 97 5 80 6 93 12 89 14 92 15 98) 10 (1 102 3 118 4 84 6 91 8 72 9 91 11 88 13 89 14 102 15 80) 3 (5 84 8 69 13 89) 8 (2 53 4 52 8 59 11 65 12 52 13 62 14 50 15 66) 7 (3 59 5 75 7 102 9 64 10 94 11 68 15 85) 2 (2 29 8 23) 2 (4 33 12 48) 3 (2 100 5 95 8 107)
15 10 7 (1 96 2 83 5 83 6 88 7 84 10 77 12 89) 5 (2 33 4 41 6 38 7 35 11 46) 9 (2 24 3 19 5 19 6 23 7 25 8 21 10 19 12 19 15 22) 8 (1 8 4 10 6 9 7 10 10 9 11 8 13 9 15 10) 5 (1 55 2 51 4 47 6 40 11 45) 2 (7 79 10 74) 9 (3 57 4 69 5 50 6 76 9 73 10 89 11 72 13 80 15 81) 9 (3 30 4 31 7 36 8 43 9 40 12 47 13 35 14 33 15 40) 10 (3 33 4 36 5 36 6 25 7 27 8 34 9 26 12 30 14 17 15 38) 5 (5 133 8 89 9 110 12 91 13 124) 5 2 (3 69 9 76) 7 (1 6 4 7 5 9 8 7 11 8 12 8 14 7) 7 (1 56 2 65 4 40 5 72 11 48 12 71 15 50) 8 (3 6 6 5 8 6 9 7 10 5 11 6 13 8 14 6) 9 (1 31 2 33 5 23 6 25 7 27 10 31 11 34 12 35 14 40)
15 14 3 (1 40 12 39 14 49) 8 (2 72 4 66 7 80 8 76 9 80 11 81 12 83 15 71) 7 (1 72 2 69 5 73 6 87 8 80 12 84 15 74) 4 (2 70 3 71 5 79 11 72) 5 (6 99 10 84 11 90 12 69 14 100) 10 (1 101 2 77 4 111 6 79 7 97 8 110 9 96 10 91 12 92 13 89) 5 (3 81 6 75 9 81 13 69 14 71) 8 (3 31 4 28 6 28 7 22 9 36 11 32 13 26 14 34) 6 (1 34 6 40 7 44 10 37 11 38 14 37) 9 (1 44 4 64 5 54 8 47 9 55 10 56 11 64 13 49 15 44) 6 (3 7 6 7 7 6 9 8 12 6 14 7) 9 (2 22 4 31 5 32 8 23 9 40 10 30 12 38 14 45 15 41) 6 (2 78 6 74 9 78 10 84 11 79 12 58) 7 (3 59 4 60 8 70 10 45 11 60 12 47 15 54) 1 10 (1 73 3 78 4 61 5 45 6 72 7 71 8 71 9 83 12 85 13 80)
15 13 5 (2 84 4 79 8 116 11 89 15 119) 3 (6 37 7 39 15 30) 8 (2 47 3 57 5 49 9 53 10 48 11 53 14 61 15 61) 5 (4 31 6 23 7 29 9 34 14 24) 4 (3 24 4 25 5 27 8 27) 8 (1 35 4 34 5 31 6 36 7 35 8 26 10 38 14 35) 3 (3 68 5 93 15 102) 6 (1 32 5 31 8 29 9 29 10 28 15 29) 5 (1 64 3 67 4 60 14 86 15 72) 5 (3 47 6 46 9 44 10 42 12 37) 9 (2 41 4 61 6 43 7 44 8 53 9 46 10 41 11 46 12 52) 6 (1 55 2 53 3 58 7 76 9 53 14 57) 6 (2 43 3 41 4 42 5 42 8 41 13 43) 2 9 (1 99 3 126 4 115 6 98 7 103 8 78 11 107 13 64 15 98) 9 (1 100 3 105 5 112 6 96 7 90 10 84 11 98 13 96 15 86)
15 7 10 (2 79 3 76 4 77 5 41 6 71 7 70 8 67 11 78 12 79 14 76) 5 (7 19 11 15 13 14 14 18 15 18) 5 (4 81 5 93 8 86 9 74 10 87) 10 (1 44 2 46 3 53 4 73 5 77 9 59 10 74 13 74 14 76 15 70) 6 (2 15 5 15 9 15 11 14 13 15 14 15) 10 (1 26 2 27 3 25 5 28 7 22 10 27 11 24 12 24 13 17 14 26) 3 (5 17 8 22 13 24) 8 7 (1 15 3 14 6 22 7 22 8 22 11 21 14 20) 10 (1 36 2 45 3 42 4 50 5 50 7 36 11 56 12 27 13 49 15 39) 3 (8 79 10 90 12 93) 8 (1 26 2 29 4 26 5 23 6 27 11 27 12 24 14 21) 3 (1 37 2 36 10 43) 10 (1 54 3 64 4 98 7 70 9 92 10 106 11 91 12 118 13 91 14 92) 6 (4 76 5 83 8 90 12 112 13 92 14 72) 4 (6 43 7 40 14 38 15 50)
