20 10
13 9 10 9 8 9 15 8 8 13
4 1 4 4 3 3 2 3 2 1
5 4 4 (3 26 4 16 5 21 6 23) 7 (1 88 4 99 5 80 6 84 8 89 9 71 10 90) 2 (4 68 6 60) 7 (1 42 2 41 3 44 4 30 5 50 6 43 8 43) 1 6 (1 38 2 41 5 39 7 40 9 31 10 38)
5 2 4 (2 56 3 47 5 41 8 50) 7 (1 40 2 46 3 35 4 41 6 46 8 32 9 46) 3 7 (2 27 3 26 4 26 6 30 7 22 9 30 10 24) 5 (2 25 5 17 7 21 8 23 10 15) 2 (1 24 8 24)
5 2 6 (2 15 4 15 6 18 8 14 9 16 10 16) 5 (1 63 2 45 5 37 8 44 9 55) 3 5 (1 41 3 54 6 55 7 33 9 45) 3 (5 30 6 34 9 42) 2 (2 53 5 51)
5 2 3 (2 74 6 77 8 73) 5 (2 55 3 55 5 58 8 53 10 48) 3 4 (4 34 5 40 8 33 9 35) 7 (1 49 2 70 3 99 5 76 7 83 9 85 10 72) 6 (3 41 4 50 5 52 7 51 8 53 9 44)
5 4 4 (1 61 2 65 6 57 8 57) 3 (1 60 2 63 8 63) 4 (1 21 4 22 5 29 6 34) 2 (6 74 9 70) 1 7 (2 37 3 76 4 60 5 60 6 58 7 51 8 59)
5 3 4 (3 116 5 89 6 94 9 86) 4 (1 79 2 85 6 60 10 74) 7 (2 15 3 9 6 13 7 8 8 8 9 11 10 15) 2 3 (2 59 7 86 10 58) 7 (2 87 3 85 4 92 6 80 7 81 8 69 10 83)
5 3 7 (1 54 4 74 6 65 7 73 8 62 9 65 10 50) 6 (2 81 3 91 4 91 6 101 8 97 10 116) 5 (2 33 3 35 5 26 7 37 9 25) 2 4 (2 24 5 21 6 22 7 14) 3 (1 19 2 21 6 18)
5 3 2 (6 8 9 7) 3 (4 30 7 23 9 23) 2 (2 54 8 36) 2 4 (3 32 5 30 7 43 8 35) 5 (3 95 4 104 6 76 7 78 9 100)
5 2 7 (1 7 4 5 5 7 6 6 8 7 9 9 10 8) 7 (1 62 2 54 3 64 4 59 6 57 7 61 10 54) 3 5 (1 44 3 50 4 42 5 25 10 40) 6 (1 67 2 50 4 55 6 50 8 58 10 51) 3 (4 43 6 47 8 60)
5 3 6 (2 17 3 20 5 16 6 13 9 16 10 20) 2 (1 38 6 41) 4 (2 6 4 5 6 6 7 6) 2 2 (2 7 10 9) 7 (2 77 3 78 5 80 6 102 7 77 8 71 9 87)
5 2 3 (2 80 6 58 9 75) 5 (1 78 2 52 3 64 6 57 10 90) 3 7 (2 68 3 76 5 109 6 119 7 101 8 118 9 103) 3 (6 39 8 52 9 50) 2 (3 6 10 6)
5 3 5 (1 48 2 42 7 40 8 45 9 45) 6 (3 53 4 74 6 56 8 80 9 56 10 47) 7 (2 15 3 13 4 16 5 13 7 15 8 16 9 14) 2 2 (5 98 8 76) 6 (1 71 2 73 3 68 4 70 6 63 9 89)
5 5 6 (2 53 3 72 4 93 6 88 7 66 9 76) 2 (9 32 10 26) 4 (1 83 4 74 5 65 9 77) 5 (1 5 2 4 4 6 5 6 8 6) 2 (7 93 9 88)
5 2 7 (3 46 4 41 5 37 7 26 8 42 9 41 10 48) 6 (1 17 2 18 3 17 4 23 6 27 8 19) 3 6 (2 56 4 91 6 79 7 67 8 81 10 86) 7 (2 31 3 20 4 24 5 27 6 27 8 26 9 17) 7 (1 41 2 45 5 42 7 40 8 42 9 41 10 45)
5 5 4 (1 15 5 16 6 12 7 15) 6 (1 86 2 68 4 76 8 82 9 92 10 91) 5 (4 6 6 8 8 8 9 9 10 9) 7 (1 12 2 14 3 15 5 14 7 14 8 11 10 11) 2 (1 23 9 16)
5 4 3 (6 27 9 30 10 32) 6 (1 42 2 45 3 40 4 42 7 44 8 41) 6 (1 68 2 73 3 88 4 99 6 88 7 91) 3 (1 25 2 26 8 19) 1 3 (1 60 9 57 10 66)
5 4 2 (2 70 10 67) 3 (3 43 4 43 5 36) 3 (3 58 6 69 10 61) 3 (1 121 6 92 9 96) 1 7 (1 44 2 27 4 40 6 38 7 25 8 43 10 44)
5 3 7 (1 32 2 42 3 42 4 38 6 33 7 31 9 38) 4 (5 22 7 15 9 19 10 19) 7 (1 28 2 23 3 17 4 21 5 26 6 20 10 21) 2 5 (1 3 4 3 6 4 7 6 9 7) 6 (1 12 3 9 5 15 6 10 8 9 10 11)
5 2 4 (3 61 4 63 6 71 7 77) 3 (1 66 4 73 6 65) 3 7 (1 85 2 79 3 106 4 86 6 97 8 60 9 102) 2 (3 78 7 130) 6 (1 112 2 98 5 89 6 96 7 104 9 102)
5 2 2 (1 17 3 17) 6 (1 22 2 25 3 22 4 27 7 26 10 18) 3 2 (6 15 7 13) 7 (1 38 2 37 3 45 6 45 7 36 9 27 10 28) 2 (2 8 6 8)
