10 10
12 12 10 11 10 11 11 11 13 10
3 1 3 1 4 4 3 4 4 2
10 6 3 (6 102 7 96 10 87) 4 (3 65 5 77 9 93 10 77) 2 (4 78 7 115) 3 (6 95 7 89 10 108) 5 (2 78 5 68 6 84 7 75 9 70) 2 (1 95 4 86) 4 4 (1 79 2 96 4 68 8 66) 4 (2 90 4 103 8 66 10 90) 5 (1 95 5 70 6 70 8 94 10 87) 6 (2 82 3 79 5 114 7 82 8 108 10 100)
10 6 5 (2 68 6 83 7 67 9 81 10 71) 7 (1 55 3 38 5 69 6 55 7 47 8 59 10 43) 7 (1 74 2 85 5 66 7 74 8 68 9 64 10 81) 6 (1 77 4 77 5 67 6 60 8 58 10 90) 7 (2 109 3 70 4 92 6 92 7 118 8 86 10 102) 6 (1 46 2 53 4 47 6 65 7 61 9 40) 4 6 (2 91 3 102 4 98 5 81 8 100 10 91) 7 (1 87 2 82 3 94 4 47 6 88 8 98 10 73) 6 (1 81 5 87 6 91 7 88 9 80 10 91) 2 (2 65 4 67)
10 7 4 (1 77 5 94 7 83 9 84) 6 (2 63 4 58 5 60 6 65 8 62 9 68) 2 (6 88 8 94) 4 (1 67 3 68 7 100 8 53) 7 (1 57 2 64 3 66 5 80 7 61 8 72 10 73) 5 (1 97 4 94 6 100 7 90 10 66) 5 (1 74 2 75 5 65 6 71 7 96) 3 4 (2 87 4 72 7 98 10 74) 7 (1 49 2 56 3 46 4 46 5 47 9 66 10 46) 5 (1 92 5 76 7 63 8 99 10 82)
10 8 5 (3 121 4 94 5 74 6 126 8 119) 5 (3 57 4 57 6 56 9 75 10 75) 2 (5 78 6 70) 2 (7 113 8 82) 6 (1 59 4 54 5 61 6 54 8 65 10 71) 6 (1 81 2 80 4 91 5 72 7 87 8 89) 3 (1 62 3 55 7 78) 3 (3 55 4 92 5 72) 2 6 (1 68 3 48 5 65 6 67 8 62 10 68) 2 (6 56 7 73)
10 9 2 (6 60 9 63) 5 (2 86 3 89 4 90 9 92 10 93) 4 (2 102 3 79 5 75 10 72) 7 (1 124 4 83 5 75 7 90 8 86 9 85 10 92) 2 (2 101 3 74) 2 (1 50 6 74) 3 (7 78 8 101 9 96) 5 (2 48 3 60 4 68 7 62 9 86) 6 (1 64 2 73 3 51 7 68 9 61 10 72) 1 5 (3 75 7 112 8 76 9 91 10 87)
10 6 3 (4 86 9 108 10 87) 7 (1 89 3 79 5 87 6 79 8 74 9 62 10 82) 5 (1 66 4 62 5 62 7 76 10 72) 7 (1 69 4 57 6 65 7 54 8 69 9 72 10 62) 4 (2 91 3 76 7 88 10 91) 3 (1 90 7 57 10 109) 4 5 (1 70 2 68 6 77 8 74 10 71) 7 (2 57 4 74 5 54 6 65 7 69 8 59 9 64) 6 (2 56 4 98 5 103 6 90 7 78 10 74) 3 (1 115 2 75 7 81)
10 9 5 (1 54 2 49 3 61 4 50 10 46) 6 (1 94 3 94 6 84 7 107 8 91 9 78) 3 (1 96 2 106 3 61) 4 (3 128 4 96 5 83 8 76) 2 (7 119 8 98) 3 (2 90 7 86 10 54) 4 (5 68 7 62 8 56 10 68) 5 (2 79 3 57 5 85 6 99 8 100) 4 (2 46 4 59 6 53 9 60) 1 7 (1 79 2 70 3 70 5 64 6 81 7 78 9 83)
10 6 4 (2 125 7 100 9 84 10 82) 7 (2 85 3 61 4 83 5 65 6 75 7 76 9 79) 5 (3 79 4 92 5 57 7 91 8 81) 4 (3 32 7 53 8 53 9 34) 4 (1 101 2 80 3 59 4 80) 6 (2 112 3 94 5 93 6 90 8 75 10 90) 4 7 (1 109 3 77 5 95 7 71 8 100 9 75 10 78) 3 (2 55 5 64 10 82) 6 (1 80 5 92 6 107 7 94 8 101 9 97) 6 (2 73 3 88 5 73 6 85 8 76 10 89)
10 8 5 (2 102 6 95 7 104 8 90 9 103) 7 (3 69 4 83 5 78 7 68 8 78 9 61 10 83) 3 (3 88 5 71 7 94) 5 (1 90 2 93 3 78 8 78 9 84) 7 (1 39 2 60 3 51 5 73 6 73 9 66 10 65) 4 (2 86 4 90 6 93 7 95) 6 (1 76 4 78 6 82 7 54 9 88 10 84) 4 (1 43 4 57 5 65 9 54) 2 3 (3 90 4 98 6 108) 7 (1 76 2 90 3 108 6 118 7 74 8 87 10 87)
10 10 7 (1 42 2 39 3 60 4 48 5 52 7 51 9 52) 2 (1 62 2 65) 3 (2 66 6 90 9 102) 4 (1 68 3 65 6 50 8 57) 6 (2 53 3 59 5 53 6 52 8 45 9 60) 5 (3 92 5 102 8 84 9 71 10 91) 2 (3 67 4 68) 3 (2 62 3 94 5 78) 7 (1 47 3 63 4 50 5 58 6 69 8 63 9 48) 2 (4 91 7 110)
