15 7
14 13 12 10 9 15 11
1 2 4 2 2 2 3
5 2 4 (2 53 3 63 4 41 5 39) 2 (2 52 6 40) 3 2 (2 5 7 6) 2 (3 10 5 8) 3 (1 40 2 59 5 74)
5 3 3 (1 77 4 79 7 100) 2 (1 72 3 108) 5 (1 91 3 104 4 78 5 71 7 105) 2 4 (1 98 3 55 5 76 6 81) 4 (1 80 4 78 5 84 6 79)
5 3 2 (2 86 5 87) 4 (2 91 4 76 6 81 7 90) 4 (1 82 2 82 5 92 7 96) 2 2 (3 35 4 43) 3 (1 89 3 101 7 71)
5 2 5 (2 39 3 65 4 55 5 64 6 47) 5 (2 22 3 21 4 23 6 21 7 19) 3 3 (3 32 6 35 7 30) 3 (1 15 2 16 3 15) 3 (1 59 4 77 5 83)
5 2 5 (2 52 3 60 4 54 5 60 7 59) 2 (1 51 6 40) 3 2 (2 43 7 49) 2 (2 87 7 72) 3 (1 77 2 68 5 73)
5 3 5 (1 31 2 24 3 28 5 37 6 29) 3 (2 62 3 67 5 77) 5 (2 53 3 100 4 70 5 67 7 94) 2 3 (1 9 4 10 5 10) 3 (2 25 3 21 7 23)
5 5 4 (1 96 2 110 3 98 6 85) 4 (1 74 5 73 6 61 7 70) 3 (2 56 4 52 6 44) 3 (2 16 3 16 7 11) 5 (1 6 2 9 3 8 5 7 6 7)
5 3 4 (2 73 4 58 5 69 6 76) 5 (1 46 2 49 4 37 6 46 7 38) 2 (5 65 6 64) 2 5 (1 34 2 37 5 31 6 39 7 44) 5 (2 11 3 11 5 13 6 10 7 9)
5 5 5 (1 69 2 84 4 51 6 63 7 80) 3 (4 69 5 69 6 76) 5 (1 54 3 50 4 36 5 42 6 41) 3 (1 96 5 65 7 91) 2 (6 91 7 102)
5 2 2 (1 79 7 52) 4 (1 19 2 18 5 23 7 18) 3 5 (1 16 2 14 3 12 4 17 6 14) 4 (3 11 5 12 6 12 7 12) 5 (1 84 2 89 3 70 4 63 5 84)
5 2 2 (2 42 5 45) 3 (3 81 4 91 7 105) 3 4 (1 74 2 63 3 63 4 66) 5 (2 37 4 26 5 29 6 34 7 27) 4 (1 54 2 63 3 65 5 47)
5 4 3 (2 85 4 65 5 82) 3 (1 66 4 62 7 42) 3 (2 87 4 83 7 94) 2 (2 8 5 8) 1 5 (1 85 3 87 5 56 6 66 7 65)
5 4 5 (2 25 4 32 5 26 6 29 7 32) 5 (2 70 3 104 4 85 5 81 7 85) 5 (1 61 3 62 4 57 5 61 7 58) 5 (3 6 4 6 5 6 6 6 7 6) 1 2 (1 88 2 70)
5 3 2 (1 80 5 65) 2 (3 67 6 49) 4 (4 30 5 34 6 35 7 39) 2 5 (2 31 3 28 5 28 6 26 7 25) 2 (4 45 6 47)
5 3 4 (1 81 3 73 4 83 5 75) 4 (2 33 4 39 5 40 7 38) 5 (1 40 4 38 5 37 6 41 7 34) 2 2 (6 14 7 17) 2 (1 8 2 7)
