20 10
10 8 15 8 11 12 14 10 10 13
3 3 3 4 2 2 2 2 2 2
5 2 5 (1 34 4 39 7 21 9 34 10 38) 7 (1 16 4 20 5 19 6 22 8 20 9 23 10 18) 3 2 (7 50 10 58) 2 (2 54 9 52) 7 (2 92 3 70 4 113 5 91 7 79 9 101 10 97)
5 5 6 (1 19 5 15 6 20 7 21 9 16 10 22) 3 (6 45 9 63 10 53) 4 (1 81 2 62 5 55 10 54) 3 (2 18 5 15 9 19) 4 (3 28 4 20 5 21 9 24)
5 3 5 (1 15 2 14 4 12 7 14 8 12) 3 (1 25 6 46 10 42) 4 (2 35 5 36 7 39 10 28) 2 7 (2 106 3 73 5 114 6 85 7 74 9 116 10 83) 7 (1 40 3 38 4 41 6 41 7 40 8 39 10 38)
5 4 5 (4 87 7 73 8 50 9 64 10 52) 7 (2 87 5 74 6 80 7 65 8 73 9 86 10 73) 2 (3 77 5 73) 7 (3 48 4 57 5 50 7 73 8 58 9 60 10 55) 1 2 (1 62 4 72)
5 4 5 (1 88 5 95 7 89 8 97 10 78) 7 (1 44 4 33 5 25 6 30 7 41 8 41 10 48) 7 (1 34 2 32 4 31 6 27 8 32 9 35 10 38) 7 (1 18 2 19 3 19 7 16 8 18 9 18 10 17) 1 5 (2 69 3 49 5 59 6 65 9 63)
5 3 6 (1 75 2 69 6 86 7 88 8 81 10 76) 5 (1 38 2 42 3 48 4 47 8 39) 6 (3 107 5 77 6 99 7 65 8 102 9 103) 2 6 (2 65 4 66 5 62 6 65 7 55 9 76) 4 (2 71 5 47 6 44 10 50)
5 5 4 (1 112 2 98 3 88 7 128) 6 (3 88 4 85 6 65 8 57 9 73 10 84) 5 (2 120 4 83 6 90 7 82 9 98) 4 (2 111 4 80 7 96 10 86) 3 (3 57 4 63 5 71)
5 2 3 (6 104 8 86 10 73) 3 (1 20 4 26 8 23) 3 6 (2 33 3 35 5 29 6 39 7 33 10 33) 3 (2 36 3 32 4 44) 2 (2 74 7 71)
5 3 5 (1 23 2 31 7 28 8 26 10 24) 5 (2 37 4 49 5 45 6 47 7 49) 5 (2 40 3 44 4 44 7 46 9 46) 2 4 (2 102 3 104 6 113 9 123) 4 (1 18 2 19 5 20 8 17)
5 2 5 (2 115 4 88 6 97 7 97 9 103) 3 (1 81 7 84 9 81) 3 6 (2 36 3 43 4 41 5 46 6 43 8 44) 4 (3 92 8 53 9 67 10 71) 3 (1 68 3 85 10 103)
5 2 4 (4 81 5 88 7 123 10 106) 2 (3 59 6 70) 3 2 (6 7 10 8) 6 (1 22 3 32 5 28 7 29 9 33 10 27) 5 (1 45 4 31 7 34 8 33 10 34)
5 3 6 (2 10 4 13 5 14 7 8 9 8 10 12) 2 (1 81 8 95) 7 (2 45 3 66 4 61 5 58 6 55 8 75 9 69) 2 7 (1 9 3 9 4 9 6 7 8 10 9 10 10 9) 3 (7 34 9 35 10 32)
5 2 7 (2 92 3 98 5 92 6 74 8 57 9 84 10 82) 6 (2 59 3 66 4 47 5 60 7 75 10 58) 3 3 (1 46 2 68 10 56) 2 (8 43 10 39) 2 (6 19 8 15)
5 3 3 (6 27 7 27 10 30) 7 (2 67 3 55 4 59 6 37 7 49 8 47 9 51) 7 (1 47 2 36 3 46 4 37 5 39 7 49 10 39) 2 5 (3 30 4 22 5 27 7 24 9 32) 2 (2 52 7 50)
5 3 3 (3 9 6 8 7 9) 6 (2 69 3 83 4 84 5 91 7 89 8 92) 6 (1 36 2 43 4 40 5 52 6 46 7 49) 2 6 (2 34 3 44 4 34 5 28 8 41 9 29) 3 (1 42 2 47 10 43)
5 4 2 (1 49 7 56) 5 (2 22 4 17 8 22 9 14 10 18) 3 (1 42 6 40 9 42) 5 (2 14 4 14 5 11 6 15 7 14) 1 4 (1 77 2 80 6 94 8 76)
5 2 3 (2 28 5 34 7 37) 2 (3 30 4 28) 3 3 (3 29 4 25 9 23) 6 (1 86 4 92 7 92 8 81 9 88 10 68) 4 (1 47 2 38 3 38 5 41)
5 2 7 (2 87 3 94 4 102 5 110 6 88 7 78 8 73) 5 (1 36 2 29 4 33 5 36 10 41) 3 5 (1 9 2 8 4 8 8 8 9 8) 7 (1 62 2 72 4 88 6 75 7 53 8 52 10 87) 4 (1 40 3 39 4 42 6 36)
5 5 4 (5 87 7 80 9 91 10 104) 3 (5 60 8 82 9 72) 4 (2 109 4 123 6 136 8 108) 7 (1 79 3 87 5 68 6 65 8 66 9 62 10 72) 7 (1 22 4 27 6 34 7 28 8 27 9 21 10 20)
5 2 2 (3 78 8 85) 6 (1 55 4 40 5 47 6 47 8 37 9 46) 3 5 (1 52 2 71 4 57 5 65 7 85) 4 (2 72 4 67 7 52 8 76) 2 (2 89 6 77)
