10 10
14 10 9 14 10 14 11 11 12 10
4 2 2 4 2 3 1 3 3 1
10 5 3 (3 22 4 20 10 21) 5 (5 73 6 76 7 62 8 44 10 64) 5 (4 17 5 15 6 15 7 18 9 18) 6 (1 54 4 53 5 46 7 56 9 61 10 55) 2 (2 25 4 28) 5 4 (1 37 5 42 6 32 9 28) 6 (1 54 2 63 4 49 5 43 6 47 9 43) 3 (2 18 5 23 8 23) 4 (2 60 3 64 5 54 9 48) 3 (2 103 3 85 7 127)
10 7 2 (7 51 10 61) 3 (3 26 4 34 8 28) 5 (2 96 3 74 5 113 7 78 8 98) 5 (2 79 3 61 7 56 9 72 10 68) 3 (1 12 3 9 8 14) 2 (2 53 9 66) 4 (1 43 3 35 5 38 6 58) 3 3 (4 71 5 89 9 101) 3 (1 74 2 72 6 84) 4 (3 36 6 42 8 28 10 41)
10 8 7 (1 28 2 36 3 28 4 32 5 39 6 35 9 30) 3 (3 80 4 54 5 46) 5 (1 61 2 78 6 66 7 64 10 57) 5 (1 24 6 13 7 23 9 18 10 21) 6 (1 92 2 91 7 125 8 96 9 75 10 72) 2 (6 92 10 79) 6 (1 42 2 50 3 48 4 36 5 46 7 47) 4 (1 66 8 67 9 65 10 67) 2 2 (5 72 7 91) 3 (5 39 7 25 9 37)
10 5 5 (2 84 3 84 4 103 6 88 7 68) 3 (1 71 3 67 8 66) 3 (1 100 2 90 3 94) 7 (1 43 2 45 4 32 5 41 6 38 9 29 10 29) 2 (1 24 8 23) 5 2 (1 79 3 75) 7 (2 45 3 41 4 34 5 34 6 43 7 32 10 39) 2 (1 81 6 110) 3 (3 87 5 65 9 85) 2 (1 62 10 43)
10 7 5 (1 86 3 123 4 121 5 108 10 94) 5 (1 32 3 50 4 40 8 44 9 29) 4 (2 28 6 23 7 25 9 20) 4 (1 73 6 82 8 74 9 72) 5 (2 46 3 37 4 38 8 52 9 51) 3 (1 48 6 60 7 51) 3 (2 89 6 108 7 90) 3 4 (3 95 4 76 6 65 7 82) 6 (1 17 3 15 5 18 7 17 8 18 10 18) 4 (1 89 3 97 4 82 5 108)
10 5 2 (3 28 6 38) 2 (7 52 9 80) 6 (1 24 2 34 3 29 4 24 8 30 9 22) 4 (2 8 3 14 5 14 10 14) 7 (2 80 3 64 4 59 6 53 7 54 8 55 9 73) 5 7 (2 10 3 9 4 10 5 10 6 8 8 9 10 9) 3 (7 90 8 90 10 117) 7 (1 42 3 33 5 23 6 21 7 31 8 33 9 35) 4 (3 9 6 5 7 7 8 6) 3 (6 98 7 92 9 93)
10 10 6 (1 16 2 17 3 19 4 15 9 16 10 18) 4 (3 63 5 64 8 54 9 45) 3 (5 50 8 53 10 49) 7 (1 104 2 121 3 117 4 114 6 113 9 96 10 96) 4 (2 42 4 35 5 48 7 44) 3 (3 52 8 50 10 50) 6 (1 58 2 59 5 57 6 46 7 57 10 35) 4 (4 51 7 60 9 64 10 85) 3 (2 27 4 24 8 26) 7 (1 30 2 19 3 23 4 25 7 37 8 25 10 27)
10 9 2 (3 39 8 34) 6 (1 108 2 95 4 86 5 93 9 88 10 94) 3 (1 42 3 44 6 35) 2 (4 17 6 20) 6 (2 50 3 69 4 55 6 47 7 49 9 46) 2 (3 35 9 53) 2 (1 15 6 14) 3 (2 8 4 10 7 9) 7 (1 47 2 47 3 42 4 32 5 43 7 45 9 49) 1 6 (2 66 3 67 4 83 7 81 8 65 10 77)
10 10 6 (1 29 4 36 6 30 8 25 9 34 10 32) 5 (2 42 3 41 5 48 6 38 10 42) 4 (3 59 5 60 7 75 9 76) 5 (1 37 3 34 4 31 7 37 10 32) 6 (2 32 3 28 5 22 6 23 7 27 9 24) 5 (1 8 2 8 3 9 4 8 7 8) 2 (1 31 9 30) 6 (2 93 3 82 5 99 6 75 7 91 10 80) 4 (1 37 2 35 5 49 8 32) 2 (2 58 4 72)
10 8 5 (2 70 4 67 6 75 9 73 10 77) 3 (4 92 5 66 8 83) 4 (1 112 2 98 3 124 10 102) 3 (4 89 6 113 8 81) 2 (7 21 9 31) 7 (1 60 2 60 3 73 5 73 6 61 8 68 10 63) 4 (1 50 4 45 8 25 10 41) 5 (3 93 5 63 6 86 7 71 8 57) 2 3 (1 66 4 56 7 75) 7 (1 86 3 90 4 70 5 94 7 86 8 87 9 81)
