10 10
13 12 10 12 13 8 13 14 11 12
3 1 1 3 3 2 3 2 3 2
10 8 4 (1 41 2 43 3 61 5 61) 5 (1 99 2 57 6 76 9 105 10 66) 4 (4 56 7 38 8 52 10 37) 5 (1 72 2 59 7 68 9 56 10 61) 3 (1 33 4 37 9 47) 2 (4 33 9 38) 4 (5 79 6 64 7 67 10 54) 4 (3 99 4 109 8 95 10 108) 2 6 (1 84 3 62 4 92 6 64 7 59 9 76) 5 (3 4 4 6 7 6 8 5 9 6)
10 8 4 (1 16 2 23 5 21 7 22) 7 (1 29 2 43 3 41 6 45 7 38 8 53 10 57) 7 (1 37 2 37 3 30 5 31 7 35 8 41 9 34) 6 (1 38 2 61 4 57 5 30 7 53 8 52) 3 (4 65 8 100 9 112) 5 (1 21 6 22 7 14 8 21 10 12) 5 (5 62 6 59 7 51 8 60 10 57) 3 (8 23 9 23 10 23) 2 5 (1 32 5 45 7 25 9 32 10 45) 2 (4 40 8 50)
10 8 5 (3 42 4 44 7 48 8 51 9 40) 4 (1 22 2 25 4 23 7 25) 2 (3 38 4 31) 7 (1 23 2 31 4 33 6 34 7 32 8 32 9 23) 2 (4 80 8 91) 3 (4 75 5 68 7 89) 2 (8 23 10 27) 6 (1 24 2 20 3 21 5 25 6 21 8 28) 2 4 (1 5 2 5 3 4 10 5) 7 (2 61 5 74 6 91 7 72 8 78 9 83 10 65)
10 8 6 (2 16 3 18 6 13 7 20 8 12 10 14) 6 (1 32 2 38 6 33 7 40 8 42 9 41) 2 (7 38 8 41) 2 (2 69 3 65) 3 (7 35 8 38 9 25) 4 (1 11 2 14 4 11 6 12) 2 (3 54 6 61) 2 (1 58 5 71) 2 2 (4 99 9 92) 5 (1 26 5 18 7 30 8 39 9 21)
10 8 2 (4 91 7 99) 2 (3 45 8 51) 4 (1 21 2 21 3 23 10 21) 5 (1 29 4 20 6 37 7 28 9 29) 6 (3 69 4 64 5 65 8 76 9 62 10 62) 4 (3 56 5 42 8 51 9 57) 6 (2 109 3 85 4 82 6 66 7 59 9 86) 6 (1 7 2 9 3 6 6 7 8 9 9 8) 2 2 (6 39 8 34) 5 (3 13 4 23 6 19 7 16 8 19)
10 7 4 (1 83 5 71 7 57 8 72) 6 (3 19 4 28 5 21 6 26 8 20 10 33) 2 (2 70 5 67) 3 (3 94 4 112 6 66) 6 (1 13 2 12 3 14 4 16 5 13 9 12) 6 (1 52 6 74 7 67 8 62 9 76 10 67) 3 (4 51 5 49 10 43) 3 6 (1 56 2 39 3 60 4 43 7 50 9 81) 5 (1 25 2 18 3 22 5 22 6 19) 3 (1 66 2 73 10 74)
10 8 2 (1 56 10 73) 4 (2 79 4 100 7 94 10 51) 4 (1 41 4 39 7 38 10 38) 2 (4 61 5 43) 4 (1 41 3 43 5 46 9 42) 3 (2 60 4 35 10 44) 4 (1 77 4 75 7 71 8 76) 7 (1 12 2 13 3 14 4 12 6 10 7 11 8 15) 2 7 (1 73 3 69 4 64 5 46 6 79 7 80 9 71) 3 (4 65 8 81 9 76)
10 7 6 (1 68 2 75 3 53 4 62 6 61 9 62) 3 (4 66 9 89 10 93) 4 (2 50 3 29 6 48 8 44) 6 (1 75 2 96 3 77 4 84 7 72 9 72) 2 (4 99 7 91) 5 (2 23 3 23 7 28 8 20 9 30) 3 (2 34 3 34 4 30) 3 3 (1 65 4 55 7 56) 5 (1 41 4 40 6 54 7 33 9 43) 5 (1 56 2 50 4 82 5 82 6 66)
10 10 3 (1 9 6 11 7 15) 7 (1 71 2 72 4 66 6 79 7 56 9 59 10 57) 3 (2 59 4 75 9 50) 6 (1 82 2 55 5 77 6 85 7 87 9 89) 2 (7 12 10 10) 6 (3 90 5 82 7 59 8 53 9 56 10 74) 7 (1 36 2 46 4 28 5 32 8 36 9 44 10 29) 5 (1 89 3 104 4 66 5 86 6 119) 2 (5 96 6 90) 5 (1 18 3 19 5 16 9 13 10 18)
10 9 5 (3 70 5 77 7 68 8 70 10 63) 4 (2 30 3 24 7 36 10 37) 3 (2 91 7 87 8 95) 4 (4 96 7 111 9 103 10 98) 4 (4 60 8 36 9 70 10 65) 7 (1 102 2 51 3 78 6 81 8 76 9 77 10 106) 6 (1 35 4 54 5 49 6 38 7 46 8 44) 6 (2 67 3 88 4 102 5 105 8 61 10 84) 5 (1 43 4 48 6 40 7 50 10 48) 1 2 (2 61 3 65)
