20 10
11 12 9 12 14 15 11 14 12 13
4 3 3 2 4 4 4 3 1 2
5 4 3 (3 54 7 76 9 60) 4 (2 63 3 78 4 79 5 88) 4 (2 74 3 63 6 84 9 67) 2 (3 116 9 96) 1 4 (2 59 3 70 5 68 8 68)
5 4 7 (1 62 2 63 3 47 7 54 8 67 9 67 10 64) 5 (2 55 4 44 6 49 8 48 9 40) 7 (1 44 2 30 3 39 6 42 7 34 8 38 9 41) 5 (4 44 5 36 6 30 9 37 10 27) 1 7 (4 3 5 6 6 4 7 4 8 7 9 4 10 3)
5 2 2 (1 19 5 19) 5 (1 37 2 50 4 49 5 49 6 41) 3 7 (1 94 2 88 3 87 5 93 7 75 8 92 10 103) 5 (1 24 2 19 4 20 5 21 10 19) 6 (1 50 2 50 3 66 5 58 6 54 9 42)
5 4 3 (3 39 6 37 9 32) 3 (2 55 4 36 6 53) 5 (1 21 3 16 4 19 8 20 9 21) 4 (1 32 4 38 5 39 6 36) 1 3 (2 42 5 42 9 56)
5 3 4 (7 83 8 85 9 75 10 74) 4 (3 25 6 28 8 21 10 33) 4 (1 23 4 27 7 23 10 23) 2 7 (1 30 3 25 5 28 6 27 7 31 8 38 9 34) 3 (1 18 3 18 5 26)
5 4 3 (1 51 2 82 9 79) 7 (2 34 4 29 5 27 6 27 7 29 9 24 10 25) 6 (1 79 5 86 6 92 8 87 9 79 10 89) 2 (7 38 8 44) 1 3 (1 4 8 5 10 6)
5 2 3 (5 70 9 62 10 72) 3 (3 32 5 40 8 39) 3 6 (1 12 2 13 3 15 4 12 5 14 10 12) 2 (1 37 8 29) 7 (1 56 3 46 4 42 5 48 6 66 7 46 8 54)
5 5 3 (4 14 5 14 9 10) 5 (1 33 3 37 4 33 8 31 10 40) 6 (1 54 2 55 3 74 5 58 9 41 10 69) 2 (3 78 5 88) 5 (1 39 2 29 3 44 4 33 9 49)
5 5 2 (6 52 9 42) 4 (1 42 6 41 8 34 9 46) 3 (1 43 4 46 7 56) 5 (1 65 3 83 7 49 8 74 10 115) 4 (1 7 5 7 8 5 10 5)
5 3 6 (1 87 3 87 5 55 6 77 7 107 8 96) 5 (1 33 3 30 4 34 7 28 8 27) 7 (1 70 3 72 5 78 6 80 7 78 8 73 9 64) 2 7 (1 13 2 19 3 15 4 13 6 17 7 16 10 12) 6 (2 23 4 25 5 20 6 22 8 24 10 23)
5 3 5 (3 72 4 68 5 68 6 87 7 60) 6 (1 98 2 75 4 57 6 85 7 80 10 66) 4 (1 75 3 65 7 68 10 76) 2 7 (2 95 3 101 4 77 5 58 6 103 9 72 10 92) 3 (1 15 4 16 9 21)
5 4 7 (1 59 2 65 5 51 7 56 8 52 9 59 10 66) 2 (2 54 9 45) 3 (3 12 9 12 10 15) 7 (1 68 2 59 4 75 5 62 6 58 7 61 8 77) 1 3 (4 22 6 21 8 28)
5 5 5 (2 60 3 62 8 59 9 49 10 59) 5 (3 50 4 86 5 87 6 72 10 76) 4 (3 91 5 73 6 101 7 77) 4 (1 107 5 82 7 109 10 94) 6 (1 41 2 44 4 44 7 38 8 46 10 37)
5 3 6 (2 62 3 53 4 39 7 61 9 63 10 61) 2 (8 41 9 39) 4 (2 15 4 14 8 17 9 14) 2 7 (2 58 3 58 4 69 5 74 6 67 7 66 10 53) 5 (2 69 3 78 5 61 6 83 7 89)
5 4 2 (3 40 4 50) 3 (2 60 3 51 7 55) 3 (3 79 8 77 10 73) 7 (1 78 2 78 4 79 5 95 8 58 9 47 10 87) 1 4 (1 92 3 73 6 101 9 76)
5 4 3 (3 67 4 62 7 59) 2 (4 29 8 28) 3 (4 23 6 26 9 25) 4 (1 60 4 62 8 55 10 60) 1 4 (1 48 2 43 5 38 10 38)
5 3 5 (2 13 3 11 5 13 7 11 10 11) 3 (2 80 7 67 8 71) 5 (1 11 2 9 3 13 9 10 10 10) 2 7 (1 84 3 82 4 67 5 71 7 91 8 82 9 71) 2 (7 18 9 18)
5 5 7 (1 32 2 43 4 38 6 31 7 28 8 29 10 48) 5 (2 102 4 86 6 100 8 76 9 103) 6 (2 102 3 72 5 88 7 81 8 76 9 63) 5 (1 109 3 109 5 88 6 124 7 86) 3 (2 70 5 69 7 67)
5 2 4 (2 109 6 78 9 83 10 91) 2 (4 70 10 65) 3 5 (3 97 6 90 7 87 8 105 10 116) 5 (1 65 3 66 5 63 7 61 10 62) 2 (7 47 9 43)
5 2 2 (1 57 9 61) 5 (4 81 5 96 7 91 9 98 10 67) 3 2 (5 51 7 46) 7 (2 100 5 70 6 72 7 92 8 66 9 84 10 78) 7 (1 27 2 35 3 29 5 27 6 30 7 30 9 35)
