10 10
8 12 10 8 10 10 12 13 9 14
3 2 1 2 4 1 1 3 2 2
10 8 6 (1 55 3 41 4 39 5 50 6 51 10 49) 3 (2 4 5 5 6 6) 3 (2 67 3 72 10 68) 5 (2 101 6 70 8 93 9 90 10 116) 6 (2 9 3 9 4 10 6 9 7 9 10 11) 4 (2 84 6 72 7 92 8 63) 4 (3 65 7 78 8 91 10 88) 4 (1 90 4 99 6 90 10 106) 2 7 (1 59 2 61 4 54 5 60 6 56 7 54 8 70) 5 (1 93 6 75 8 88 9 93 10 68)
10 7 3 (3 13 4 9 5 15) 2 (1 30 4 27) 3 (3 98 6 98 8 68) 7 (1 52 2 53 5 50 6 59 7 49 8 63 9 54) 7 (1 72 5 88 6 73 7 57 8 88 9 80 10 79) 2 (5 96 9 82) 3 (6 75 8 87 9 83) 3 4 (2 37 3 45 4 39 10 37) 4 (2 62 3 77 4 63 8 69) 7 (1 20 2 18 4 24 5 24 6 22 7 25 10 20)
10 6 6 (2 95 3 102 4 88 6 85 8 85 9 93) 3 (4 19 8 19 9 25) 2 (6 12 9 8) 6 (1 76 3 80 5 67 6 65 7 62 9 64) 6 (1 48 2 56 5 62 6 47 7 56 9 46) 4 (2 32 3 47 5 56 6 32) 4 7 (1 29 3 39 4 48 5 36 7 31 8 31 10 39) 4 (1 43 8 38 9 42 10 37) 7 (3 75 4 73 5 88 6 101 7 64 8 63 10 98) 2 (5 68 6 66)
10 6 5 (3 85 4 89 5 73 6 79 7 83) 7 (1 25 2 19 4 14 5 13 7 18 9 10 10 11) 4 (2 62 7 61 9 57 10 56) 3 (1 78 6 82 9 73) 3 (1 44 5 43 8 41) 5 (1 14 2 11 3 11 4 14 5 10) 4 2 (4 6 9 7) 2 (1 67 2 79) 2 (4 38 5 43) 5 (1 58 3 44 8 60 9 51 10 50)
10 10 2 (1 82 7 74) 3 (1 102 4 114 5 83) 5 (2 55 4 61 7 67 9 82 10 72) 2 (1 65 4 83) 3 (1 85 5 93 6 104) 2 (4 18 9 15) 6 (3 15 4 11 5 13 7 11 8 13 10 13) 4 (4 75 6 67 8 58 9 71) 5 (3 22 6 17 7 22 8 20 9 21) 6 (1 51 2 58 3 38 4 49 7 53 10 55)
10 9 6 (1 76 2 44 3 64 7 58 8 75 10 58) 4 (1 97 3 85 9 95 10 76) 5 (1 96 4 89 6 70 7 76 9 98) 2 (3 33 8 33) 7 (4 84 5 65 6 66 7 65 8 55 9 56 10 46) 4 (2 92 3 72 6 92 10 60) 5 (2 73 3 68 7 55 8 67 10 76) 2 (1 48 6 63) 5 (1 7 2 8 3 5 4 4 10 7) 1 3 (1 61 3 33 9 60)
10 5 7 (1 75 2 90 3 65 6 98 8 92 9 95 10 79) 3 (4 70 6 55 7 64) 5 (1 25 2 25 5 22 9 22 10 25) 7 (1 6 2 7 6 5 7 6 8 5 9 6 10 5) 4 (2 76 3 90 7 55 10 62) 5 3 (2 30 4 29 7 28) 2 (2 38 10 60) 7 (1 44 2 49 3 40 4 51 5 51 6 54 9 44) 4 (2 32 3 32 6 38 9 45) 7 (1 88 2 97 4 98 5 86 7 102 8 102 10 100)
10 10 5 (4 39 5 35 7 44 8 39 9 33) 5 (1 14 5 18 6 18 8 12 10 13) 4 (1 48 3 40 8 54 9 41) 7 (1 94 5 74 6 65 7 66 8 68 9 83 10 85) 4 (1 87 6 70 7 81 8 79) 3 (1 66 6 89 9 98) 4 (3 31 6 26 8 23 9 30) 6 (1 73 5 82 7 71 8 83 9 86 10 57) 4 (1 42 4 38 5 43 7 38) 4 (2 7 4 7 5 7 8 7)
10 7 4 (2 91 3 105 6 111 10 113) 3 (2 69 3 80 7 66) 6 (2 10 3 11 6 14 7 14 9 18 10 14) 4 (3 67 4 86 6 106 8 82) 6 (1 47 2 50 7 56 8 51 9 54 10 33) 4 (1 13 3 14 8 15 9 14) 4 (2 21 6 22 7 29 10 34) 3 3 (3 48 5 34 8 31) 4 (4 65 5 85 6 94 9 93) 6 (1 79 6 65 7 67 8 78 9 84 10 67)
10 9 6 (2 96 3 90 5 81 7 61 9 86 10 96) 7 (1 52 2 45 5 61 6 42 7 56 8 55 9 48) 7 (1 62 4 61 5 74 6 62 7 60 9 49 10 55) 6 (1 24 5 24 6 35 7 25 9 24 10 33) 4 (2 46 4 60 5 46 7 60) 5 (2 4 3 7 6 7 8 6 10 5) 4 (3 57 4 59 6 58 10 53) 3 (2 91 5 79 10 71) 2 (1 7 3 6) 1 6 (5 25 6 32 7 20 8 27 9 25 10 25)
