20 10
15 9 13 13 13 12 13 9 11 14
1 1 3 3 2 1 3 3 3 1
5 5 5 (5 4 6 4 7 4 8 5 10 6) 4 (1 32 3 54 5 40 8 70) 4 (1 39 3 48 6 38 10 50) 6 (2 9 3 9 6 8 7 8 8 9 9 10) 2 (7 45 10 69)
5 3 3 (3 93 4 90 5 72) 7 (2 86 3 124 6 102 7 100 8 75 9 95 10 110) 3 (3 100 5 64 9 69) 2 7 (1 79 2 68 4 72 5 67 6 76 8 90 9 93) 3 (2 66 3 87 4 75)
5 2 3 (7 72 9 73 10 66) 7 (2 95 3 98 4 88 6 102 7 106 8 111 9 64) 3 4 (1 97 2 89 4 96 6 59) 2 (4 40 9 39) 2 (1 72 6 88)
5 2 5 (1 17 3 19 4 17 6 14 10 16) 7 (1 63 2 61 4 62 5 51 8 64 9 63 10 65) 3 7 (3 61 4 79 5 40 7 69 8 75 9 71 10 71) 7 (1 19 3 26 4 23 5 20 7 20 8 23 9 22) 4 (5 30 6 30 7 32 9 28)
5 4 5 (2 47 6 52 7 50 8 55 10 61) 6 (2 64 3 59 4 76 6 84 7 78 10 59) 2 (7 84 9 43) 6 (2 44 3 33 5 39 6 41 8 39 10 40) 1 7 (1 49 2 52 3 50 5 53 7 55 8 41 9 60)
5 3 4 (3 15 4 11 6 8 10 10) 7 (1 93 2 95 3 85 4 78 5 65 8 72 10 67) 2 (3 30 6 34) 2 7 (1 82 2 85 3 72 6 104 8 79 9 86 10 95) 6 (2 22 3 24 4 25 5 18 9 26 10 23)
5 5 6 (2 21 4 18 6 19 7 13 8 17 10 16) 7 (1 56 2 61 3 50 4 57 8 62 9 46 10 53) 3 (4 93 7 86 8 99) 3 (2 70 7 61 10 81) 5 (1 7 2 6 3 7 5 7 6 7)
5 2 2 (1 36 10 52) 6 (2 67 4 75 5 62 6 75 8 70 10 63) 3 6 (2 67 3 67 4 54 6 84 8 71 9 58) 2 (5 40 9 26) 4 (1 12 5 10 7 12 9 12)
5 3 4 (1 123 2 106 5 100 6 81) 4 (2 63 3 102 8 95 9 79) 6 (1 64 4 55 5 63 6 46 9 54 10 57) 2 2 (3 67 7 77) 7 (1 72 2 79 3 65 6 79 7 68 8 81 10 69)
5 4 6 (1 17 2 16 3 14 8 14 9 15 10 15) 3 (4 53 8 52 9 69) 2 (5 10 6 9) 7 (1 27 2 21 3 26 4 22 7 16 8 19 10 17) 1 2 (1 78 2 89)
5 3 4 (2 116 5 109 6 102 10 88) 2 (5 30 7 25) 5 (2 49 3 38 6 48 9 47 10 57) 2 3 (1 50 6 65 7 61) 4 (2 60 4 73 7 69 9 74)
5 5 5 (1 78 2 88 4 88 6 94 8 85) 2 (4 73 6 81) 5 (1 73 2 58 4 76 5 77 7 66) 2 (3 60 10 63) 5 (1 8 3 6 7 9 9 8 10 6)
5 4 4 (4 61 7 54 8 66 9 66) 5 (4 31 7 26 8 34 9 29 10 17) 5 (3 117 4 65 6 100 9 104 10 93) 2 (6 6 10 9) 1 2 (1 98 4 85)
5 2 5 (3 39 5 38 6 37 8 33 10 39) 6 (2 29 3 24 4 27 5 27 7 29 10 24) 3 4 (4 51 7 51 8 41 10 56) 2 (4 55 8 61) 7 (1 73 4 89 5 82 7 112 8 80 9 92 10 65)
5 2 2 (1 47 5 38) 7 (1 8 4 9 5 7 6 7 8 8 9 8 10 8) 3 5 (1 15 4 15 5 13 9 12 10 14) 2 (2 84 9 93) 2 (5 33 9 37)
5 5 3 (4 110 7 89 8 75) 4 (3 85 4 80 6 91 7 87) 5 (1 35 2 42 3 36 4 44 5 36) 4 (2 33 8 23 9 30 10 29) 5 (3 87 4 70 5 89 7 90 10 67)
5 3 3 (1 66 2 89 5 82) 5 (1 78 5 88 6 77 8 83 9 53) 5 (2 98 5 87 8 100 9 112 10 84) 2 5 (1 11 3 10 4 12 8 13 10 12) 4 (1 92 4 85 9 81 10 68)
5 5 4 (2 59 4 48 5 63 7 58) 6 (1 40 2 36 3 28 4 32 9 50 10 44) 3 (4 12 5 15 6 12) 3 (2 75 5 104 6 78) 3 (2 24 5 28 10 28)
5 4 5 (2 19 4 23 6 37 7 21 9 33) 3 (2 89 5 96 7 95) 5 (3 49 4 49 6 48 8 51 10 52) 5 (1 6 2 5 4 5 5 8 10 5) 1 7 (1 6 3 7 4 6 5 6 6 6 8 6 10 6)
5 3 4 (3 60 6 57 8 56 10 67) 6 (2 47 3 60 4 56 7 56 8 44 9 64) 6 (3 59 4 59 5 35 6 51 8 51 9 52) 2 2 (2 37 9 25) 6 (4 51 5 89 6 102 7 83 9 74 10 105)
