10 10
9 9 10 8 10 11 11 8 14 13
2 2 3 2 1 4 1 3 2 4
10 7 5 (1 18 2 6 5 24 6 19 9 22) 6 (2 26 6 26 7 22 8 18 9 19 10 20) 6 (2 44 3 33 5 45 7 34 8 53 9 41) 7 (2 41 4 35 6 44 7 43 8 36 9 65 10 35) 2 (1 30 8 38) 6 (1 43 2 70 3 42 5 45 7 40 10 38) 2 (4 109 10 56) 3 2 (2 28 8 29) 5 (1 27 2 21 7 23 8 23 10 18) 2 (1 81 8 92)
10 10 3 (5 47 6 54 7 57) 7 (1 18 2 17 4 16 5 16 6 11 8 18 10 15) 3 (8 54 9 54 10 55) 4 (1 80 2 76 7 70 8 77) 4 (1 34 2 42 7 31 10 42) 2 (3 41 5 55) 3 (1 66 6 71 8 73) 7 (2 41 3 25 4 36 5 32 7 37 9 40 10 28) 7 (1 54 2 52 3 36 4 55 6 44 7 43 9 60) 7 (1 54 2 46 4 60 5 53 6 49 8 46 10 52)
10 7 7 (1 32 2 32 4 30 5 42 7 20 9 29 10 33) 4 (4 79 5 62 6 88 7 80) 7 (3 68 4 87 5 78 7 60 8 56 9 62 10 76) 4 (1 55 5 59 7 66 10 57) 7 (1 9 3 8 4 8 5 12 6 9 7 10 10 11) 7 (2 93 4 79 5 91 6 81 7 84 8 104 10 85) 6 (2 107 3 81 4 78 7 96 8 85 10 89) 3 5 (1 81 5 71 6 98 7 75 9 79) 2 (1 66 3 92) 3 (3 51 8 58 9 62)
10 6 3 (3 86 4 67 6 103) 4 (2 7 4 10 5 7 6 9) 6 (1 21 3 26 6 39 7 35 8 38 10 24) 7 (1 54 2 53 3 60 4 43 8 56 9 49 10 68) 3 (2 20 7 21 10 19) 4 (2 16 4 24 6 13 9 16) 4 6 (1 22 2 26 3 32 4 39 9 23 10 30) 5 (3 108 4 114 5 77 6 83 7 96) 5 (2 70 3 68 4 71 6 58 8 55) 7 (1 25 3 21 5 19 6 22 8 19 9 17 10 20)
10 6 3 (3 30 6 46 7 36) 3 (1 7 6 6 8 8) 7 (1 20 2 17 3 21 4 20 8 13 9 18 10 19) 2 (2 7 4 6) 3 (2 83 7 66 9 76) 2 (1 59 4 45) 4 2 (9 47 10 47) 5 (4 62 6 55 8 50 9 52 10 57) 4 (2 9 4 7 5 7 7 8) 2 (2 34 5 38)
10 9 4 (4 119 5 76 6 77 7 97) 4 (3 62 4 65 7 46 10 57) 3 (1 39 5 32 10 37) 4 (1 60 6 74 8 56 10 58) 3 (8 107 9 125 10 79) 4 (2 63 3 80 6 76 10 83) 4 (1 67 6 68 7 54 9 56) 7 (2 6 4 4 5 6 6 4 8 7 9 6 10 7) 3 (2 29 4 49 6 36) 1 2 (4 17 8 13)
10 7 3 (1 65 3 86 4 93) 2 (5 47 10 34) 3 (2 22 4 24 7 19) 7 (2 46 3 75 4 75 5 87 7 86 8 77 9 72) 4 (1 82 2 73 6 110 8 98) 5 (2 6 4 6 8 5 9 8 10 6) 5 (1 44 3 40 4 47 6 37 10 35) 3 3 (4 25 5 23 9 32) 2 (6 94 10 65) 3 (1 24 5 21 7 21)
10 5 3 (5 14 8 13 9 14) 2 (1 38 6 43) 6 (3 22 4 20 5 18 6 20 8 18 9 23) 3 (1 13 2 13 8 12) 7 (1 28 2 28 3 25 4 23 6 28 8 26 10 22) 5 7 (2 58 3 67 4 48 5 49 6 55 7 46 9 61) 5 (1 80 6 78 7 88 8 87 10 82) 3 (1 22 3 23 10 17) 3 (1 7 5 9 8 10) 4 (2 91 6 77 8 64 10 84)
10 5 4 (1 65 2 54 4 64 9 57) 4 (3 92 5 93 8 90 9 74) 3 (2 20 4 17 7 28) 2 (1 5 8 5) 4 (1 71 5 75 8 49 10 61) 5 3 (1 40 4 31 9 35) 7 (1 11 2 11 4 11 5 10 6 8 8 9 9 6) 2 (7 19 8 18) 3 (4 40 5 39 7 40) 2 (3 35 5 43)
10 7 4 (1 88 7 87 8 85 9 100) 4 (3 84 5 92 6 86 9 89) 6 (1 86 2 70 3 68 5 51 8 60 9 71) 6 (1 75 2 88 5 97 7 100 8 100 9 93) 2 (3 28 10 27) 7 (1 18 3 17 4 14 5 21 8 20 9 19 10 20) 4 (6 16 7 17 9 15 10 12) 3 6 (1 71 3 58 5 57 8 60 9 64 10 66) 7 (1 38 3 34 4 36 5 25 6 37 7 37 8 37) 3 (2 7 4 10 9 8)
