15 10
8 11 13 13 13 11 13 13 15 12
3 2 2 1 1 1 3 3 4 2
10 8 3 (3 63 4 67 7 85) 6 (1 98 4 76 6 97 7 102 8 88 10 64) 7 (2 82 4 87 5 85 6 71 8 95 9 77 10 82) 7 (1 82 2 86 3 92 5 86 7 99 9 119 10 102) 2 (2 19 3 19) 6 (1 93 2 85 3 96 4 73 5 93 10 65) 3 (2 7 5 9 10 8) 2 (8 16 10 12) 2 6 (2 12 5 12 7 10 8 12 9 14 10 6) 5 (1 16 2 17 4 24 5 13 6 21)
10 9 5 (1 13 2 17 3 15 5 15 6 11) 6 (1 15 3 22 4 22 5 21 7 17 8 17) 5 (1 6 2 8 5 6 8 6 9 6) 6 (1 10 2 12 3 16 4 14 5 18 7 18) 4 (6 76 7 55 8 59 9 65) 4 (4 70 5 60 6 67 9 58) 3 (4 74 5 55 9 61) 7 (1 15 3 16 4 18 5 16 8 16 9 15 10 15) 7 (1 104 2 114 3 61 4 90 5 81 8 94 9 89) 1 5 (2 9 5 5 6 10 8 7 9 7)
10 5 7 (2 59 3 67 4 64 5 93 6 52 9 70 10 65) 6 (3 18 5 19 7 23 8 19 9 22 10 21) 7 (1 41 3 35 6 47 7 27 8 35 9 33 10 29) 5 (1 12 6 16 7 18 8 12 10 18) 5 (1 101 2 65 3 76 6 89 8 83) 5 3 (5 81 8 86 9 99) 2 (2 57 6 51) 7 (1 6 2 4 3 6 4 6 5 6 6 6 8 6) 2 (3 41 6 52) 6 (1 61 5 65 6 89 7 81 8 69 10 62)
10 8 4 (4 23 5 24 6 27 7 35) 4 (3 83 5 59 6 76 10 63) 5 (2 97 4 93 6 93 8 84 9 73) 5 (2 56 3 50 4 57 9 58 10 66) 4 (2 51 7 55 9 54 10 46) 7 (2 71 3 85 4 62 5 65 6 66 7 53 9 79) 4 (1 10 2 8 6 11 7 9) 6 (2 96 3 119 5 91 6 96 9 92 10 106) 2 6 (2 51 3 50 6 48 7 54 8 55 9 52) 7 (1 79 2 106 4 92 5 119 6 65 8 96 10 85)
10 8 3 (3 89 5 93 9 83) 3 (4 15 7 13 8 14) 7 (1 66 2 43 4 39 6 41 7 42 8 41 10 55) 4 (3 53 4 61 5 59 8 62) 3 (6 46 7 62 9 56) 7 (1 72 2 60 3 58 4 62 5 67 9 69 10 58) 7 (1 59 3 67 4 60 5 58 6 67 9 49 10 56) 2 (4 8 8 11) 2 7 (2 87 3 144 5 77 6 108 7 77 8 103 10 87) 6 (1 4 3 5 5 3 6 7 7 5 8 5)
10 10 7 (2 69 4 61 5 70 6 76 8 74 9 87 10 73) 4 (3 49 4 45 7 48 9 36) 2 (2 42 3 45) 7 (2 56 3 74 5 62 7 46 8 50 9 47 10 50) 4 (4 73 8 114 9 76 10 99) 3 (2 68 5 64 10 63) 5 (2 45 4 49 7 35 8 45 9 51) 2 (7 88 9 77) 4 (2 22 4 28 6 21 7 24) 7 (3 100 4 59 5 87 6 70 7 76 9 92 10 83)
10 8 6 (3 110 5 79 6 108 7 74 8 113 10 95) 7 (1 40 3 31 4 35 5 35 7 33 9 36 10 37) 4 (1 60 6 65 8 71 9 81) 6 (2 47 5 48 6 55 7 47 9 39 10 51) 7 (2 30 3 38 4 48 5 41 6 41 8 36 10 43) 4 (3 30 5 27 6 29 7 38) 3 (4 26 7 22 9 27) 5 (2 16 3 21 4 19 5 18 7 24) 2 6 (1 15 3 19 4 19 6 15 7 16 8 18) 7 (1 5 2 7 3 4 5 3 6 5 9 7 10 6)
10 8 2 (3 60 4 54) 3 (4 7 6 7 9 7) 7 (1 83 3 93 4 85 5 88 8 93 9 109 10 90) 6 (1 81 2 97 5 85 6 69 9 47 10 81) 4 (4 73 7 61 8 52 9 54) 6 (1 40 2 29 3 28 5 26 6 28 9 28) 6 (2 86 3 91 6 90 8 97 9 115 10 105) 3 (3 74 5 68 7 80) 2 7 (1 28 2 19 3 23 4 31 6 25 9 36 10 24) 7 (1 86 2 89 4 88 5 95 7 98 8 108 10 94)
10 7 5 (1 39 4 37 6 34 9 28 10 41) 6 (1 50 2 38 6 36 7 38 8 35 9 50) 7 (1 30 2 35 3 23 5 29 6 23 7 28 10 29) 3 (2 53 7 53 8 42) 4 (6 94 7 77 8 111 10 76) 3 (1 10 7 9 10 10) 6 (3 54 4 51 5 54 7 54 8 59 10 48) 3 2 (4 86 5 71) 4 (2 39 5 50 7 47 10 55) 6 (2 82 3 83 4 94 6 114 9 95 10 98)
10 9 6 (1 39 4 39 5 46 6 41 7 44 10 51) 4 (4 10 5 17 6 13 10 15) 6 (1 62 3 87 5 66 7 97 8 95 9 77) 6 (1 42 3 38 4 47 7 57 8 36 10 30) 7 (1 68 3 56 4 54 5 48 6 49 8 52 9 46) 7 (1 12 2 16 3 17 4 14 5 19 6 21 8 15) 5 (2 47 5 44 8 33 9 33 10 56) 5 (3 25 4 30 6 20 9 24 10 23) 6 (3 24 4 25 5 21 7 27 9 29 10 26) 1 2 (1 78 5 81)
10 9 5 (1 59 3 63 8 59 9 99 10 58) 6 (1 53 5 30 6 38 8 50 9 38 10 39) 7 (1 87 2 104 4 99 5 73 6 87 9 92 10 110) 3 (2 72 4 58 9 65) 6 (4 5 5 6 6 6 7 5 8 6 10 3) 6 (1 46 2 53 3 53 4 63 5 55 8 68) 3 (6 35 9 32 10 25) 6 (1 42 3 33 5 33 6 35 8 48 10 38) 5 (1 103 2 84 3 117 6 71 7 84) 1 3 (1 65 6 50 9 65)
10 6 3 (1 54 4 51 5 48) 4 (2 22 3 21 7 15 10 21) 2 (5 118 7 84) 5 (1 20 2 21 5 20 7 17 10 18) 5 (3 49 7 43 8 43 9 57 10 26) 4 (1 37 2 40 8 37 9 42) 4 4 (2 17 4 14 8 21 9 18) 5 (2 59 3 55 5 69 7 70 10 64) 6 (1 27 2 35 4 34 5 37 6 45 9 30) 7 (1 63 2 55 3 42 4 52 5 50 6 63 7 56)
10 9 2 (2 21 9 26) 7 (1 24 2 21 4 26 5 28 6 27 9 30 10 23) 4 (2 78 5 66 6 67 7 88) 5 (1 21 2 25 5 28 6 32 9 21) 6 (1 32 4 28 6 26 7 25 9 23 10 31) 2 (2 61 10 69) 4 (2 26 4 30 9 24 10 33) 2 (1 5 9 5) 6 (1 58 2 68 3 60 5 58 6 87 9 83) 1 5 (3 40 4 33 5 36 6 30 9 45)
10 6 6 (2 40 4 29 5 45 7 48 8 38 10 37) 5 (1 43 2 68 3 49 5 61 6 50) 3 (1 117 4 77 8 108) 6 (1 34 2 44 3 40 4 36 8 42 9 52) 3 (1 71 4 62 9 80) 6 (1 26 2 21 4 28 8 24 9 25 10 39) 4 5 (1 11 5 13 6 11 9 13 10 12) 4 (6 38 7 36 8 36 9 33) 2 (2 50 9 44) 5 (1 10 2 13 5 11 6 13 10 10)
10 5 2 (5 102 8 120) 3 (2 15 3 17 9 15) 4 (4 37 5 59 7 42 8 44) 4 (4 95 5 101 7 62 10 78) 6 (1 33 2 43 3 37 5 44 9 44 10 32) 5 3 (1 23 3 22 6 25) 5 (1 44 2 49 4 63 7 37 8 43) 3 (4 33 6 27 9 26) 2 (7 6 9 6) 2 (3 54 9 38)
