10 10
12 11 10 14 14 10 12 10 11 11
3 4 2 4 3 3 2 1 3 4
10 8 2 (1 9 7 7) 5 (2 78 3 93 4 72 6 80 7 82) 6 (2 65 4 64 5 49 7 63 9 59 10 55) 6 (2 42 3 39 5 46 6 54 7 33 10 41) 4 (1 31 4 35 7 21 9 22) 5 (2 41 3 42 5 40 6 39 9 42) 3 (1 6 5 5 10 5) 7 (1 19 3 13 5 16 6 14 8 22 9 22 10 18) 2 7 (1 80 2 83 3 98 5 83 6 80 7 67 10 96) 5 (2 40 3 54 4 42 5 38 8 37)
10 6 2 (4 17 10 23) 6 (1 70 4 62 5 59 6 67 7 75 8 73) 7 (1 55 2 77 3 47 4 70 5 70 8 68 9 56) 2 (2 57 7 73) 6 (1 33 3 48 5 54 6 54 7 48 10 36) 2 (5 59 9 56) 4 3 (3 21 8 22 9 25) 2 (1 85 4 79) 6 (3 56 4 58 5 62 7 60 9 63 10 57) 2 (6 16 9 14)
10 8 6 (1 62 2 101 5 73 7 99 9 91 10 87) 4 (3 39 6 27 9 42 10 26) 4 (4 48 5 36 6 40 7 39) 7 (1 17 4 28 5 19 6 20 8 27 9 25 10 21) 2 (5 44 9 46) 3 (2 89 4 77 7 75) 3 (2 91 6 52 10 108) 2 (3 33 7 35) 2 2 (1 87 10 69) 2 (4 31 6 25)
10 8 4 (1 86 6 98 7 77 9 73) 2 (2 83 6 59) 4 (1 54 3 50 7 42 9 52) 7 (1 8 3 9 5 8 6 7 8 7 9 7 10 8) 3 (3 25 6 28 7 22) 2 (1 62 7 63) 5 (2 28 4 35 5 33 6 40 8 35) 5 (1 75 4 95 7 72 8 85 9 78) 2 6 (2 46 6 41 7 49 8 43 9 38 10 40) 4 (2 93 3 60 4 124 6 84)
10 10 7 (1 92 2 95 3 118 4 50 6 86 7 90 9 98) 6 (4 41 5 51 6 52 8 43 9 47 10 40) 5 (2 107 3 83 6 87 8 98 9 76) 3 (1 16 4 17 8 19) 2 (7 91 10 64) 5 (2 45 3 41 5 45 8 62 10 37) 6 (1 44 2 49 3 69 4 52 7 70 10 63) 4 (4 63 7 76 9 82 10 86) 4 (3 56 6 50 8 45 9 49) 7 (2 6 3 7 5 7 6 6 7 7 8 4 10 8)
10 9 4 (1 10 2 9 7 9 9 9) 2 (5 8 8 9) 2 (7 28 9 53) 4 (3 77 4 63 6 74 7 71) 3 (2 28 7 28 9 27) 5 (1 89 2 65 4 97 5 101 9 78) 7 (1 48 3 45 4 34 5 46 6 52 8 43 9 43) 2 (3 9 7 9) 6 (2 47 3 55 4 67 6 70 7 49 9 56) 1 5 (2 38 3 32 4 38 9 33 10 24)
10 8 2 (8 72 9 73) 3 (3 95 6 75 7 101) 5 (1 109 3 88 4 111 5 136 10 131) 4 (2 79 4 92 7 87 10 85) 5 (1 85 3 93 4 101 8 112 9 92) 2 (7 30 10 25) 4 (2 73 5 66 7 76 9 82) 2 (4 97 10 82) 2 5 (2 25 3 31 4 30 6 34 10 31) 5 (1 67 2 86 4 73 7 68 10 77)
10 7 7 (1 67 3 112 4 93 5 99 6 68 8 121 10 95) 3 (1 74 6 82 10 95) 4 (1 75 4 98 5 98 8 77) 2 (1 52 4 55) 5 (2 95 3 82 5 95 6 98 10 82) 3 (3 35 6 32 7 32) 6 (2 34 3 29 4 32 7 43 8 40 10 47) 3 4 (3 60 4 63 5 59 10 58) 6 (1 44 3 49 5 56 7 34 8 42 9 37) 7 (1 63 2 63 3 70 4 48 6 77 8 78 9 54)
10 7 3 (5 70 6 70 8 56) 4 (1 52 2 56 3 41 7 34) 2 (3 96 9 90) 6 (1 7 2 12 5 15 6 12 7 15 10 14) 2 (1 6 2 7) 6 (1 21 2 29 5 27 8 21 9 25 10 19) 3 (4 83 7 74 10 87) 3 3 (4 40 6 62 8 46) 7 (2 75 3 60 5 64 6 71 7 54 9 60 10 65) 6 (1 25 4 27 5 26 6 30 7 23 9 27)
10 6 6 (2 24 3 19 4 21 5 20 7 17 10 20) 2 (6 62 9 48) 7 (1 72 3 69 4 67 6 59 7 55 8 56 9 76) 4 (1 20 3 22 9 32 10 26) 7 (2 103 4 73 6 81 7 62 8 63 9 92 10 80) 2 (3 81 5 64) 4 3 (8 47 9 45 10 35) 5 (1 106 2 85 4 99 7 112 10 107) 7 (2 36 3 34 5 37 6 37 8 30 9 30 10 38) 5 (2 71 5 98 6 81 7 92 8 85)
