15 10
13 11 12 12 14 13 11 12 14 10
3 2 4 2 4 2 2 1 2 3
10 5 7 (1 38 2 37 3 33 4 40 5 24 7 36 8 33) 3 (3 51 6 51 7 55) 5 (4 98 5 106 6 100 7 84 10 87) 3 (1 20 7 15 8 16) 4 (1 26 5 22 7 22 9 20) 5 7 (1 80 4 51 5 55 7 45 8 63 9 74 10 64) 5 (1 53 2 66 3 51 4 37 7 37) 6 (2 45 4 62 6 62 7 59 9 66 10 46) 4 (1 22 2 23 4 25 9 21) 5 (1 21 3 27 6 27 8 23 9 27)
10 5 5 (1 42 3 43 4 35 5 43 9 42) 3 (1 31 6 23 9 29) 4 (6 11 7 11 9 14 10 11) 4 (1 42 3 31 5 47 9 40) 4 (1 79 3 104 5 77 6 88) 5 6 (2 83 3 61 4 70 5 73 6 59 10 76) 7 (1 74 2 72 3 73 4 79 6 73 7 106 8 82) 7 (2 87 3 76 4 100 5 98 6 101 9 83 10 92) 7 (1 53 2 51 5 50 6 60 8 53 9 59 10 67) 6 (2 70 3 75 4 70 5 86 9 77 10 68)
10 5 3 (3 23 5 15 7 13) 7 (3 47 4 81 5 85 6 81 8 113 9 65 10 90) 3 (3 32 4 43 8 33) 2 (2 115 7 97) 5 (1 55 3 51 6 66 7 64 8 62) 5 4 (4 76 5 110 6 80 9 65) 2 (4 57 5 56) 5 (1 33 3 35 5 28 7 40 8 44) 3 (2 64 3 69 4 50) 5 (1 44 4 45 5 43 6 36 8 43)
10 8 5 (1 60 2 55 5 45 8 55 9 76) 5 (1 94 2 107 3 99 5 65 9 100) 2 (3 22 7 21) 6 (4 83 5 93 6 66 7 88 8 59 10 82) 5 (3 74 4 59 7 63 8 75 10 74) 2 (3 38 6 47) 4 (2 89 4 72 7 85 9 91) 2 (2 33 9 42) 2 5 (2 81 3 90 4 69 6 83 9 87) 4 (1 96 4 87 6 70 10 104)
10 5 4 (2 81 6 97 7 71 9 80) 3 (5 83 6 74 8 88) 5 (1 81 3 101 5 99 6 74 8 90) 2 (5 85 9 91) 2 (5 20 7 16) 5 3 (3 44 4 44 5 42) 2 (3 38 8 41) 4 (1 55 3 66 6 62 10 71) 2 (5 47 7 54) 2 (9 25 10 25)
10 9 5 (3 35 5 35 7 38 9 37 10 33) 5 (4 105 7 98 8 82 9 106 10 101) 6 (2 10 4 11 5 11 6 9 7 8 10 8) 4 (4 11 7 7 9 9 10 12) 6 (4 32 6 29 7 32 8 40 9 35 10 43) 6 (1 7 2 7 4 6 8 8 9 6 10 8) 3 (3 25 5 27 10 30) 5 (1 51 2 53 5 45 7 78 10 54) 6 (1 85 2 85 3 91 4 105 6 105 10 85) 1 6 (2 65 3 86 4 82 7 80 8 67 10 81)
10 9 7 (1 26 2 32 5 19 7 21 8 29 9 31 10 24) 2 (2 43 6 53) 4 (6 18 7 18 8 12 9 20) 3 (4 38 8 42 9 38) 4 (1 43 2 36 9 37 10 47) 6 (1 54 3 47 7 35 8 55 9 57 10 57) 4 (1 58 2 55 7 41 10 60) 2 (3 29 4 31) 4 (2 56 5 70 6 64 8 57) 1 2 (2 102 7 94)
10 8 4 (5 8 7 11 8 8 9 7) 2 (1 22 3 13) 5 (1 34 3 40 4 33 5 51 6 29) 5 (4 45 6 60 7 53 9 55 10 56) 4 (2 39 3 52 5 51 10 48) 2 (5 60 6 68) 5 (5 102 6 101 7 105 8 71 9 103) 7 (1 33 3 37 4 50 5 42 8 49 9 44 10 44) 2 5 (1 37 2 35 4 44 6 39 7 43) 3 (3 16 6 14 8 14)
10 8 5 (3 29 5 26 7 24 8 27 10 29) 2 (2 37 4 29) 5 (1 95 2 61 5 73 9 74 10 80) 2 (6 30 10 28) 2 (4 40 7 36) 3 (1 6 6 8 10 7) 3 (5 69 7 51 10 75) 7 (1 74 2 97 5 88 6 75 7 83 8 99 10 92) 2 4 (1 48 4 36 8 42 9 41) 3 (4 32 5 30 8 23)
10 5 7 (2 92 3 96 4 74 5 107 6 111 8 87 10 97) 2 (5 83 6 90) 2 (4 80 7 74) 6 (1 63 2 82 3 90 7 71 8 95 10 72) 3 (1 67 6 64 9 60) 5 5 (1 20 4 28 5 37 7 26 10 32) 6 (1 72 3 66 6 90 8 82 9 66 10 84) 2 (6 89 10 57) 2 (4 45 7 40) 3 (3 94 8 76 10 102)
10 5 7 (1 32 5 22 6 23 7 27 8 36 9 33 10 26) 7 (3 30 4 18 5 22 6 34 8 21 9 26 10 26) 2 (4 20 7 19) 3 (1 17 5 14 6 17) 5 (2 24 5 20 7 22 9 28 10 32) 5 4 (2 79 3 76 9 60 10 84) 5 (6 79 7 65 8 82 9 57 10 62) 5 (2 93 3 103 5 78 9 78 10 93) 3 (3 37 4 24 7 39) 5 (3 19 5 16 8 14 9 22 10 14)
10 8 5 (2 32 5 23 6 26 7 24 8 26) 7 (1 89 2 95 3 90 4 104 6 86 7 114 8 94) 5 (1 58 5 51 7 60 8 62 10 46) 3 (6 44 8 51 10 31) 7 (1 69 2 67 3 72 5 55 6 78 8 89 9 92) 6 (1 87 2 121 3 102 4 105 5 83 6 114) 7 (1 24 2 26 4 28 6 25 8 26 9 22 10 20) 4 (1 70 3 74 5 84 8 96) 2 7 (1 94 4 104 5 74 6 107 7 85 8 79 10 84) 5 (1 87 3 80 6 89 7 91 10 89)
10 10 2 (2 27 3 31) 5 (3 56 4 39 8 55 9 43 10 52) 2 (9 32 10 18) 5 (3 60 5 59 7 50 8 59 10 60) 2 (1 89 6 89) 7 (1 54 3 59 4 65 5 61 6 77 9 76 10 72) 5 (1 43 4 56 7 52 8 57 9 58) 4 (2 48 3 41 6 45 8 44) 7 (1 46 2 49 4 40 6 31 7 49 8 55 9 40) 5 (1 15 3 18 4 20 6 18 9 21)
10 7 6 (2 9 3 12 4 11 6 13 7 11 10 11) 5 (2 44 4 48 6 49 8 48 10 39) 6 (1 80 3 83 4 108 5 86 6 62 8 87) 5 (4 62 5 56 7 43 8 52 9 46) 6 (1 88 6 95 7 87 8 76 9 83 10 68) 2 (5 16 8 21) 5 (2 29 4 26 6 29 7 24 10 29) 3 2 (5 59 7 51) 5 (1 84 2 85 4 107 6 103 7 129) 7 (1 98 3 85 4 115 5 86 7 87 9 114 10 109)
10 7 6 (3 66 4 72 5 60 8 60 9 60 10 70) 7 (1 56 3 63 4 55 5 52 6 60 9 56 10 49) 5 (3 39 7 43 8 29 9 35 10 42) 2 (6 12 10 13) 3 (4 63 9 42 10 54) 2 (7 57 10 82) 2 (6 46 9 48) 3 4 (3 67 6 79 7 79 10 63) 3 (3 20 4 21 9 20) 7 (1 67 2 77 3 81 4 64 5 92 6 66 7 68)
