20 10
9 12 15 11 15 10 12 9 14 13
1 1 4 4 3 2 3 2 4 2
5 3 2 (4 6 6 6) 3 (1 37 2 44 9 35) 7 (1 55 3 109 4 75 5 84 7 74 8 81 10 95) 2 7 (1 29 2 32 3 29 4 41 6 43 7 31 9 39) 7 (1 20 3 19 5 17 6 14 7 21 8 17 10 17)
5 3 2 (4 35 6 41) 3 (2 33 5 39 7 31) 7 (1 47 4 59 5 51 7 55 8 43 9 48 10 54) 2 2 (1 76 5 83) 5 (1 8 5 11 7 11 9 10 10 9)
5 4 4 (3 43 6 51 8 47 9 52) 3 (2 73 3 51 4 65) 7 (1 61 3 74 4 79 6 65 7 65 8 80 9 73) 3 (5 41 6 64 7 54) 1 3 (2 71 7 110 8 79)
5 3 4 (3 16 7 22 9 19 10 22) 3 (2 69 4 59 7 47) 3 (1 65 4 62 10 71) 2 6 (2 23 5 27 6 19 7 24 8 24 9 25) 6 (1 15 4 17 5 16 6 11 8 14 10 17)
5 4 6 (1 76 2 93 6 108 7 86 8 70 10 95) 4 (1 50 3 31 6 37 8 39) 7 (2 42 3 30 4 48 5 37 6 42 9 58 10 30) 7 (1 20 4 28 5 21 6 27 7 28 8 16 10 26) 1 5 (1 39 3 35 4 32 5 31 7 30)
5 4 3 (4 74 6 115 8 109) 5 (1 35 2 35 3 31 4 30 5 24) 2 (4 69 8 96) 7 (1 33 2 29 3 33 5 31 6 26 7 35 8 29) 1 5 (2 92 3 83 5 104 7 96 9 87)
5 4 4 (1 65 2 64 6 65 7 69) 2 (6 44 10 34) 5 (2 82 5 96 6 68 7 79 9 86) 3 (2 23 6 34 9 29) 1 3 (3 7 4 8 8 10)
5 5 7 (1 82 2 98 3 66 5 90 7 68 8 73 9 85) 5 (3 56 4 64 7 55 8 70 10 50) 6 (1 57 2 74 4 81 5 79 8 57 9 81) 3 (3 36 4 35 5 33) 6 (3 113 4 98 6 113 8 94 9 99 10 98)
5 4 7 (2 54 3 65 4 54 7 52 8 53 9 49 10 58) 6 (1 92 2 101 3 89 4 95 6 81 10 101) 7 (1 25 2 50 4 55 5 44 6 68 7 48 10 48) 4 (3 65 4 75 7 70 9 73) 1 6 (1 19 2 19 3 22 5 17 7 18 8 17)
5 4 3 (1 33 2 44 6 50) 5 (1 87 4 89 6 100 7 69 9 78) 6 (1 62 3 55 4 57 6 50 8 54 10 70) 6 (1 7 2 7 3 7 7 9 9 7 10 6) 1 7 (1 81 3 113 4 65 7 64 8 81 9 76 10 67)
5 3 2 (1 44 2 44) 5 (2 23 3 29 4 24 5 23 8 25) 2 (1 11 6 9) 2 7 (3 91 5 59 6 90 7 78 8 94 9 65 10 70) 7 (1 68 3 62 5 64 6 48 8 45 9 50 10 69)
5 5 7 (1 38 2 45 3 47 4 38 5 40 8 44 9 31) 6 (1 73 5 63 6 58 8 43 9 62 10 47) 5 (1 82 5 94 6 98 7 109 9 110) 5 (3 9 4 10 5 10 6 9 8 9) 5 (2 8 3 11 5 8 6 11 10 10)
5 3 6 (2 27 4 27 6 27 7 29 8 25 10 33) 3 (6 76 7 60 10 66) 4 (1 104 2 111 6 119 10 138) 2 4 (1 84 6 90 9 106 10 90) 7 (1 90 2 87 3 102 4 110 7 78 9 89 10 105)
5 2 7 (1 72 4 68 5 61 7 74 8 49 9 59 10 69) 4 (5 91 7 96 8 96 10 88) 3 5 (3 26 4 27 6 28 8 31 10 20) 2 (5 88 6 103) 2 (4 95 6 92)
5 4 5 (1 84 2 88 5 106 7 98 9 108) 6 (1 56 2 43 3 55 5 59 7 50 10 65) 7 (2 74 3 67 5 48 6 59 7 49 8 51 9 52) 6 (1 78 2 76 4 102 8 82 9 78 10 60) 1 6 (2 51 4 47 5 50 6 42 8 35 10 42)
5 5 2 (7 54 10 53) 4 (2 108 5 116 7 82 10 104) 5 (1 25 4 32 7 32 8 31 9 33) 5 (1 51 2 49 3 53 8 44 10 56) 2 (3 39 9 39)
5 4 4 (1 7 3 7 7 8 8 8) 4 (1 26 7 19 8 24 9 25) 2 (5 13 9 12) 4 (1 107 2 95 9 90 10 64) 1 7 (2 77 3 62 4 68 5 64 6 48 8 50 10 60)
5 5 5 (1 49 2 37 4 43 7 46 9 47) 4 (3 81 4 104 8 66 10 80) 2 (1 71 7 77) 5 (2 45 5 48 6 38 7 50 10 51) 4 (2 23 4 26 5 22 10 34)
5 3 5 (2 21 3 20 5 20 6 23 9 21) 4 (1 96 3 118 4 86 8 85) 4 (2 60 4 73 7 75 9 62) 2 6 (1 62 2 68 3 66 4 52 5 73 9 63) 4 (5 25 6 22 7 21 10 21)
5 5 2 (2 70 10 75) 6 (2 38 4 36 6 25 7 23 8 36 10 34) 6 (2 76 3 81 4 72 5 66 6 55 7 70) 2 (3 76 6 110) 5 (2 31 7 41 8 41 9 36 10 39)
