15 10
9 12 9 9 11 12 12 15 14 11
3 3 2 1 3 1 3 1 3 2
10 8 3 (1 9 6 7 9 6) 7 (2 84 3 71 4 65 6 90 8 68 9 54 10 62) 3 (2 46 5 55 6 67) 2 (3 78 8 58) 7 (1 25 4 39 6 24 7 28 8 29 9 27 10 24) 5 (1 42 4 42 5 54 8 46 10 40) 2 (1 31 9 48) 3 (3 97 4 80 6 84) 2 3 (1 23 4 26 9 26) 4 (1 20 3 13 5 24 9 18)
10 5 3 (2 21 4 20 5 16) 2 (3 55 8 86) 4 (4 51 6 37 7 45 9 54) 3 (6 21 8 28 9 26) 6 (3 90 5 76 6 84 7 103 8 83 10 72) 5 3 (4 41 8 39 9 36) 4 (3 15 4 11 7 10 10 14) 5 (2 23 3 24 5 24 8 28 9 27) 3 (2 56 6 73 10 62) 7 (1 9 3 8 4 10 5 8 7 10 8 7 9 10)
10 6 2 (9 54 10 48) 5 (4 82 5 116 7 73 9 97 10 83) 7 (1 78 2 102 3 92 5 80 7 73 9 98 10 103) 2 (6 7 10 9) 5 (1 54 4 65 6 59 7 53 8 57) 5 (1 60 4 52 8 61 9 47 10 70) 4 7 (1 62 2 63 3 57 4 51 5 58 6 75 9 54) 3 (6 81 7 58 9 70) 2 (6 56 10 41) 6 (1 41 4 54 5 63 6 42 8 41 10 48)
10 10 4 (2 75 6 53 8 87 9 57) 5 (1 46 2 37 3 51 4 46 5 45) 5 (4 120 5 114 6 103 7 108 8 136) 3 (5 52 6 61 7 59) 4 (1 64 4 72 5 78 9 74) 5 (1 80 2 92 5 74 6 112 8 61) 5 (1 12 3 12 4 13 6 12 8 15) 6 (1 100 3 81 4 81 6 87 8 93 9 97) 4 (1 12 5 9 6 9 10 10) 6 (1 73 2 76 4 62 6 72 7 93 10 71)
10 6 5 (1 80 2 80 3 89 4 74 8 75) 6 (2 35 3 39 4 37 6 42 7 30 8 31) 2 (5 33 8 29) 4 (1 6 3 7 5 5 6 7) 7 (2 81 3 73 4 81 5 63 6 67 8 63 9 80) 5 (1 83 2 66 3 77 5 68 10 66) 4 3 (1 13 4 13 5 10) 7 (1 43 2 36 3 40 6 44 7 42 9 57 10 37) 7 (2 63 3 64 5 87 6 73 7 62 8 62 9 68) 7 (3 23 4 37 5 30 6 26 8 29 9 25 10 33)
10 8 3 (1 79 3 67 6 36) 6 (2 54 5 60 7 51 8 61 9 50 10 41) 4 (2 66 4 60 6 39 10 52) 5 (3 69 4 61 5 57 6 63 10 50) 3 (4 64 5 81 6 70) 6 (3 79 4 58 5 65 6 57 7 75 10 76) 7 (2 68 4 86 5 99 6 71 7 117 8 98 10 86) 3 (3 33 6 39 10 50) 2 5 (2 38 4 25 5 29 6 30 10 30) 6 (1 9 3 8 4 9 6 8 9 9 10 10)
10 9 4 (2 66 3 75 4 69 8 57) 6 (2 79 3 112 4 63 6 123 7 97 9 111) 7 (1 61 2 73 4 68 5 37 6 52 7 76 9 49) 3 (1 92 3 95 6 123) 3 (1 105 2 89 8 77) 2 (9 9 10 8) 7 (1 75 4 58 5 40 6 46 7 58 8 54 9 45) 5 (1 73 2 78 7 75 8 80 10 75) 7 (1 30 2 38 5 36 6 31 7 45 8 36 9 34) 1 2 (3 11 9 17)
10 6 7 (2 72 3 61 4 70 6 59 7 68 8 56 10 69) 6 (1 84 2 98 4 61 6 93 7 87 10 91) 6 (2 98 5 91 6 88 8 100 9 96 10 53) 7 (2 33 3 23 4 31 5 29 7 22 9 29 10 23) 6 (1 89 2 86 5 76 8 87 9 84 10 65) 3 (5 34 8 27 9 38) 4 5 (1 79 2 73 6 78 9 84 10 55) 4 (3 11 4 9 7 9 9 10) 5 (2 79 3 61 4 96 6 58 8 77) 6 (5 44 6 48 7 55 8 53 9 54 10 33)
10 5 2 (2 32 3 32) 4 (2 46 3 40 4 32 6 35) 7 (1 84 2 63 4 85 6 65 8 79 9 63 10 56) 4 (4 28 6 33 7 29 8 24) 2 (2 30 4 51) 5 5 (3 54 4 53 5 58 6 67 8 51) 2 (1 67 6 70) 6 (1 17 5 26 6 15 7 18 8 20 9 20) 4 (4 30 5 36 8 28 9 32) 2 (9 86 10 72)
10 8 6 (1 51 3 56 4 57 6 69 8 71 10 70) 4 (1 5 8 6 9 5 10 6) 2 (5 60 9 51) 4 (2 55 3 48 4 50 9 42) 3 (2 83 6 104 9 87) 4 (2 19 3 21 4 22 10 20) 5 (1 77 5 70 6 85 8 63 9 58) 4 (5 23 6 26 7 21 8 34) 2 5 (1 47 4 52 5 61 9 50 10 53) 7 (1 46 2 53 4 60 5 63 6 48 8 65 9 70)
10 7 2 (7 121 10 122) 2 (2 79 3 123) 2 (3 33 8 42) 7 (1 18 3 24 4 19 5 21 6 19 8 24 10 19) 4 (1 15 2 12 4 18 7 22) 6 (2 47 4 37 6 50 8 34 9 33 10 38) 2 (6 24 9 27) 3 3 (3 38 6 32 8 35) 5 (1 46 3 60 5 56 7 59 10 44) 3 (3 10 5 10 8 8)
10 9 5 (1 65 2 65 3 63 4 52 9 61) 5 (1 51 3 70 4 68 6 51 10 67) 6 (3 71 4 71 5 71 7 76 8 67 10 83) 6 (1 10 2 12 4 10 6 11 7 9 10 9) 3 (2 68 6 64 9 62) 7 (2 12 4 20 5 13 6 20 7 11 8 13 10 15) 2 (1 90 9 75) 6 (4 20 5 18 6 17 8 23 9 19 10 16) 6 (1 78 4 81 6 109 8 86 9 66 10 94) 1 3 (2 14 8 19 10 11)
10 8 5 (2 70 3 90 6 89 7 70 8 84) 7 (1 72 2 51 3 57 4 62 8 55 9 47 10 66) 2 (9 53 10 46) 5 (1 105 2 85 5 111 7 77 9 100) 2 (4 49 10 47) 6 (1 95 3 71 4 86 6 93 9 55 10 76) 6 (4 71 5 87 6 63 7 73 8 63 10 51) 6 (1 96 2 80 4 89 6 85 7 75 9 91) 2 4 (5 89 8 81 9 110 10 80) 3 (1 46 3 48 5 45)
10 10 3 (5 8 9 8 10 10) 6 (2 78 5 87 7 64 8 76 9 80 10 76) 5 (2 23 5 24 7 26 8 23 9 32) 6 (1 50 2 48 3 46 4 49 6 53 9 39) 7 (1 45 2 29 3 45 4 45 5 53 7 34 9 31) 3 (5 78 7 79 8 84) 5 (3 6 4 6 7 6 9 5 10 4) 6 (2 21 3 22 4 23 7 20 8 24 10 27) 7 (2 113 4 69 5 88 7 84 8 96 9 98 10 95) 3 (1 30 6 36 7 31)
10 7 5 (1 17 2 29 4 32 5 26 7 18) 6 (2 28 4 30 5 24 6 25 7 31 10 20) 6 (1 50 4 50 5 45 6 44 7 33 9 49) 6 (1 56 4 53 5 63 6 53 7 42 9 37) 2 (5 49 10 50) 4 (5 88 7 78 8 84 9 82) 6 (1 68 3 67 4 64 8 71 9 78 10 60) 3 7 (1 9 2 9 3 8 4 9 6 9 9 8 10 9) 3 (5 31 7 28 8 26) 7 (1 59 4 50 5 53 6 45 7 41 9 39 10 45)
