10 10
13 12 15 14 12 9 12 10 14 15
4 2 2 2 3 1 4 3 2 3
10 10 5 (1 30 3 23 4 29 5 35 6 33) 7 (1 66 2 96 3 56 4 70 5 76 7 65 10 89) 3 (1 9 4 9 10 8) 7 (1 44 4 36 5 44 7 39 8 29 9 35 10 26) 7 (1 32 3 61 4 58 5 55 7 48 8 45 10 40) 7 (1 13 2 10 3 10 6 14 7 13 9 15 10 10) 7 (2 63 4 66 5 53 6 57 7 49 9 65 10 69) 3 (3 84 4 60 8 57) 5 (1 43 3 34 4 43 6 50 10 50) 5 (3 17 4 21 6 26 7 17 9 20)
10 5 7 (1 44 4 50 5 54 6 36 7 42 9 47 10 47) 7 (1 95 2 95 5 96 6 107 7 79 9 92 10 73) 3 (4 68 5 87 6 78) 3 (3 13 7 10 8 13) 7 (2 80 3 92 6 81 7 71 8 59 9 57 10 68) 5 7 (1 21 2 25 3 32 5 25 6 25 7 29 8 29) 4 (4 55 5 43 6 46 7 37) 5 (1 46 3 54 6 49 8 48 9 42) 4 (5 63 6 68 8 75 9 78) 2 (9 36 10 30)
10 6 6 (1 86 2 87 4 96 6 78 8 98 9 83) 4 (5 76 6 111 8 76 10 105) 4 (2 44 7 37 9 39 10 34) 3 (1 61 2 72 7 90) 6 (2 72 3 64 4 98 5 86 7 102 10 88) 4 (1 11 2 13 9 6 10 12) 4 7 (1 10 3 10 4 11 6 16 7 15 9 10 10 10) 2 (3 82 7 97) 4 (2 55 4 47 6 52 9 44) 5 (2 32 3 35 5 39 7 37 9 34)
10 6 6 (3 88 4 79 5 93 6 83 7 90 10 63) 4 (3 104 8 107 9 86 10 94) 2 (3 81 6 56) 7 (2 88 4 82 6 97 7 94 8 91 9 111 10 109) 4 (3 7 7 7 8 11 10 8) 7 (1 56 2 70 3 47 4 52 5 49 7 42 9 43) 4 2 (3 92 4 110) 5 (2 97 4 96 5 92 7 106 9 92) 7 (1 22 2 22 5 21 6 16 7 17 9 20 10 21) 4 (2 39 5 45 9 35 10 47)
10 5 7 (1 15 3 13 4 12 5 12 8 15 9 15 10 18) 2 (1 7 8 6) 6 (1 22 2 30 3 25 6 20 7 23 8 25) 6 (3 46 4 69 6 53 7 62 8 63 9 58) 4 (1 20 3 26 5 36 9 27) 5 4 (2 62 4 74 5 59 10 67) 5 (1 21 4 20 6 21 8 20 9 26) 3 (5 55 7 60 9 49) 6 (2 87 4 70 5 70 6 86 8 63 9 72) 4 (1 51 2 47 3 55 4 52)
10 9 4 (2 97 3 64 7 74 8 82) 6 (1 2 4 2 5 2 7 2 8 2 10 2) 2 (8 47 10 34) 6 (2 85 3 109 6 92 8 99 9 87 10 93) 3 (2 36 6 47 8 62) 2 (6 81 9 68) 6 (1 44 4 36 5 38 8 39 9 37 10 45) 6 (1 87 4 82 7 76 8 64 9 78 10 77) 3 (3 5 5 7 8 5) 1 5 (1 23 2 18 4 28 9 28 10 28)
10 5 5 (1 46 4 41 6 44 7 45 10 44) 2 (4 40 6 34) 5 (1 69 5 44 6 53 8 53 9 69) 4 (3 11 4 13 6 14 7 14) 2 (8 32 10 29) 5 2 (8 20 9 23) 2 (2 31 8 26) 4 (1 78 4 88 8 84 10 80) 7 (1 26 3 29 4 37 6 26 7 31 8 24 9 29) 4 (2 51 6 57 9 51 10 54)
10 8 2 (3 30 7 40) 4 (1 77 3 58 8 91 9 96) 3 (3 61 7 43 10 55) 3 (2 69 6 62 7 61) 2 (6 40 10 24) 5 (1 90 2 101 3 85 4 79 5 86) 3 (1 18 8 23 10 16) 7 (3 57 4 47 5 60 6 37 8 44 9 38 10 51) 2 2 (7 38 10 25) 4 (2 84 3 73 7 79 8 65)
10 8 3 (3 68 8 59 9 84) 6 (1 60 2 80 3 70 5 74 6 67 7 77) 3 (2 88 7 54 10 69) 6 (1 52 5 53 7 53 8 56 9 43 10 56) 6 (2 111 4 78 5 100 6 92 7 78 10 55) 3 (5 11 6 9 8 11) 5 (1 44 2 33 5 46 8 36 9 39) 6 (1 79 4 72 5 72 8 97 9 101 10 63) 2 6 (1 23 2 33 4 30 5 30 6 21 9 27) 6 (1 84 2 84 5 80 8 78 9 65 10 68)
10 9 4 (2 78 3 77 6 84 8 79) 5 (3 12 4 13 5 14 6 16 8 11) 4 (2 52 3 59 6 58 8 73) 3 (1 8 5 7 7 8) 7 (1 66 3 60 4 56 6 58 8 73 9 57 10 69) 6 (2 84 3 69 4 71 7 82 9 94 10 69) 4 (1 60 2 45 5 53 6 50) 6 (1 49 3 49 5 56 6 47 7 62 8 52) 7 (1 98 3 84 4 88 5 80 7 92 8 76 9 94) 1 3 (2 52 5 35 8 43)
