10 10
14 12 10 11 13 8 12 14 10 14
3 3 3 3 3 2 2 4 3 2
10 7 7 (2 23 3 29 4 27 5 31 7 20 8 27 9 29) 7 (2 73 4 69 5 72 7 75 8 57 9 85 10 59) 7 (2 9 3 8 4 8 5 8 7 7 8 8 10 7) 4 (1 31 4 37 5 39 8 36) 7 (1 47 4 45 6 55 7 52 8 64 9 49 10 50) 3 (4 12 5 13 6 12) 3 (7 58 9 50 10 65) 3 4 (3 63 7 38 9 58 10 44) 6 (1 48 3 54 4 47 5 41 8 45 9 36) 4 (1 20 3 21 6 25 7 25)
10 10 3 (6 38 7 42 10 42) 4 (4 67 8 74 9 95 10 80) 4 (1 80 2 61 4 58 5 75) 2 (7 11 8 8) 2 (1 67 5 63) 7 (1 35 4 26 5 32 7 28 8 23 9 23 10 26) 3 (2 51 8 43 10 47) 3 (4 44 5 42 8 54) 6 (1 68 2 78 3 81 6 89 7 82 8 73) 7 (2 24 3 29 4 25 5 28 7 32 9 29 10 35)
10 10 7 (2 127 3 78 5 104 6 100 7 88 9 71 10 99) 5 (1 83 3 82 7 70 8 68 10 100) 3 (2 40 7 39 9 53) 3 (3 75 5 74 10 67) 3 (2 68 6 81 10 72) 7 (1 8 3 10 4 10 7 10 8 12 9 15 10 11) 7 (1 11 2 14 3 10 5 16 6 13 8 16 9 16) 6 (2 84 4 97 5 71 8 72 9 84 10 85) 3 (4 44 5 56 7 36) 7 (1 31 2 26 3 27 4 36 6 28 7 30 9 32)
10 8 5 (3 92 4 67 5 100 8 78 9 90) 3 (1 113 6 102 7 65) 4 (1 80 3 68 6 89 10 63) 7 (1 105 2 111 4 112 5 88 6 104 7 105 9 80) 7 (1 8 4 7 5 8 6 9 7 10 8 8 10 10) 7 (1 44 3 41 4 59 5 58 7 48 9 43 10 40) 5 (2 77 3 87 5 99 6 84 8 87) 2 (1 98 8 78) 2 2 (4 21 10 25) 3 (7 44 9 46 10 57)
10 5 3 (6 14 8 13 9 13) 3 (1 7 2 7 7 6) 5 (1 25 4 18 7 24 9 21 10 22) 7 (1 78 4 41 6 83 7 54 8 64 9 61 10 70) 6 (4 33 5 21 7 20 8 35 9 25 10 27) 5 7 (1 71 3 47 4 65 6 67 7 69 8 58 10 67) 3 (3 18 8 19 10 21) 6 (2 55 4 54 7 38 8 42 9 50 10 50) 3 (3 79 6 60 10 71) 3 (4 50 7 60 10 67)
10 8 4 (2 74 5 96 6 82 10 82) 7 (1 2 2 2 3 2 5 2 6 2 8 2 10 2) 4 (2 56 3 48 8 57 9 52) 4 (1 93 2 96 4 89 7 84) 4 (1 46 4 48 8 51 10 43) 3 (4 75 5 60 8 85) 3 (2 52 5 28 6 61) 3 (2 61 5 63 9 61) 2 7 (3 7 4 6 5 5 6 6 8 6 9 5 10 6) 7 (1 29 2 29 3 19 5 21 7 28 8 27 10 26)
10 7 2 (1 51 10 42) 6 (1 44 4 36 6 23 7 41 9 29 10 38) 3 (4 55 6 70 7 59) 4 (2 13 3 14 5 12 8 9) 6 (1 30 3 33 5 40 7 32 9 36 10 33) 6 (2 21 4 21 5 25 7 20 9 22 10 22) 6 (1 26 2 34 3 31 4 38 5 37 9 29) 3 4 (3 114 4 85 5 97 9 91) 4 (1 30 4 30 6 38 7 43) 7 (2 48 3 69 5 64 6 50 7 63 9 72 10 53)
10 5 4 (2 34 4 31 5 33 10 26) 5 (2 63 3 93 4 86 5 64 9 49) 2 (1 44 10 50) 2 (2 80 3 93) 2 (1 32 10 34) 5 3 (7 85 9 84 10 107) 7 (2 19 3 16 4 21 6 15 7 17 8 19 9 18) 5 (2 48 3 51 4 53 5 35 10 36) 4 (4 35 5 36 7 44 8 44) 4 (1 90 3 61 5 68 6 72)
10 6 5 (1 97 4 91 6 68 7 92 8 64) 7 (1 77 3 94 4 71 5 80 6 57 7 70 8 75) 3 (4 85 6 92 10 70) 2 (4 37 8 55) 7 (1 75 2 71 3 91 5 89 8 103 9 72 10 67) 4 (2 10 5 9 8 9 9 9) 4 6 (1 40 3 45 7 35 8 38 9 48 10 41) 6 (1 80 2 97 3 85 6 92 7 96 10 101) 5 (2 23 5 26 6 25 8 32 9 24) 4 (2 74 4 70 5 73 6 75)
10 8 5 (1 79 3 106 4 73 5 81 10 93) 3 (6 14 8 14 9 14) 2 (2 54 7 57) 2 (5 7 6 8) 2 (7 61 10 63) 2 (5 86 8 78) 4 (2 42 5 44 7 39 8 41) 7 (1 44 5 46 6 62 7 55 8 58 9 60 10 45) 2 6 (1 83 2 80 4 116 6 87 7 101 10 99) 5 (1 43 2 41 3 35 5 41 8 44)
