15 10
9 15 14 9 11 13 10 11 10 14
1 3 4 3 3 2 3 2 3 4
10 6 4 (1 12 5 11 7 12 9 13) 3 (1 6 2 12 4 9) 5 (3 12 4 11 5 11 8 10 9 14) 2 (1 8 9 7) 3 (1 3 5 3 6 7) 3 (2 7 4 7 6 9) 4 3 (3 2 7 2 8 2) 2 (6 14 10 21) 5 (2 13 3 9 4 10 5 12 9 9) 3 (3 13 7 15 10 8)
10 9 4 (4 12 5 10 8 12 10 12) 3 (2 19 3 17 4 14) 7 (3 8 4 10 5 7 7 7 8 6 9 7 10 4) 6 (1 14 2 12 7 14 8 12 9 13 10 10) 6 (2 13 3 11 4 12 5 10 6 13 10 12) 2 (3 15 9 16) 4 (3 10 6 11 7 15 8 12) 5 (1 7 2 7 3 6 5 7 8 8) 6 (1 8 3 8 5 10 6 10 8 9 10 8) 1 2 (2 11 5 11)
10 5 2 (1 3 7 2) 2 (8 8 9 7) 6 (1 11 3 12 5 13 7 9 9 10 10 13) 7 (2 3 3 5 4 6 5 5 7 5 8 6 9 3) 3 (2 8 9 7 10 8) 5 7 (1 11 2 13 3 14 5 11 6 19 7 10 10 18) 4 (2 15 7 11 8 15 9 9) 5 (3 9 4 7 5 8 6 8 10 7) 6 (1 19 5 15 6 18 7 19 8 17 10 15) 7 (2 6 3 6 5 8 6 7 7 7 9 6 10 7)
10 7 7 (1 12 3 15 4 14 7 12 8 17 9 12 10 13) 5 (4 5 6 5 7 3 9 4 10 3) 3 (5 13 8 12 9 11) 7 (1 8 3 8 4 9 5 8 6 10 7 9 9 8) 6 (1 14 3 13 4 15 5 13 6 18 10 10) 2 (5 6 8 8) 6 (1 2 2 2 3 2 7 2 8 2 10 2) 3 7 (1 12 5 13 6 11 7 13 8 13 9 14 10 13) 5 (1 17 2 16 4 18 7 13 10 16) 6 (2 3 3 3 5 5 6 4 9 5 10 5)
10 7 6 (1 14 4 11 6 12 7 15 8 16 9 14) 2 (5 14 9 10) 5 (4 2 5 2 6 2 7 2 8 2) 6 (2 9 3 10 4 13 5 14 9 10 10 16) 3 (4 15 8 13 10 14) 6 (1 7 2 7 3 7 4 7 7 8 8 8) 3 (2 10 8 8 10 8) 3 2 (5 3 10 4) 2 (3 3 9 4) 5 (1 7 3 10 4 8 6 7 10 9)
10 5 6 (1 7 2 6 3 5 6 7 7 6 10 7) 6 (1 18 4 10 5 13 6 15 7 16 9 13) 3 (1 12 2 16 6 11) 2 (7 14 8 13) 7 (1 12 2 13 4 13 5 17 7 14 8 12 9 14) 5 2 (4 11 5 8) 6 (1 9 2 11 3 11 4 9 5 9 10 9) 6 (1 15 2 13 4 12 5 13 6 12 8 13) 5 (2 5 4 6 5 3 8 5 9 6) 2 (1 4 3 4)
10 9 5 (4 13 5 10 6 12 9 11 10 9) 3 (5 10 9 8 10 10) 3 (1 9 4 7 7 7) 6 (1 16 2 16 3 20 5 22 6 12 10 15) 5 (3 12 4 14 5 13 7 12 10 15) 6 (1 8 2 7 4 7 6 10 8 9 9 8) 3 (3 2 7 2 10 2) 4 (3 11 4 13 6 16 8 13) 6 (2 12 4 13 5 14 6 10 8 8 9 9) 1 6 (2 13 3 11 4 8 7 10 8 9 10 13)
10 10 3 (4 12 9 14 10 12) 4 (3 21 4 17 5 11 8 14) 2 (2 12 6 11) 2 (1 13 9 17) 4 (1 10 2 10 3 12 4 10) 5 (2 7 4 8 7 6 8 8 9 10) 5 (2 11 3 14 4 10 5 13 9 12) 3 (1 7 4 7 8 6) 6 (1 12 2 10 4 12 6 12 7 11 8 13) 6 (1 2 5 3 7 5 8 5 9 4 10 3)
10 5 3 (6 16 7 20 10 14) 6 (1 12 2 14 3 9 5 12 6 8 7 11) 3 (4 14 5 13 6 10) 3 (4 12 6 12 7 10) 7 (2 16 3 17 5 14 6 14 7 11 8 12 10 15) 5 6 (1 10 4 9 5 7 6 8 8 9 9 8) 4 (1 2 5 2 8 2 10 2) 2 (6 6 9 7) 5 (1 13 3 14 5 12 9 16 10 9) 7 (1 10 2 13 4 15 6 16 7 16 8 8 10 14)
10 6 3 (1 11 2 20 5 14) 3 (1 15 2 15 7 17) 4 (1 7 4 8 5 9 8 8) 2 (4 15 10 11) 5 (3 9 5 9 7 9 8 7 10 8) 3 (1 13 6 9 7 14) 4 2 (6 4 7 4) 7 (1 13 4 13 5 16 6 13 8 10 9 16 10 12) 4 (1 13 5 12 8 16 10 14) 2 (8 12 9 10)
10 6 4 (3 6 5 8 6 7 8 7) 4 (2 9 6 14 9 15 10 14) 6 (3 17 4 8 6 13 7 12 8 8 10 11) 7 (1 13 2 10 4 8 6 10 8 11 9 10 10 10) 4 (4 5 6 4 7 4 9 4) 7 (1 17 2 18 3 19 4 12 5 19 9 18 10 21) 4 2 (3 5 5 5) 5 (1 7 2 7 5 9 7 8 10 8) 5 (1 6 3 13 4 11 7 13 8 11) 6 (1 9 2 16 4 18 8 15 9 12 10 14)
10 10 4 (4 9 5 10 7 9 8 8) 7 (1 8 2 8 3 10 4 8 6 8 7 8 10 7) 7 (3 15 4 11 5 9 6 12 7 13 8 11 10 12) 5 (1 14 5 19 6 20 9 18 10 13) 2 (5 18 10 13) 7 (3 16 5 12 6 13 7 13 8 13 9 13 10 11) 2 (5 2 6 2) 5 (1 4 2 3 3 4 5 4 8 4) 7 (1 12 2 15 5 11 6 14 7 10 8 14 10 14) 2 (6 6 8 8)
10 9 6 (2 10 3 11 6 11 8 12 9 9 10 9) 6 (1 2 2 2 3 2 4 2 8 2 10 2) 6 (2 13 4 10 5 14 6 11 9 9 10 12) 4 (4 8 5 9 8 6 10 9) 6 (1 18 2 10 5 16 6 13 7 9 8 16) 6 (1 11 3 13 4 12 6 12 8 14 10 15) 3 (4 10 7 15 10 8) 5 (1 17 3 11 7 15 8 18 9 14) 7 (1 5 2 4 3 4 4 5 5 5 9 5 10 7) 1 2 (1 7 5 9)
10 8 7 (1 8 2 13 3 12 6 11 8 12 9 10 10 10) 4 (6 8 8 8 9 9 10 7) 7 (1 8 4 6 5 6 6 7 7 6 9 6 10 6) 7 (1 6 3 7 5 9 6 9 7 7 9 7 10 8) 3 (5 6 6 4 9 4) 2 (2 12 7 8) 2 (3 16 5 14) 6 (2 2 5 2 6 2 7 2 9 2 10 2) 2 7 (2 12 3 12 5 14 6 8 7 15 8 14 9 8) 6 (1 16 2 14 3 20 4 19 5 15 6 22)
10 10 3 (2 12 6 11 8 10) 6 (4 7 6 4 7 6 8 6 9 5 10 4) 4 (2 16 3 15 6 14 8 16) 3 (1 15 8 13 10 14) 6 (1 11 2 13 3 10 4 11 6 14 8 8) 4 (3 15 4 19 9 21 10 17) 7 (1 13 2 14 3 16 4 9 6 16 8 15 9 13) 3 (4 6 8 8 9 8) 4 (3 10 6 14 7 13 9 11) 3 (3 8 5 8 9 7)
