15 10
12 13 13 14 10 8 11 14 13 15
1 2 4 4 4 2 2 3 4 3
10 9 2 (1 88 4 57) 4 (2 51 5 72 6 63 8 64) 4 (1 64 3 69 4 62 10 70) 4 (1 37 3 47 7 51 8 47) 6 (2 96 3 101 4 110 5 96 8 97 9 109) 7 (2 82 3 78 4 76 5 95 6 75 9 111 10 82) 5 (3 4 6 5 7 4 9 5 10 5) 3 (3 74 6 52 9 55) 6 (1 75 2 71 5 93 6 85 8 94 10 86) 1 7 (2 9 3 10 5 10 7 7 8 10 9 10 10 10)
10 9 6 (1 22 2 17 3 26 5 21 9 14 10 17) 7 (1 104 2 100 4 83 6 96 7 103 8 93 9 87) 6 (1 14 4 12 5 14 8 16 9 14 10 16) 3 (5 37 7 36 9 43) 3 (3 74 8 71 9 103) 5 (1 76 2 89 5 73 6 76 10 85) 4 (6 34 7 25 8 23 9 30) 2 (2 52 3 56) 3 (3 64 4 87 6 60) 1 4 (1 66 8 64 9 83 10 106)
10 6 5 (1 40 2 38 3 44 8 41 10 40) 2 (3 67 7 90) 6 (1 34 2 42 5 39 6 44 8 35 10 37) 7 (1 80 2 97 4 89 7 88 8 83 9 77 10 84) 7 (1 59 3 73 5 85 6 63 8 72 9 71 10 77) 2 (6 25 7 23) 4 6 (2 11 3 10 4 13 5 10 6 10 7 8) 7 (2 69 3 84 5 81 6 77 8 84 9 67 10 78) 7 (1 60 2 54 3 41 4 29 6 40 7 46 10 50) 3 (1 56 5 53 6 61)
10 7 5 (3 66 6 83 7 90 8 76 9 83) 3 (6 19 7 18 9 15) 3 (4 7 7 7 8 7) 7 (1 67 2 74 3 75 6 70 8 65 9 77 10 66) 3 (5 12 8 8 10 11) 3 (3 75 9 51 10 65) 7 (1 46 2 45 3 42 7 49 8 51 9 58 10 42) 3 5 (3 34 4 44 5 33 8 42 9 34) 4 (1 65 2 97 6 108 8 76) 4 (1 53 2 48 7 54 9 50)
10 9 7 (1 25 2 26 5 14 6 18 7 28 9 18 10 21) 3 (1 13 6 13 8 14) 5 (1 89 3 82 4 87 8 75 10 58) 5 (1 65 4 59 5 59 6 67 9 66) 4 (1 72 2 76 5 61 9 66) 3 (6 82 9 95 10 99) 4 (4 15 5 10 9 19 10 16) 5 (2 53 4 57 5 58 6 49 10 55) 5 (1 56 2 79 3 86 4 81 9 78) 1 6 (2 59 3 83 4 106 6 91 9 98 10 79)
10 5 7 (2 112 3 96 5 93 7 87 8 99 9 91 10 101) 2 (5 107 9 91) 7 (1 61 2 52 3 60 5 60 8 55 9 68 10 54) 3 (1 80 4 50 6 79) 4 (1 82 3 80 8 69 9 73) 5 3 (4 58 7 66 9 69) 5 (3 35 4 55 5 53 9 49 10 47) 4 (1 33 2 30 4 28 7 27) 5 (2 7 3 4 4 7 5 7 7 7) 3 (3 56 4 76 5 50)
10 7 2 (6 53 10 62) 6 (1 95 2 101 7 121 8 96 9 114 10 70) 4 (1 41 3 43 5 60 9 47) 3 (1 21 2 25 5 30) 2 (3 66 7 91) 2 (5 72 8 70) 7 (1 28 3 34 4 36 6 30 7 40 8 34 9 34) 3 4 (1 29 2 23 8 27 10 29) 4 (1 83 3 107 5 117 10 102) 5 (2 6 4 5 7 6 8 8 9 6)
10 6 2 (1 58 2 73) 2 (1 16 7 18) 7 (2 91 3 101 4 66 5 65 8 75 9 65 10 85) 4 (1 6 3 7 4 9 9 9) 5 (1 40 5 42 8 36 9 45 10 40) 7 (1 38 3 39 5 30 6 35 7 38 8 45 10 29) 4 6 (1 28 5 32 6 37 7 26 8 30 9 35) 5 (1 73 2 77 5 89 6 55 7 91) 6 (2 32 4 31 5 33 7 35 9 36 10 39) 3 (5 76 8 89 10 75)
10 6 2 (1 62 3 81) 3 (8 14 9 12 10 10) 4 (1 58 4 69 6 81 9 92) 6 (1 30 3 35 4 25 5 29 7 28 10 30) 3 (1 48 8 53 10 62) 7 (2 99 3 68 4 81 5 112 7 96 9 99 10 78) 4 6 (1 74 2 93 5 62 6 56 9 85 10 93) 6 (3 58 4 69 6 74 7 92 8 66 9 96) 6 (1 36 2 54 3 48 4 36 5 46 10 39) 6 (1 13 3 15 4 14 5 14 6 14 8 13)
10 9 7 (1 6 2 6 4 5 5 6 6 6 8 6 10 5) 3 (3 22 4 25 10 33) 6 (1 39 3 38 6 30 7 23 9 27 10 32) 7 (3 63 5 70 6 69 7 56 8 56 9 56 10 77) 7 (1 50 2 43 3 49 6 59 7 51 8 61 9 48) 4 (3 44 4 46 8 45 9 46) 2 (2 77 4 63) 7 (1 5 2 7 3 5 6 5 7 5 8 5 9 7) 2 (7 86 9 84) 1 7 (2 49 4 46 5 59 6 63 7 48 8 53 10 41)
10 8 6 (2 63 4 57 5 50 7 71 8 65 10 71) 7 (1 82 4 54 5 55 6 67 7 68 8 55 9 67) 4 (1 44 4 36 5 36 9 38) 2 (1 66 2 59) 5 (2 61 4 71 6 59 7 66 10 45) 6 (1 62 3 70 4 65 5 51 8 56 9 68) 2 (1 31 8 43) 2 (5 84 6 64) 2 2 (7 7 9 6) 4 (1 93 4 51 7 94 8 82)
10 7 7 (2 83 4 100 5 52 6 93 7 88 8 92 10 53) 7 (1 108 4 102 6 90 7 101 8 100 9 99 10 82) 2 (5 87 10 69) 4 (1 65 2 74 6 75 7 78) 6 (2 63 5 78 7 49 8 73 9 47 10 55) 6 (2 61 3 50 4 72 5 56 6 50 10 52) 6 (1 9 4 14 6 11 7 13 8 12 9 14) 3 2 (5 71 9 73) 2 (5 86 9 87) 3 (3 7 7 7 9 6)
10 9 3 (4 32 5 22 10 28) 2 (4 11 7 12) 5 (1 43 4 60 5 51 7 53 9 31) 3 (2 67 6 79 9 86) 6 (3 40 5 41 6 45 7 38 9 43 10 32) 7 (2 33 3 25 4 25 5 28 6 26 8 25 9 37) 6 (1 25 3 23 5 25 6 27 7 32 10 27) 4 (4 72 5 60 7 69 8 57) 6 (4 52 5 65 6 49 7 43 9 55 10 46) 1 3 (2 30 6 34 7 26)
10 6 5 (1 12 3 14 4 14 9 13 10 15) 6 (1 34 3 40 5 42 6 38 9 38 10 49) 3 (1 53 6 54 8 61) 3 (2 71 4 68 6 75) 2 (1 147 4 102) 7 (1 83 3 72 4 67 7 56 8 65 9 70 10 71) 4 6 (1 60 2 61 6 54 7 67 8 75 9 67) 3 (4 7 6 8 10 9) 7 (1 44 2 41 3 53 4 40 6 36 8 34 10 51) 5 (3 62 5 76 8 87 9 59 10 57)
10 9 3 (3 12 4 20 9 20) 5 (4 86 5 101 7 86 8 89 9 78) 7 (1 55 3 56 4 51 5 55 6 70 7 47 8 72) 7 (2 44 3 37 5 60 7 38 8 55 9 46 10 38) 5 (3 77 4 79 5 66 6 60 10 56) 2 (1 52 2 49) 3 (2 44 5 41 6 40) 4 (5 49 6 50 9 58 10 48) 3 (2 83 5 86 7 59) 1 7 (1 59 2 60 3 51 5 62 7 78 9 85 10 71)
