15 10
11 9 10 8 10 9 13 10 13 14
2 2 3 4 2 3 4 2 3 2
10 10 4 (1 13 6 13 8 17 9 16) 7 (1 74 2 69 3 59 5 87 7 70 8 86 9 59) 5 (2 11 6 12 8 13 9 13 10 13) 3 (2 35 4 44 8 63) 2 (4 76 10 83) 3 (1 80 3 117 5 117) 3 (3 11 4 11 9 14) 3 (1 31 2 30 9 30) 5 (2 44 4 42 5 41 6 47 8 39) 5 (2 64 3 68 7 61 8 76 10 76)
10 5 5 (1 43 4 37 5 38 6 43 8 19) 5 (1 90 2 107 3 80 4 85 7 67) 4 (4 97 5 94 7 98 10 84) 4 (2 57 5 58 7 69 10 44) 4 (3 64 4 88 7 105 8 92) 5 6 (1 89 2 99 6 82 7 78 8 63 9 94) 2 (1 48 4 36) 4 (3 84 4 64 8 54 10 72) 2 (3 67 6 61) 7 (2 89 4 96 5 102 6 112 7 86 8 98 10 96)
10 6 7 (2 6 3 4 4 5 5 6 6 4 7 5 8 4) 5 (1 64 2 80 3 91 8 81 10 106) 7 (3 46 4 44 5 39 6 43 7 48 8 44 10 53) 2 (1 58 6 47) 4 (3 10 5 10 8 8 10 8) 3 (2 7 8 7 9 7) 4 6 (1 46 2 49 3 40 6 39 7 49 8 45) 5 (1 51 2 61 3 75 6 60 7 59) 2 (3 63 8 77) 4 (1 14 2 14 8 15 10 16)
10 6 5 (2 43 3 37 7 48 8 36 9 40) 2 (9 7 10 8) 7 (3 117 4 118 5 104 6 65 7 81 9 123 10 128) 3 (2 18 5 15 8 23) 4 (1 60 2 67 5 70 6 74) 4 (1 112 7 96 8 71 9 113) 4 5 (1 79 2 72 3 86 5 78 7 81) 4 (1 47 2 38 4 40 6 38) 2 (2 90 10 53) 5 (1 39 3 40 5 49 9 33 10 37)
10 7 5 (1 63 6 43 7 53 8 55 10 57) 7 (1 70 4 87 6 68 7 62 8 74 9 69 10 61) 3 (1 90 7 72 10 72) 3 (1 45 3 30 6 35) 6 (3 40 4 32 5 47 7 43 9 29 10 41) 4 (4 20 6 26 7 16 10 18) 5 (1 58 2 59 4 45 6 41 10 54) 3 6 (2 5 3 4 5 4 7 5 9 4 10 5) 5 (2 37 6 36 7 26 8 37 10 45) 7 (1 7 4 5 5 8 6 6 7 7 8 7 10 10)
10 8 3 (6 11 9 8 10 9) 4 (1 83 2 58 9 87 10 76) 3 (4 31 9 37 10 34) 6 (2 85 3 47 6 69 7 84 8 72 9 68) 3 (1 86 2 73 5 62) 6 (1 97 2 89 3 86 6 107 7 113 10 69) 4 (2 22 3 29 6 26 9 25) 3 (3 42 4 42 10 40) 2 2 (6 70 8 57) 6 (1 72 2 63 3 62 5 47 6 55 10 62)
10 5 7 (2 93 3 101 4 84 6 96 7 97 8 85 10 122) 2 (1 79 5 64) 4 (3 78 4 82 5 64 7 62) 5 (4 23 5 16 6 21 7 22 10 19) 5 (1 94 3 114 4 48 5 79 6 87) 5 5 (1 28 6 23 7 38 8 27 9 33) 2 (3 60 7 57) 6 (2 19 3 15 5 11 6 15 7 18 10 16) 2 (5 72 8 88) 4 (5 7 6 7 8 6 10 7)
10 8 5 (2 95 5 89 6 91 8 86 9 99) 3 (7 80 9 98 10 81) 5 (4 58 5 55 7 73 8 66 10 82) 4 (2 60 4 66 7 62 10 56) 3 (3 58 7 53 9 81) 2 (4 28 7 32) 3 (2 31 9 34 10 36) 4 (2 28 5 44 6 33 9 30) 2 7 (1 55 3 30 4 61 5 55 6 40 8 39 10 38) 7 (1 66 2 50 3 50 5 52 6 56 7 69 10 62)
10 9 2 (8 59 9 39) 6 (2 12 3 16 4 19 6 15 7 14 8 13) 3 (2 14 4 11 7 6) 6 (1 49 2 49 3 40 5 43 6 41 10 50) 2 (3 30 7 27) 5 (1 108 4 87 5 105 6 110 7 97) 3 (3 106 5 91 8 86) 5 (1 69 2 62 6 50 9 66 10 50) 4 (1 70 4 60 5 62 9 60) 1 2 (2 106 5 101)
10 7 5 (1 45 3 29 5 27 8 25 10 40) 5 (3 41 5 36 7 37 9 40 10 29) 2 (5 53 6 57) 4 (3 47 6 55 7 47 9 43) 5 (2 28 6 30 7 20 8 29 10 28) 7 (1 11 2 12 3 13 4 11 5 10 8 9 10 11) 6 (3 29 4 32 6 32 7 30 9 33 10 22) 3 5 (1 30 2 26 3 37 8 19 9 35) 4 (1 25 7 24 9 18 10 21) 2 (5 45 7 51)
10 5 3 (2 24 5 16 9 22) 2 (4 38 7 39) 2 (4 64 6 64) 5 (1 11 2 11 4 11 9 8 10 12) 2 (6 15 10 22) 5 7 (1 44 4 43 5 36 6 38 8 34 9 39 10 39) 6 (3 83 5 74 6 71 8 107 9 87 10 94) 5 (1 68 2 75 3 70 5 90 7 78) 7 (2 69 3 64 4 66 5 69 7 65 9 83 10 92) 5 (2 85 3 76 4 91 6 86 9 92)
10 7 2 (6 75 7 92) 6 (3 9 4 7 5 5 8 8 9 6 10 6) 6 (1 84 2 65 4 85 5 52 7 64 10 68) 3 (1 56 4 54 9 57) 2 (1 91 3 74) 3 (7 18 9 26 10 15) 6 (2 28 5 26 6 27 8 29 9 26 10 30) 3 6 (1 20 4 13 6 19 8 11 9 19 10 23) 5 (2 52 4 57 5 46 9 55 10 45) 3 (1 13 3 12 10 12)
10 9 6 (1 16 2 15 4 13 5 17 6 13 10 12) 6 (3 103 5 106 6 99 7 69 8 102 9 66) 6 (2 12 3 9 4 11 5 9 7 10 8 12) 5 (2 39 4 35 6 40 9 34 10 40) 6 (1 33 2 47 4 31 5 44 7 38 9 47) 2 (1 44 2 45) 2 (5 22 7 22) 6 (2 24 4 33 6 29 8 24 9 30 10 28) 3 (6 15 7 20 9 18) 1 3 (1 63 5 59 9 59)
10 10 6 (3 34 4 31 6 28 8 27 9 37 10 31) 4 (3 78 5 108 7 103 10 103) 2 (4 23 8 36) 6 (1 78 2 74 3 81 6 62 8 64 10 87) 3 (2 87 3 75 7 88) 5 (1 57 6 57 8 53 9 65 10 54) 5 (3 108 4 101 7 103 9 75 10 102) 5 (1 103 4 79 5 79 8 90 10 66) 3 (2 95 4 107 7 95) 2 (4 5 7 9)
10 5 4 (2 86 3 105 4 89 10 84) 3 (2 9 3 8 8 7) 6 (3 26 4 23 5 20 6 28 7 28 8 31) 6 (2 40 3 48 7 42 8 38 9 43 10 44) 3 (3 85 7 67 8 72) 5 5 (1 82 2 75 4 68 7 71 10 81) 4 (2 18 6 16 7 17 10 19) 7 (1 70 2 70 3 79 4 59 6 61 8 76 10 59) 2 (1 31 8 35) 2 (6 39 8 53)
