10 10
10 8 8 14 15 12 13 12 14 8
2 3 2 2 1 3 3 3 1 3
10 9 5 (1 29 5 30 6 29 7 38 8 26) 3 (3 58 4 60 5 92) 6 (3 8 4 7 7 8 8 8 9 7 10 9) 2 (2 40 6 35) 5 (1 45 2 52 3 43 5 37 7 51) 7 (1 10 2 10 3 10 4 11 6 9 7 10 9 11) 6 (1 81 2 67 3 56 4 65 5 56 9 69) 7 (2 61 3 51 5 60 6 48 8 55 9 58 10 47) 6 (1 46 2 49 7 48 8 43 9 60 10 49) 1 5 (2 18 4 23 5 24 6 21 9 16)
10 7 3 (1 43 8 38 9 42) 2 (3 77 4 91) 4 (2 53 8 62 9 76 10 67) 7 (1 11 3 13 5 11 6 12 7 10 8 13 10 14) 5 (2 84 4 87 5 63 9 81 10 87) 3 (6 30 9 23 10 31) 3 (4 54 6 50 10 46) 3 2 (4 39 7 39) 4 (1 75 3 54 7 68 10 61) 6 (2 35 4 28 5 30 8 28 9 27 10 30)
10 5 5 (4 83 6 90 7 89 8 82 10 96) 7 (1 74 4 92 6 88 7 84 8 101 9 95 10 79) 3 (2 35 5 34 6 44) 4 (1 60 5 61 8 83 10 75) 7 (3 96 4 87 5 88 7 89 8 98 9 86 10 87) 5 4 (4 13 6 9 7 12 10 13) 5 (3 10 4 13 5 13 9 15 10 12) 4 (2 100 5 85 6 77 10 90) 2 (7 38 10 45) 7 (1 32 2 29 3 34 4 29 5 19 7 31 8 38)
10 7 4 (1 72 6 76 7 73 9 80) 5 (1 101 3 78 5 100 6 111 8 81) 7 (1 81 2 60 6 62 7 62 8 79 9 67 10 72) 2 (4 115 7 118) 7 (2 10 3 10 4 10 5 9 6 8 7 7 8 9) 2 (2 60 10 58) 5 (1 105 3 87 4 94 5 84 9 84) 3 2 (1 93 4 105) 3 (4 20 5 24 10 22) 3 (5 43 8 42 9 46)
10 8 6 (2 15 3 14 4 17 5 10 7 17 10 14) 4 (4 7 6 6 7 7 10 5) 7 (1 21 2 19 4 23 5 20 8 22 9 23 10 22) 3 (2 71 5 63 6 63) 3 (1 32 2 31 9 26) 3 (4 59 6 68 10 51) 5 (1 22 5 19 7 25 8 26 10 22) 5 (2 40 5 60 6 34 8 62 9 54) 2 7 (1 80 4 77 5 68 7 62 8 78 9 51 10 44) 4 (4 49 7 47 8 37 9 54)
10 10 6 (1 75 2 101 5 100 6 84 7 85 10 91) 7 (2 2 3 2 5 2 6 2 7 2 8 2 10 2) 3 (1 46 6 52 10 63) 5 (1 102 2 89 5 109 9 100 10 74) 4 (4 46 5 38 7 44 8 46) 5 (1 69 7 70 8 71 9 76 10 81) 7 (1 47 2 47 3 51 5 55 6 49 7 48 10 42) 4 (1 70 4 62 7 64 10 48) 5 (1 6 4 7 5 8 9 7 10 8) 4 (2 27 3 31 4 29 6 27)
10 8 5 (2 57 3 52 5 54 9 42 10 57) 6 (2 39 4 36 7 35 8 32 9 32 10 42) 2 (3 48 5 76) 6 (1 14 2 11 3 12 4 14 5 13 9 13) 7 (1 25 2 40 3 24 4 15 5 29 7 39 8 30) 2 (2 23 10 26) 6 (2 43 4 35 7 37 8 40 9 28 10 27) 2 (1 91 7 86) 2 6 (1 30 3 29 5 46 6 37 9 29 10 20) 2 (1 46 6 63)
10 8 7 (1 30 2 39 4 33 5 27 6 26 7 27 8 27) 6 (3 81 4 99 5 77 6 80 8 84 9 91) 6 (4 47 5 43 6 53 8 45 9 50 10 41) 3 (1 79 3 65 8 70) 4 (3 25 4 26 6 38 9 28) 6 (1 82 2 77 3 97 7 88 8 107 10 84) 3 (1 25 4 26 6 17) 3 (1 37 7 40 9 45) 2 5 (5 35 6 31 8 29 9 43 10 39) 4 (2 77 7 96 8 83 9 78)
10 10 5 (3 87 4 76 6 58 7 92 8 63) 7 (2 81 3 71 4 55 5 73 8 73 9 74 10 64) 6 (1 68 2 79 5 73 6 59 8 83 9 80) 5 (3 42 4 42 5 50 9 35 10 53) 5 (4 71 5 97 6 100 8 96 9 81) 6 (2 11 3 7 6 6 7 11 8 13 10 10) 2 (1 40 4 47) 5 (1 108 2 76 4 95 5 92 10 91) 4 (3 21 6 29 7 24 9 26) 4 (1 70 6 91 7 79 10 37)
10 7 5 (1 101 3 111 4 93 8 80 9 70) 5 (4 12 6 16 7 13 9 14 10 7) 2 (1 65 3 62) 4 (2 6 8 7 9 6 10 7) 4 (4 61 6 48 7 69 8 77) 3 (2 78 3 90 9 72) 2 (1 35 4 43) 3 2 (9 47 10 46) 2 (1 83 3 101) 7 (1 43 3 47 5 42 6 51 8 41 9 52 10 37)
