10 10
9 13 12 10 14 11 8 10 12 12
4 2 4 2 2 3 4 3 3 3
10 8 4 (2 31 3 32 4 36 5 26) 5 (1 75 2 77 4 96 5 78 10 66) 6 (1 9 3 8 5 9 6 8 8 10 9 10) 5 (2 39 6 33 7 32 8 39 9 36) 5 (3 55 5 48 6 48 8 36 10 65) 5 (4 9 5 12 7 9 8 11 10 11) 5 (2 56 4 49 8 65 9 63 10 57) 3 (5 68 8 55 9 42) 2 6 (2 53 3 47 5 43 6 50 8 45 10 56) 3 (6 19 8 22 9 21)
10 8 4 (1 36 3 34 6 29 8 45) 5 (2 72 5 82 6 73 9 95 10 99) 6 (1 88 2 69 4 61 5 78 6 84 9 75) 5 (2 11 6 11 7 9 8 11 10 10) 5 (1 70 2 63 3 60 9 65 10 70) 7 (2 33 3 26 5 23 6 25 8 25 9 21 10 28) 3 (6 49 9 56 10 43) 2 (1 44 2 36) 2 4 (4 88 8 68 9 70 10 67) 6 (1 26 2 30 4 28 8 26 9 35 10 17)
10 9 3 (2 79 3 87 6 94) 4 (6 84 7 90 8 115 10 95) 2 (7 36 8 34) 5 (3 76 4 84 5 67 9 69 10 68) 6 (2 74 3 100 6 80 7 92 8 99 10 105) 2 (3 8 7 10) 3 (1 9 4 13 8 11) 4 (2 90 6 97 7 70 9 95) 4 (1 50 6 50 7 53 10 48) 1 4 (2 37 3 39 6 32 8 33)
10 8 5 (4 78 5 52 6 75 8 76 10 83) 7 (1 102 2 95 3 98 4 95 5 102 6 114 10 83) 5 (3 85 4 57 8 78 9 71 10 59) 7 (1 115 3 73 4 96 5 115 7 83 8 87 9 103) 6 (3 10 5 11 6 10 8 6 9 8 10 8) 2 (1 58 4 34) 7 (3 104 4 103 5 91 7 95 8 101 9 94 10 111) 4 (2 97 3 64 6 126 10 84) 2 3 (3 24 4 26 9 21) 6 (1 46 2 42 4 45 5 49 6 40 7 47)
10 8 4 (4 14 6 12 7 12 10 17) 4 (3 6 6 6 8 4 10 7) 2 (1 16 4 22) 5 (2 55 3 66 6 69 9 70 10 50) 6 (1 30 2 27 5 27 7 29 8 27 10 28) 3 (1 53 5 47 6 57) 6 (1 25 2 15 5 17 7 17 8 19 10 19) 4 (3 56 5 49 9 62 10 47) 2 4 (1 73 4 75 8 65 9 76) 5 (2 44 4 58 7 58 8 63 9 51)
10 10 7 (1 111 2 93 3 72 6 66 7 67 9 102 10 91) 7 (2 2 3 2 4 2 5 2 6 2 8 2 9 2) 6 (1 56 2 58 3 49 4 42 8 56 10 48) 5 (3 98 4 131 6 117 8 80 10 111) 6 (1 61 3 54 4 41 6 49 7 49 8 54) 3 (3 39 6 92 8 80) 4 (4 40 6 49 7 41 9 46) 2 (4 74 5 69) 3 (6 6 7 6 10 6) 4 (3 21 6 25 8 30 9 27)
10 6 6 (1 35 2 41 3 47 4 44 5 54 9 48) 3 (2 26 6 40 9 35) 3 (1 61 2 57 6 69) 3 (2 12 4 13 6 11) 2 (3 32 9 24) 3 (4 21 5 25 6 17) 4 7 (1 31 3 30 4 38 5 33 6 34 7 31 10 32) 4 (1 108 7 88 8 91 10 84) 7 (1 30 3 26 4 32 5 18 7 25 9 35 10 23) 4 (5 60 6 62 8 35 9 43)
10 5 3 (1 38 3 30 4 33) 3 (2 85 3 75 6 66) 5 (2 41 3 42 4 57 6 42 7 38) 5 (1 64 4 78 6 57 8 80 9 57) 7 (1 35 2 35 3 32 5 34 7 38 8 39 9 25) 5 6 (1 90 5 92 6 90 8 80 9 101 10 81) 7 (2 16 3 17 4 17 5 19 6 19 7 18 8 19) 6 (1 37 2 46 5 44 6 45 8 50 10 48) 3 (2 32 4 32 6 38) 6 (3 87 5 76 6 70 7 73 8 87 9 87)
10 10 5 (2 80 4 66 5 94 7 75 8 76) 3 (5 49 7 61 9 72) 4 (1 50 5 96 6 85 7 105) 6 (3 55 4 57 5 54 7 56 8 61 9 55) 4 (4 99 6 64 9 84 10 53) 3 (1 13 6 11 10 10) 3 (2 42 5 38 9 42) 3 (1 82 2 78 4 113) 2 (9 27 10 27) 7 (1 64 4 78 5 70 6 70 7 92 9 77 10 77)
10 5 6 (2 75 3 103 5 104 7 84 8 72 10 71) 6 (1 13 2 16 3 10 8 15 9 11 10 11) 5 (2 68 4 40 5 72 8 45 10 82) 7 (2 7 3 6 5 6 6 9 8 5 9 8 10 6) 4 (2 66 3 65 4 72 7 42) 5 3 (1 78 7 80 8 72) 4 (2 57 4 53 5 46 8 37) 6 (2 55 3 66 6 47 7 41 8 56 10 44) 3 (3 88 4 87 8 90) 4 (5 43 7 47 8 32 10 39)
