10 10
11 12 11 12 11 14 13 15 11 13
1 3 2 1 3 3 3 3 2 2
10 8 6 (2 10 4 7 6 8 8 8 9 9 10 8) 5 (1 10 6 13 7 8 8 8 9 10) 3 (1 34 7 34 9 31) 5 (2 40 4 47 7 46 8 38 10 44) 5 (1 14 3 14 4 16 5 14 7 16) 7 (1 83 2 87 3 72 6 95 8 67 9 63 10 80) 3 (6 76 7 67 10 68) 2 (4 88 6 90) 2 7 (1 53 2 48 4 56 5 37 6 50 7 58 10 53) 6 (1 13 3 14 6 14 8 14 9 13 10 14)
10 7 3 (4 79 7 59 8 53) 4 (1 44 3 35 5 36 6 46) 4 (1 87 4 63 5 71 7 77) 5 (3 21 4 25 6 19 7 21 9 23) 3 (1 103 7 98 10 104) 5 (1 42 4 33 5 45 7 32 9 37) 4 (1 96 2 104 3 90 8 94) 3 5 (1 27 5 29 7 34 8 19 9 26) 4 (1 66 2 52 7 73 8 75) 3 (4 63 8 67 9 65)
10 5 4 (2 47 3 43 6 51 8 43) 3 (1 28 4 20 10 29) 4 (2 31 5 41 6 33 10 33) 4 (1 77 4 59 9 69 10 67) 3 (2 25 4 25 8 29) 5 5 (3 84 4 81 6 71 7 71 8 70) 6 (2 28 3 29 4 26 6 23 8 20 10 26) 2 (1 39 9 35) 4 (1 24 7 24 8 27 9 34) 7 (1 89 4 76 5 83 6 80 7 89 8 89 9 91)
10 6 3 (3 28 4 33 6 25) 3 (2 90 7 70 8 83) 3 (3 61 6 37 8 48) 6 (4 90 5 72 6 74 7 77 9 87 10 63) 4 (3 54 7 49 8 54 10 49) 4 (4 9 5 12 7 11 9 8) 4 7 (1 66 2 61 3 78 5 65 6 56 8 94 10 57) 7 (1 64 2 64 3 72 6 78 7 45 8 62 9 66) 3 (2 71 6 76 10 84) 5 (1 20 3 24 4 28 8 24 9 24)
10 10 6 (2 107 3 104 4 103 8 89 9 124 10 84) 3 (4 87 6 113 8 103) 7 (1 83 2 89 6 102 7 88 8 83 9 86 10 82) 5 (1 46 6 45 7 51 8 42 9 56) 2 (1 82 10 77) 4 (3 92 5 74 7 97 9 67) 5 (2 115 3 91 4 91 5 65 6 84) 4 (5 74 7 82 9 86 10 61) 2 (3 41 5 45) 5 (2 37 3 27 4 32 6 38 7 37)
10 10 7 (1 93 3 112 4 110 5 85 6 101 7 118 9 101) 2 (4 76 8 69) 7 (1 60 2 51 3 39 5 43 6 32 9 48 10 35) 6 (1 52 2 65 3 52 4 72 8 75 10 86) 5 (2 49 4 49 6 37 7 41 10 60) 5 (4 103 5 59 8 52 9 82 10 69) 3 (4 78 6 81 9 64) 4 (2 104 6 92 8 79 9 91) 5 (1 27 2 33 3 30 4 44 9 35) 6 (2 82 3 76 4 89 5 84 9 72 10 72)
10 6 2 (7 33 9 37) 5 (2 67 3 79 6 67 9 83 10 90) 5 (1 43 5 36 7 50 8 45 9 51) 7 (1 79 2 61 3 68 4 51 5 71 6 60 9 76) 5 (1 8 2 12 7 9 9 13 10 15) 6 (1 37 2 36 3 34 5 41 9 42 10 36) 4 2 (3 36 10 35) 5 (4 108 7 102 8 117 9 86 10 92) 6 (1 8 3 7 4 8 6 6 8 7 10 6) 3 (5 43 6 57 7 46)
10 9 6 (1 38 3 40 5 62 6 41 8 55 10 51) 5 (2 5 3 5 4 6 5 4 6 5) 5 (1 92 3 87 4 84 5 63 7 86) 4 (1 51 2 53 3 60 9 63) 5 (1 69 3 63 4 63 6 57 9 67) 5 (1 64 2 80 3 73 7 80 8 86) 4 (1 119 5 97 6 100 9 102) 4 (1 45 7 50 9 41 10 50) 3 (6 95 9 113 10 88) 1 4 (1 88 8 72 9 52 10 69)
10 6 2 (1 30 8 25) 6 (1 60 4 58 5 60 6 56 9 62 10 57) 3 (2 44 4 42 10 44) 4 (2 75 5 89 7 65 9 70) 6 (3 72 4 69 5 86 6 70 8 101 9 68) 3 (2 53 8 73 10 88) 4 4 (5 44 8 68 9 55 10 67) 5 (1 19 4 19 6 16 8 18 10 19) 2 (4 74 9 86) 5 (1 92 3 75 4 81 6 80 10 90)
10 7 5 (3 49 4 47 5 51 7 46 9 60) 2 (1 3 10 7) 3 (2 36 5 29 10 35) 2 (5 70 6 66) 5 (1 47 2 42 4 37 7 51 9 52) 4 (2 55 3 56 4 53 6 44) 6 (4 50 5 51 7 48 8 49 9 52 10 43) 3 2 (6 56 7 68) 5 (3 26 4 29 5 24 7 36 9 22) 5 (3 93 6 83 7 72 8 128 10 91)
