10 10
10 13 11 10 10 9 9 11 12 12
2 2 3 3 4 2 4 2 2 2
10 7 7 (1 10 3 10 5 9 6 10 8 11 9 12 10 10) 3 (3 83 4 80 8 79) 4 (1 41 4 37 7 47 10 46) 2 (2 85 5 72) 2 (6 14 8 15) 6 (1 70 5 65 6 85 7 52 8 72 9 94) 2 (2 72 10 55) 3 6 (1 94 2 86 6 98 8 92 9 87 10 105) 7 (1 9 3 12 4 9 5 12 8 10 9 11 10 9) 2 (6 76 7 78)
10 8 2 (3 62 4 52) 3 (2 64 6 72 9 86) 5 (1 94 2 83 3 80 7 56 9 84) 3 (7 53 8 76 10 64) 2 (6 47 10 66) 3 (1 12 2 10 9 11) 7 (1 29 5 32 6 24 7 24 8 26 9 25 10 22) 3 (3 47 4 38 5 45) 2 4 (5 35 7 32 9 40 10 38) 5 (1 57 2 56 3 42 8 54 10 50)
10 7 4 (1 32 2 28 9 34 10 30) 5 (4 38 6 48 7 41 8 49 10 54) 4 (3 26 7 25 8 27 9 36) 6 (3 66 4 63 5 52 6 61 7 65 9 62) 4 (3 73 4 69 6 68 7 77) 7 (1 86 2 84 4 53 6 77 7 83 8 96 10 63) 5 (2 26 3 33 7 23 8 25 9 28) 3 7 (2 15 3 15 4 13 5 14 6 9 9 12 10 17) 4 (2 7 5 6 8 6 9 7) 7 (3 20 4 23 5 22 6 21 7 23 8 19 9 22)
10 7 5 (4 19 5 20 6 19 7 13 9 17) 7 (1 87 2 51 4 75 6 67 7 62 9 48 10 65) 7 (1 58 3 64 4 60 5 58 6 52 9 57 10 62) 3 (2 52 7 51 9 56) 7 (1 19 2 27 4 31 6 27 7 28 9 20 10 25) 4 (2 5 3 5 7 7 10 5) 5 (1 71 2 69 3 67 5 63 9 82) 3 7 (2 29 4 32 5 16 6 25 7 27 8 42 10 31) 2 (1 78 10 70) 4 (4 31 6 35 8 29 9 32)
10 7 7 (1 68 2 76 3 100 6 97 7 64 9 78 10 84) 7 (2 37 3 48 4 44 5 57 6 43 9 37 10 54) 6 (1 17 2 26 4 33 5 30 6 33 8 23) 3 (5 16 8 16 10 15) 5 (2 28 5 28 6 37 7 23 8 24) 2 (1 59 2 82) 6 (1 70 2 71 3 68 6 69 8 77 9 56) 3 4 (1 93 4 87 7 62 10 102) 2 (1 46 6 42) 2 (2 73 6 75)
10 8 3 (1 66 2 73 6 71) 2 (6 35 9 55) 4 (1 14 4 13 6 11 7 12) 6 (2 75 3 60 4 65 6 59 8 57 10 73) 2 (1 81 8 77) 3 (5 11 8 13 10 11) 4 (3 76 4 69 8 61 9 59) 7 (1 26 2 25 5 21 6 22 7 32 8 32 10 23) 2 7 (1 18 2 20 5 18 6 22 7 18 8 21 10 24) 4 (3 100 4 113 7 111 9 86)
10 6 7 (1 21 2 25 3 20 4 20 5 24 6 27 8 20) 4 (3 89 4 74 7 71 9 76) 6 (1 44 2 49 3 42 4 41 5 39 10 45) 6 (1 83 4 49 6 80 8 86 9 74 10 64) 7 (2 16 3 24 4 29 5 16 7 22 8 19 9 24) 3 (6 19 8 19 9 18) 4 5 (3 68 5 69 7 75 9 67 10 74) 3 (3 15 5 19 6 18) 4 (3 107 5 63 8 84 9 126) 7 (1 12 2 19 4 17 7 16 8 16 9 19 10 16)
10 7 4 (1 53 4 62 8 47 10 54) 7 (1 84 2 87 3 59 4 67 6 80 8 82 10 74) 6 (1 85 2 99 5 78 6 105 7 69 8 81) 2 (2 14 10 11) 5 (1 38 3 26 5 30 6 26 9 37) 7 (1 106 2 108 3 99 5 117 8 106 9 88 10 96) 6 (1 31 3 34 4 32 6 34 7 33 8 27) 3 4 (2 33 3 27 5 27 10 34) 7 (1 56 2 80 4 70 5 67 6 56 9 51 10 73) 2 (2 23 9 37)
10 8 6 (1 59 2 86 3 80 7 71 9 71 10 103) 6 (2 50 3 80 5 77 6 72 7 56 9 64) 5 (4 100 5 81 8 108 9 110 10 116) 4 (1 16 2 17 8 17 9 18) 4 (3 67 4 54 6 74 9 64) 3 (3 43 4 45 9 55) 7 (1 116 2 97 3 91 5 89 6 78 7 72 9 97) 2 (2 39 4 27) 2 2 (2 41 5 36) 4 (1 57 2 55 8 73 10 65)
10 8 3 (4 6 5 5 10 4) 2 (2 26 5 18) 5 (1 19 3 19 5 21 6 24 10 22) 3 (5 12 8 14 10 18) 4 (2 80 3 100 4 73 5 106) 4 (2 57 4 67 7 68 9 68) 5 (1 83 2 99 4 119 6 86 10 100) 6 (1 37 3 30 4 38 5 34 6 31 9 30) 2 6 (1 90 2 72 3 102 4 95 8 98 10 108) 2 (7 57 8 70)
