10 10
12 14 10 14 9 9 15 14 15 12
2 3 2 2 3 1 1 3 2 3
10 9 4 (1 25 5 26 7 28 9 30) 2 (7 93 8 73) 5 (3 10 4 8 6 9 8 10 9 9) 6 (1 41 3 42 5 40 7 27 8 38 10 34) 7 (1 43 3 42 4 47 6 41 7 46 9 45 10 59) 2 (1 9 2 12) 6 (1 65 3 38 4 64 7 61 9 62 10 71) 7 (1 44 2 47 5 48 6 53 8 62 9 63 10 48) 6 (2 45 3 37 6 44 8 50 9 39 10 51) 1 4 (1 15 4 15 6 18 7 22)
10 5 6 (1 30 2 47 3 47 4 43 5 39 6 41) 3 (5 87 7 77 10 93) 5 (1 77 2 65 4 62 5 76 8 80) 3 (1 9 2 13 4 11) 4 (1 71 5 67 6 64 8 64) 5 5 (3 22 5 26 6 29 7 30 8 25) 2 (1 40 6 35) 5 (1 35 3 45 4 51 6 41 10 43) 3 (1 56 3 67 7 62) 2 (9 37 10 32)
10 9 4 (6 94 7 104 9 124 10 110) 4 (2 104 4 105 6 87 10 81) 7 (2 42 3 38 5 45 6 52 8 48 9 41 10 45) 6 (3 77 5 64 7 87 8 71 9 90 10 75) 5 (1 86 2 120 4 78 9 84 10 109) 6 (2 8 4 12 5 13 8 9 9 9 10 5) 4 (1 15 3 12 4 15 5 10) 5 (2 86 6 84 8 56 9 97 10 81) 3 (6 48 8 42 9 44) 1 6 (1 33 2 27 3 32 5 29 8 28 10 34)
10 8 2 (6 101 10 89) 6 (1 77 2 109 5 109 8 60 9 112 10 107) 6 (1 63 3 85 6 61 7 84 9 75 10 79) 5 (1 91 5 86 7 100 8 75 9 81) 6 (1 10 2 10 3 7 6 9 8 9 9 8) 7 (1 49 4 60 5 51 6 55 7 59 9 45 10 52) 2 (2 88 8 72) 3 (4 107 9 97 10 109) 2 7 (2 21 4 19 5 20 6 23 8 23 9 20 10 21) 2 (6 48 7 39)
10 6 2 (7 15 8 9) 5 (1 6 3 5 4 5 6 6 9 6) 2 (3 27 4 20) 2 (4 63 8 56) 7 (2 27 3 17 4 22 5 30 7 28 8 32 10 27) 7 (1 71 2 71 3 80 5 78 7 76 9 66 10 72) 4 3 (5 19 6 22 10 19) 7 (2 53 3 55 5 43 6 43 7 39 8 54 10 48) 7 (3 88 4 59 6 61 7 72 8 62 9 69 10 69) 2 (4 68 6 43)
10 10 6 (1 79 4 68 5 59 6 70 8 76 10 80) 6 (1 2 2 2 3 2 8 2 9 2 10 2) 2 (5 60 7 65) 4 (5 105 6 95 7 118 8 88) 4 (6 48 7 53 8 42 9 54) 4 (1 81 2 82 3 77 6 81) 7 (1 37 2 52 4 38 6 51 7 55 8 49 9 51) 7 (2 61 3 75 4 60 5 58 7 76 9 48 10 75) 3 (1 6 3 5 5 6) 5 (1 23 2 19 5 32 8 24 10 22)
10 10 3 (4 32 8 49 9 38) 5 (6 41 7 39 8 27 9 46 10 32) 7 (1 65 2 67 5 54 7 64 8 68 9 67 10 56) 5 (2 15 6 14 7 13 8 10 9 11) 6 (1 35 2 28 4 28 6 30 8 27 9 28) 7 (1 26 3 21 4 24 6 17 7 20 9 14 10 22) 2 (3 41 5 30) 3 (1 100 6 90 10 73) 4 (2 36 3 29 4 22 5 30) 5 (5 50 6 52 8 48 9 62 10 70)
10 5 5 (3 34 4 33 6 36 7 28 10 36) 2 (1 90 2 90) 2 (2 41 6 35) 3 (6 56 7 60 10 71) 7 (1 33 3 25 6 28 7 34 8 29 9 28 10 28) 5 7 (3 85 4 91 5 87 6 86 7 97 8 122 10 89) 4 (1 19 3 17 4 18 9 20) 7 (1 34 2 54 4 50 5 55 7 45 9 51 10 44) 2 (1 35 7 42) 5 (1 112 4 86 5 72 8 79 9 79)
10 7 3 (2 88 3 59 5 79) 7 (2 90 3 54 4 68 5 65 6 64 7 48 8 66) 3 (1 74 2 62 5 99) 5 (1 42 3 55 5 61 7 47 10 61) 3 (2 67 5 99 8 67) 4 (3 11 8 10 9 10 10 11) 3 (1 30 9 33 10 37) 3 3 (3 106 5 111 10 82) 5 (3 25 5 20 6 15 7 24 10 28) 3 (6 76 7 85 10 77)
10 7 2 (7 97 10 89) 4 (5 7 6 13 7 15 9 9) 2 (3 57 7 70) 5 (3 6 4 9 7 7 8 6 10 7) 5 (1 54 4 54 6 54 8 63 10 52) 5 (3 96 5 109 6 72 7 78 10 80) 7 (1 51 5 59 6 45 7 41 8 45 9 48 10 58) 3 5 (1 58 3 42 4 60 6 47 10 58) 3 (1 81 3 87 4 92) 5 (1 48 5 47 6 43 8 43 9 48)
