10 10
11 15 14 8 12 12 9 11 12 12
3 1 3 2 3 2 1 2 3 4
10 5 2 (7 68 10 73) 5 (1 13 2 10 5 12 7 12 8 11) 3 (2 93 8 86 10 81) 4 (6 111 8 97 9 92 10 122) 5 (4 12 6 14 7 14 9 13 10 13) 5 3 (2 88 7 62 9 52) 2 (2 79 5 104) 2 (6 53 8 60) 3 (5 113 7 76 10 80) 2 (6 17 7 19)
10 5 3 (3 28 7 29 8 31) 3 (4 84 8 100 10 126) 4 (4 64 7 75 8 70 9 71) 2 (6 40 8 67) 2 (1 51 4 58) 5 4 (2 42 6 60 7 72 10 66) 3 (3 22 6 21 7 18) 4 (3 10 8 14 9 13 10 17) 4 (1 9 5 9 6 9 7 10) 3 (5 88 6 61 7 68)
10 7 6 (2 13 3 14 4 13 5 15 7 15 10 12) 7 (3 29 4 28 5 28 6 30 7 28 8 26 9 36) 3 (1 79 6 65 10 85) 6 (2 112 4 114 6 98 7 119 8 79 10 90) 7 (1 85 2 71 3 78 5 75 6 74 8 68 10 58) 6 (1 33 2 29 5 22 6 31 7 25 8 27) 6 (1 72 3 82 6 62 8 44 9 62 10 51) 3 7 (2 74 3 94 4 71 6 82 7 93 8 60 9 61) 3 (2 48 4 43 7 40) 6 (1 69 2 55 3 46 5 57 6 54 10 78)
10 5 7 (1 66 2 84 3 101 5 81 6 86 7 83 9 79) 3 (2 74 6 71 8 88) 7 (2 79 3 76 5 82 6 71 8 87 9 90 10 88) 2 (2 74 5 84) 3 (2 92 4 78 7 76) 5 5 (1 20 4 20 5 20 6 19 10 19) 7 (1 26 2 15 4 18 5 20 8 21 9 18 10 19) 7 (1 88 2 70 3 123 4 106 7 85 8 78 9 105) 4 (1 9 2 7 3 9 4 8) 6 (2 91 4 64 5 95 6 53 8 69 10 78)
10 7 6 (3 31 4 34 6 34 7 35 8 33 9 28) 7 (1 76 2 78 3 83 4 80 5 74 9 66 10 82) 7 (1 48 4 54 5 45 6 50 8 46 9 40 10 49) 6 (1 42 2 38 3 49 4 43 5 42 7 34) 2 (6 91 10 97) 6 (1 42 3 46 5 45 7 54 8 40 9 38) 2 (1 55 8 55) 3 2 (4 51 7 80) 6 (2 18 3 24 5 22 7 26 8 20 9 26) 7 (1 61 2 89 3 59 5 60 6 80 9 68 10 70)
10 6 7 (1 10 3 8 5 8 6 7 8 9 9 9 10 9) 7 (1 100 2 80 3 64 4 81 5 79 8 94 9 68) 7 (1 51 3 56 5 35 6 45 8 59 9 52 10 66) 7 (2 80 4 102 5 127 6 96 7 102 9 102 10 95) 3 (5 102 6 114 10 87) 2 (4 86 5 90) 4 4 (1 89 3 89 8 70 10 85) 3 (1 78 5 73 9 72) 7 (2 78 3 111 4 73 6 93 8 81 9 107 10 109) 6 (1 5 5 5 6 2 7 5 8 5 10 4)
10 5 4 (3 44 5 50 6 54 8 41) 2 (1 46 4 35) 2 (1 5 4 7) 4 (2 75 4 81 6 70 9 73) 5 (1 9 3 11 4 15 5 10 6 10) 5 7 (1 57 3 61 4 66 5 59 6 76 9 66 10 61) 3 (4 17 8 20 10 25) 5 (3 84 6 83 7 103 8 86 10 80) 7 (1 55 2 59 3 58 5 65 6 61 7 66 8 59) 3 (3 30 4 35 6 31)
10 8 3 (5 94 6 96 9 96) 5 (1 20 3 23 5 22 9 16 10 22) 2 (5 24 8 21) 6 (1 88 2 87 3 71 4 65 5 80 6 69) 2 (4 96 7 87) 3 (1 56 2 43 4 36) 6 (2 47 3 49 4 58 6 49 8 58 10 54) 2 (3 36 6 38) 2 3 (1 57 4 56 6 52) 2 (6 74 7 107)
10 6 3 (1 93 4 67 5 81) 6 (3 52 4 53 5 62 6 47 9 60 10 38) 7 (1 106 2 115 3 103 5 89 6 75 8 102 10 80) 5 (2 20 4 24 5 22 7 19 10 25) 6 (1 64 3 76 4 72 6 73 7 75 8 95) 7 (2 106 3 75 5 81 6 92 7 92 8 98 10 91) 4 3 (2 50 5 76 6 41) 6 (1 7 2 9 3 9 4 12 8 11 9 10) 5 (1 58 3 53 4 64 5 67 8 59) 7 (1 14 2 16 3 12 7 15 8 13 9 17 10 12)
10 7 7 (1 42 4 43 5 40 7 48 8 42 9 45 10 43) 7 (1 60 2 71 3 54 4 55 6 61 8 76 9 53) 7 (1 73 2 92 3 90 5 102 6 59 7 65 9 90) 4 (1 37 5 32 6 31 9 33) 6 (3 28 5 58 6 53 7 52 8 38 9 51) 7 (2 86 3 101 4 94 5 79 6 96 8 113 9 76) 7 (3 59 4 49 5 65 6 67 7 53 8 51 9 54) 3 5 (2 35 6 35 7 50 9 37 10 38) 7 (1 30 2 38 3 33 4 33 5 31 8 32 10 37) 3 (3 24 5 22 7 23)
