10 10
15 11 14 8 10 11 10 14 10 15
2 4 1 1 2 2 4 4 4 1
10 7 7 (2 68 4 98 5 101 7 89 8 86 9 93 10 94) 5 (2 72 3 56 4 63 8 65 9 62) 6 (2 24 3 25 4 20 5 26 7 29 9 23) 4 (2 4 6 5 7 6 10 5) 4 (3 56 8 49 9 46 10 64) 6 (1 14 2 15 3 17 6 18 8 15 9 17) 2 (2 97 8 96) 3 6 (1 15 6 12 7 9 8 11 9 11 10 9) 4 (5 14 6 22 8 17 10 14) 7 (1 68 2 104 3 82 4 100 8 76 9 82 10 68)
10 10 3 (2 11 3 10 4 12) 2 (1 40 2 41) 4 (3 61 8 80 9 59 10 58) 6 (1 40 2 49 4 42 7 32 8 40 9 33) 3 (2 20 3 20 9 15) 4 (1 26 3 31 5 23 10 22) 4 (4 50 5 62 7 63 8 63) 4 (1 83 3 102 5 102 6 105) 4 (1 112 2 103 3 93 7 101) 3 (2 83 4 56 10 77)
10 10 6 (1 73 4 78 5 87 6 65 7 52 10 63) 5 (1 46 2 42 5 37 6 66 10 69) 7 (1 106 3 91 4 110 5 83 6 113 7 98 8 76) 7 (1 88 3 66 4 93 7 67 8 92 9 99 10 90) 7 (3 20 4 29 6 22 7 22 8 21 9 31 10 20) 5 (3 62 5 75 8 78 9 90 10 58) 3 (2 60 4 46 8 71) 2 (1 83 9 77) 6 (2 49 4 35 6 63 7 46 8 48 9 43) 6 (2 13 3 15 4 17 7 16 8 9 10 14)
10 6 5 (1 27 5 29 6 36 9 26 10 31) 5 (1 35 3 36 4 37 6 29 8 39) 6 (1 29 2 34 3 24 4 22 6 27 8 29) 4 (2 88 3 86 6 85 9 69) 6 (1 48 4 40 7 38 8 38 9 41 10 43) 2 (4 88 7 86) 4 3 (4 23 5 23 10 27) 4 (1 39 3 55 5 50 9 63) 6 (2 28 3 36 5 29 6 30 7 36 8 25) 7 (2 90 4 83 5 62 6 67 7 92 9 90 10 80)
10 10 2 (1 54 10 65) 2 (2 108 3 81) 5 (1 50 3 82 4 74 5 71 7 64) 2 (2 29 7 26) 5 (1 81 2 118 3 76 4 102 7 50) 5 (1 30 2 31 5 39 8 34 9 29) 2 (6 93 8 88) 7 (1 106 4 96 5 121 6 112 8 114 9 116 10 92) 2 (4 34 8 37) 5 (3 32 6 37 7 43 8 33 9 33)
10 5 6 (1 20 4 22 5 23 6 22 8 21 9 23) 5 (1 52 5 37 6 42 7 52 8 42) 5 (2 76 4 71 5 89 9 95 10 84) 3 (2 64 3 94 9 50) 4 (5 73 7 67 8 72 9 53) 5 4 (1 65 4 88 7 67 10 65) 2 (3 87 6 54) 4 (1 33 5 42 6 37 8 38) 3 (2 46 6 62 9 53) 2 (1 101 2 103)
10 10 5 (1 23 6 19 7 23 8 17 10 16) 7 (2 83 3 93 5 92 7 110 8 86 9 93 10 86) 5 (3 25 5 25 6 24 8 21 9 23) 4 (1 52 2 52 3 56 7 83) 4 (2 35 3 41 4 39 5 41) 4 (1 37 5 36 6 37 7 36) 7 (3 50 4 48 5 58 6 40 8 45 9 45 10 55) 7 (1 43 2 46 3 47 5 63 8 52 9 51 10 52) 2 (4 33 9 35) 5 (1 76 2 74 7 71 8 53 9 60)
10 5 3 (1 35 2 38 9 35) 7 (1 62 2 66 3 77 4 44 5 63 6 64 8 66) 6 (2 31 3 32 4 45 5 40 7 48 8 44) 3 (2 25 6 25 10 27) 6 (1 13 2 18 3 20 5 19 7 15 9 18) 5 6 (1 102 4 96 5 99 6 77 8 84 10 90) 2 (8 10 10 17) 4 (1 55 4 54 6 60 9 48) 5 (2 16 5 15 7 16 8 17 9 18) 4 (2 70 3 81 7 66 8 79)
10 8 4 (1 80 3 83 4 78 5 70) 3 (1 36 4 46 7 41) 3 (6 88 7 91 8 54) 3 (2 19 3 22 4 17) 2 (1 108 2 94) 2 (6 81 9 87) 6 (1 8 5 6 6 8 7 6 8 8 10 6) 6 (1 54 4 52 7 56 8 54 9 66 10 46) 2 7 (2 13 5 20 6 22 7 18 8 23 9 15 10 19) 3 (1 15 4 15 6 15)
10 6 7 (2 41 5 53 6 43 7 64 8 49 9 46 10 49) 3 (5 15 8 18 10 23) 5 (2 75 4 64 6 61 8 78 9 71) 2 (6 71 10 87) 3 (3 27 6 22 10 26) 5 (2 15 6 14 7 17 8 16 9 19) 4 5 (4 72 6 82 7 86 8 85 10 89) 6 (1 66 4 83 5 61 6 85 8 77 10 73) 4 (2 23 5 29 6 23 7 20) 6 (1 88 2 103 5 81 8 89 9 78 10 91)
