10 10
15 11 14 10 10 11 9 8 8 9
3 3 3 3 2 2 3 3 3 1
10 8 7 (1 25 2 29 3 38 4 29 5 32 8 28 9 22) 5 (1 75 5 77 6 80 7 94 8 93) 6 (1 8 2 8 6 9 8 9 9 8 10 9) 6 (2 28 4 33 5 41 6 30 9 36 10 32) 6 (2 55 3 46 4 57 6 52 7 58 9 44) 7 (1 8 3 12 4 10 5 11 7 10 9 11 10 12) 2 (4 64 10 50) 7 (2 48 3 70 4 59 5 44 6 40 7 69 8 49) 2 6 (1 54 2 50 3 32 4 54 5 34 7 40) 7 (1 24 2 23 5 25 7 21 8 23 9 25 10 21)
10 7 2 (6 50 8 52) 7 (1 103 2 89 3 103 6 97 7 101 9 72 10 85) 3 (5 80 8 75 9 84) 7 (1 9 2 11 3 7 5 13 6 9 7 10 9 10) 2 (2 69 4 64) 6 (5 30 6 26 7 28 8 26 9 29 10 32) 7 (1 49 2 55 3 52 5 40 6 44 7 47 8 49) 3 5 (1 51 2 40 3 53 4 48 10 44) 4 (4 83 8 76 9 52 10 93) 3 (4 38 7 28 9 25)
10 6 7 (1 72 4 103 5 91 6 85 7 102 8 97 9 98) 6 (3 83 5 73 6 57 7 81 8 83 9 91) 5 (1 30 3 43 6 37 8 45 9 36) 2 (2 64 5 73) 3 (3 92 7 71 9 72) 7 (1 12 2 10 3 12 4 11 5 10 9 10 10 10) 4 7 (2 10 3 10 5 16 6 11 8 10 9 12 10 13) 2 (4 98 8 87) 7 (2 44 4 45 5 40 6 50 7 49 8 57 10 38) 2 (1 24 10 32)
10 6 3 (5 81 7 85 9 89) 4 (2 73 3 104 5 89 10 98) 4 (2 72 3 55 8 74 10 70) 3 (3 108 4 94 5 106) 3 (2 9 4 9 7 8) 4 (1 61 5 27 7 64 8 57) 4 3 (3 113 5 76 8 102) 6 (1 109 2 118 4 109 6 100 8 88 10 104) 4 (1 28 6 25 7 23 10 17) 4 (1 35 2 40 3 47 4 42)
10 9 5 (1 14 2 14 3 12 8 14 10 15) 3 (2 6 6 6 8 7) 5 (3 23 4 17 5 23 7 21 8 19) 3 (5 61 6 51 9 52) 4 (1 34 5 30 6 30 8 22) 6 (1 60 3 83 6 66 7 90 8 80 10 89) 4 (1 20 4 20 6 20 8 18) 5 (1 46 3 44 6 40 7 44 8 49) 3 (2 71 4 73 10 86) 1 7 (2 65 4 44 5 51 6 46 8 67 9 49 10 73)
10 10 6 (4 63 5 76 6 75 7 93 8 90 10 84) 5 (3 2 6 2 8 2 9 2 10 2) 5 (2 43 5 48 6 64 7 47 8 39) 5 (2 131 3 94 7 88 9 75 10 101) 7 (1 51 2 46 4 47 5 47 6 41 9 47 10 52) 7 (1 66 2 74 4 59 6 101 8 77 9 65 10 68) 5 (2 49 3 51 4 47 7 45 8 39) 6 (2 70 4 71 5 67 6 56 7 85 10 77) 2 (7 8 9 5) 6 (1 23 2 32 4 22 6 26 9 29 10 31)
10 6 3 (1 47 2 51 4 58) 2 (5 34 9 46) 3 (5 50 7 52 8 56) 6 (1 13 2 13 3 13 6 15 7 14 10 14) 7 (1 35 2 35 4 39 5 33 6 29 7 23 9 29) 2 (6 20 9 20) 4 3 (5 26 9 29 10 40) 5 (1 72 3 98 5 104 6 96 10 96) 7 (1 35 2 43 4 21 6 27 7 29 8 33 9 30) 7 (1 28 4 55 5 47 6 46 8 47 9 65 10 64)
10 7 5 (3 36 4 39 5 26 9 20 10 26) 5 (1 94 4 88 6 85 7 69 8 89) 2 (1 55 2 53) 7 (1 64 2 90 5 104 6 81 8 48 9 78 10 79) 2 (8 26 9 37) 2 (4 88 7 62) 7 (1 19 2 15 3 20 4 20 7 19 8 14 9 16) 3 2 (3 45 4 43) 7 (2 35 3 33 5 32 6 32 8 31 9 37 10 34) 4 (3 85 4 62 9 79 10 87)
10 9 6 (2 86 3 75 7 83 8 77 9 74 10 76) 5 (1 91 2 74 5 87 9 72 10 61) 7 (1 112 2 61 3 74 5 81 6 62 8 85 9 83) 5 (2 57 4 51 6 58 8 58 9 64) 3 (1 85 2 78 8 95) 2 (1 11 2 12) 2 (1 36 10 46) 5 (2 100 3 81 4 103 5 95 8 84) 3 (4 21 5 21 8 24) 1 7 (2 73 3 68 4 71 5 81 6 72 7 89 8 74)
10 9 3 (4 96 6 76 7 88) 5 (3 15 4 11 5 14 7 12 10 16) 2 (1 52 9 56) 4 (4 7 5 6 7 7 8 7) 3 (3 74 4 63 5 52) 2 (5 59 7 82) 7 (2 45 3 52 5 60 6 42 7 41 8 46 10 45) 4 (4 53 5 50 9 45 10 47) 2 (1 77 5 69) 1 5 (3 44 7 45 8 43 9 64 10 41)
