10 10
9 9 14 11 12 13 9 10 13 12
3 2 3 2 3 2 2 1 2 1
10 10 3 (5 87 9 74 10 69) 3 (4 65 5 57 6 80) 6 (1 48 2 52 3 63 4 54 5 53 9 61) 4 (1 34 4 32 6 33 10 33) 2 (3 61 10 64) 2 (7 104 8 98) 5 (3 17 5 13 6 7 8 11 10 12) 7 (1 61 2 52 3 57 7 42 8 50 9 46 10 48) 5 (2 6 4 4 6 8 9 5 10 6) 3 (2 70 4 69 9 55)
10 9 7 (1 49 3 67 4 65 6 54 8 72 9 49 10 54) 2 (1 27 5 24) 6 (3 89 4 103 5 88 7 85 8 97 10 78) 5 (1 75 5 72 7 51 8 67 9 68) 6 (1 60 2 48 3 53 5 41 6 46 8 50) 3 (2 92 3 72 6 83) 6 (1 98 4 74 6 90 7 71 8 80 9 96) 4 (1 75 3 85 4 78 5 61) 7 (2 33 4 35 5 26 7 33 8 33 9 30 10 21) 1 3 (5 69 7 95 9 81)
10 6 6 (1 79 2 67 3 102 6 97 8 94 10 87) 4 (3 37 7 29 9 36 10 37) 3 (5 32 8 34 10 36) 3 (1 36 6 36 9 39) 7 (1 14 2 16 3 19 5 15 7 12 8 14 10 18) 4 (1 50 2 44 4 43 9 44) 4 3 (2 89 3 78 10 86) 6 (1 46 2 56 3 42 5 44 6 54 10 48) 4 (2 45 3 77 6 67 7 60) 6 (1 35 2 28 3 27 7 25 8 33 10 40)
10 10 7 (1 8 3 8 4 8 5 7 6 8 8 8 9 9) 6 (4 85 6 80 7 71 8 75 9 114 10 74) 2 (2 30 3 33) 2 (4 97 10 87) 5 (3 69 5 74 7 92 8 75 9 74) 5 (3 10 5 8 6 10 7 10 9 10) 7 (1 35 2 33 3 34 5 21 7 34 9 31 10 34) 7 (2 18 3 21 5 20 6 22 8 17 9 19 10 21) 7 (1 49 2 75 4 60 6 64 7 66 9 64 10 57) 7 (2 114 3 124 4 102 6 100 7 69 8 90 10 82)
10 8 5 (3 44 5 53 6 38 8 39 10 53) 5 (1 56 2 86 4 92 7 79 9 97) 6 (1 46 3 52 5 47 6 49 7 43 8 51) 2 (7 72 9 51) 6 (2 43 4 61 5 57 7 53 8 51 10 64) 3 (3 42 6 55 9 47) 4 (1 4 7 6 8 5 10 5) 4 (5 36 7 42 8 39 9 33) 2 6 (2 39 3 46 4 54 6 52 9 45 10 49) 6 (1 35 2 37 5 33 7 43 9 40 10 39)
10 8 2 (7 62 8 40) 3 (8 25 9 37 10 35) 5 (1 7 2 5 3 8 7 5 9 6) 4 (4 11 5 14 6 13 8 8) 5 (1 84 2 84 5 59 7 89 9 61) 4 (2 96 3 90 4 96 10 105) 3 (3 34 4 22 6 25) 4 (4 66 6 68 8 63 9 75) 2 3 (2 37 5 45 6 37) 3 (2 7 7 7 10 6)
10 6 6 (1 24 2 28 3 31 5 27 6 27 7 28) 5 (1 94 3 113 5 94 7 97 10 83) 6 (3 69 5 104 6 90 8 110 9 78 10 99) 7 (1 12 3 11 5 13 6 11 7 16 8 10 10 19) 4 (1 31 2 32 4 39 9 39) 5 (2 12 4 14 5 13 9 13 10 17) 4 5 (2 8 7 6 8 8 9 9 10 8) 4 (1 89 2 70 4 85 7 72) 5 (4 47 6 49 7 65 8 56 9 47) 3 (1 79 6 87 9 75)
10 5 7 (3 114 4 86 5 91 6 81 7 88 8 74 9 82) 2 (3 20 9 22) 5 (1 72 2 80 5 93 6 88 8 108) 2 (1 40 9 47) 3 (2 66 5 92 6 87) 5 3 (4 40 5 42 6 38) 4 (1 82 3 69 6 97 8 94) 2 (3 50 9 50) 3 (1 73 6 84 10 62) 5 (1 94 5 101 7 102 9 105 10 89)
10 9 4 (1 102 2 100 6 126 9 92) 6 (3 92 4 100 5 119 6 127 8 113 10 88) 4 (3 104 4 85 8 89 9 105) 5 (1 45 5 37 6 42 7 39 9 48) 6 (2 17 3 11 7 15 8 10 9 12 10 14) 5 (1 102 2 112 6 105 7 84 8 90) 3 (2 32 7 36 10 33) 3 (1 60 4 89 5 53) 4 (3 34 5 42 6 30 7 36) 1 3 (3 50 7 46 8 60)
10 6 6 (2 49 3 45 4 47 7 43 8 38 9 56) 5 (1 62 2 63 8 58 9 84 10 61) 3 (1 24 4 23 7 32) 7 (1 4 2 6 4 6 5 7 6 6 8 5 10 5) 4 (1 65 5 61 6 84 10 64) 5 (1 83 4 63 5 92 7 93 8 110) 4 6 (1 35 3 33 4 37 5 33 7 35 8 41) 2 (1 67 5 99) 3 (3 64 7 64 9 46) 7 (2 48 4 65 5 58 6 37 7 33 8 40 10 53)
