10 10
8 12 10 14 14 10 9 12 12 13
4 2 3 3 3 3 4 1 1 1
10 8 4 (2 27 4 29 6 30 7 28) 3 (1 94 2 66 6 84) 6 (2 10 3 8 4 8 5 10 8 8 10 9) 7 (1 40 3 30 6 41 7 31 8 39 9 32 10 34) 4 (1 55 5 42 6 47 8 48) 7 (1 12 4 10 5 12 6 8 7 13 9 13 10 10) 6 (1 62 2 61 4 76 7 59 8 62 9 76) 6 (1 64 2 53 3 44 4 56 7 59 9 64) 2 2 (3 54 10 40) 5 (1 23 4 16 6 24 7 15 9 21)
10 10 4 (6 35 7 53 8 38 9 34) 2 (4 85 7 73) 6 (2 64 3 71 4 83 7 62 9 106 10 64) 5 (1 7 2 13 4 14 5 14 7 12) 2 (1 67 4 67) 6 (1 20 6 22 7 34 8 29 9 26 10 19) 3 (4 31 5 60 10 50) 3 (2 41 7 57 10 41) 6 (2 63 4 81 6 67 7 81 9 60 10 72) 2 (2 34 8 24)
10 6 6 (1 91 4 105 6 90 8 73 9 80 10 72) 4 (1 94 7 87 8 71 10 102) 2 (3 40 4 36) 3 (2 80 3 66 4 68) 5 (1 99 3 100 4 94 5 98 9 113) 7 (1 11 2 10 4 10 5 12 6 7 8 10 10 7) 4 4 (1 18 6 10 8 15 9 16) 4 (1 81 5 85 6 95 7 79) 5 (1 62 2 52 3 43 4 48 8 41) 3 (2 34 3 30 10 39)
10 6 5 (1 80 3 80 4 76 7 87 9 89) 4 (3 98 6 100 9 89 10 90) 7 (2 64 3 66 5 76 6 57 7 73 8 54 10 78) 6 (1 118 2 86 5 96 7 92 8 102 10 90) 6 (3 9 4 9 5 9 7 9 8 8 10 11) 3 (2 48 3 72 6 50) 4 5 (1 108 2 99 5 108 6 80 9 67) 5 (1 88 3 126 5 118 7 78 8 103) 5 (1 20 3 22 4 18 9 20 10 20) 5 (2 39 4 47 6 46 7 59 8 48)
10 8 6 (1 13 6 13 7 14 8 12 9 15 10 17) 6 (1 4 3 6 5 6 6 6 7 6 10 5) 4 (2 24 3 22 6 26 9 22) 6 (1 55 2 41 3 58 4 67 8 64 10 56) 2 (7 24 9 31) 6 (2 73 3 63 5 70 6 74 7 73 9 87) 6 (2 20 4 22 5 20 6 20 9 16 10 27) 5 (1 42 3 53 6 60 7 50 8 56) 2 5 (3 71 4 77 7 80 8 80 10 81) 7 (1 67 4 50 5 57 6 60 8 44 9 67 10 53)
10 6 3 (1 80 2 93 9 84) 2 (5 2 10 2) 3 (1 41 5 51 6 36) 5 (2 93 3 70 6 89 7 95 8 78) 5 (1 56 2 51 3 49 6 44 8 54) 3 (3 86 4 63 10 70) 4 7 (1 41 4 30 5 42 6 53 8 41 9 47 10 62) 5 (1 48 2 81 4 49 6 74 10 55) 3 (2 7 3 8 7 5) 7 (1 27 2 27 4 31 6 34 7 28 9 25 10 27)
10 10 6 (2 40 3 56 4 46 6 43 7 36 9 31) 5 (1 37 2 47 6 25 7 40 10 38) 6 (1 63 2 70 4 66 5 63 9 68 10 45) 2 (1 9 7 13) 3 (3 30 6 25 10 28) 3 (1 22 4 19 6 21) 2 (1 28 3 34) 3 (1 90 6 84 8 72) 2 (3 20 5 32) 2 (9 53 10 64)
10 6 7 (2 31 5 27 6 33 7 41 8 41 9 28 10 35) 3 (1 93 4 63 5 93) 5 (2 54 4 49 5 55 7 53 9 37) 6 (1 87 3 81 5 89 8 80 9 82 10 79) 7 (1 37 3 34 4 42 6 40 7 34 8 29 10 31) 6 (1 99 2 65 3 83 5 85 8 74 10 89) 4 3 (2 24 4 22 8 20) 2 (4 46 7 63) 4 (5 43 6 36 7 37 10 23) 4 (1 71 3 64 7 86 10 70)
10 9 6 (1 78 2 89 3 81 5 71 6 84 9 84) 4 (3 76 5 71 7 62 9 75) 4 (1 84 3 72 7 91 8 62) 3 (1 54 3 48 10 57) 7 (2 109 3 80 4 77 5 87 6 85 7 86 10 56) 2 (4 12 5 14) 5 (3 27 7 43 8 41 9 37 10 39) 7 (2 80 3 70 4 85 5 99 6 106 7 79 10 87) 3 (3 24 6 25 7 31) 1 6 (2 68 3 74 4 48 7 84 8 79 9 51)
10 9 3 (2 98 3 64 6 79) 5 (1 13 2 12 4 15 6 13 8 13) 3 (1 60 5 47 8 57) 7 (1 6 2 7 3 7 5 7 6 6 9 7 10 9) 4 (2 69 3 65 4 68 9 52) 5 (2 73 4 58 6 78 9 59 10 79) 6 (1 55 3 43 4 49 7 49 8 45 10 54) 7 (1 48 2 37 4 56 5 56 8 53 9 52 10 61) 6 (1 93 5 78 6 80 7 72 8 113 10 116) 1 5 (1 37 2 39 4 55 6 39 10 51)
