10 10
10 9 11 9 9 13 12 9 15 10
3 1 2 4 2 1 3 4 2 4
10 6 5 (2 98 4 72 7 66 8 51 10 56) 6 (1 42 3 60 4 46 5 58 7 42 10 80) 3 (2 40 3 33 5 35) 6 (1 64 2 108 3 98 4 96 5 97 10 110) 7 (1 71 3 57 5 72 6 75 8 74 9 91 10 71) 3 (3 18 8 18 9 14) 4 4 (1 106 2 102 9 116 10 104) 5 (2 9 3 7 5 5 8 6 9 6) 6 (1 103 3 102 4 79 7 103 8 78 10 96) 6 (1 79 2 83 4 75 5 66 9 80 10 69)
10 9 5 (1 14 2 16 4 20 8 14 10 19) 7 (1 66 3 98 4 71 6 92 7 93 9 68 10 76) 2 (4 51 9 44) 4 (1 53 6 59 8 59 9 41) 4 (3 57 4 51 7 50 10 67) 4 (1 23 2 25 5 28 6 31) 4 (5 17 7 17 8 19 10 15) 2 (3 98 4 84) 6 (1 62 2 91 6 68 8 88 9 67 10 73) 1 7 (1 75 2 56 3 71 6 91 8 80 9 67 10 83)
10 6 2 (2 49 7 55) 3 (3 9 6 9 9 11) 4 (4 14 5 18 6 18 10 10) 7 (1 49 4 55 5 66 6 75 7 65 8 63 9 67) 5 (3 16 5 18 6 18 8 15 10 16) 5 (1 92 2 86 3 92 4 79 5 84) 4 7 (1 11 3 11 5 15 6 10 7 10 8 10 10 10) 4 (1 59 4 46 6 56 7 73) 6 (3 27 4 25 5 27 6 22 7 24 8 22) 7 (2 44 3 52 4 77 5 60 6 53 9 54 10 59)
10 10 3 (4 53 8 42 10 50) 4 (1 35 2 37 4 34 5 26) 6 (3 17 5 14 6 18 7 18 9 21 10 17) 3 (1 56 3 54 9 53) 4 (4 60 6 63 8 61 9 63) 4 (2 39 3 33 4 26 6 41) 2 (9 52 10 70) 4 (3 23 5 24 7 26 8 25) 5 (1 51 2 41 4 46 7 38 10 52) 5 (2 29 3 28 4 32 5 33 7 30)
10 9 6 (1 45 2 67 4 57 6 59 7 58 8 71) 3 (1 6 2 6 3 6) 3 (4 28 7 25 9 33) 4 (4 74 7 98 9 104 10 117) 7 (1 69 2 86 3 84 4 87 6 83 7 97 9 75) 7 (1 133 4 111 5 118 6 108 7 97 8 121 10 95) 3 (5 12 6 15 10 11) 2 (1 64 8 66) 5 (2 54 3 57 4 74 5 57 6 68) 1 5 (1 20 3 21 7 24 8 23 9 32)
10 8 4 (1 52 2 47 5 35 7 52) 2 (2 27 6 25) 6 (1 51 2 86 3 63 5 66 7 62 8 58) 3 (2 17 4 18 7 14) 2 (6 67 7 63) 5 (1 23 3 24 5 21 6 22 8 28) 7 (1 114 3 65 4 81 5 69 6 80 7 108 9 90) 6 (1 112 3 76 5 97 6 105 7 103 8 109) 2 2 (1 102 6 94) 5 (1 60 2 77 3 87 5 100 9 104)
10 10 5 (2 76 3 78 5 89 7 91 10 75) 5 (1 45 2 61 3 62 4 50 9 50) 3 (2 75 7 66 8 76) 7 (1 93 2 76 4 82 5 98 6 122 7 104 10 79) 6 (1 105 2 77 3 45 4 63 5 88 9 76) 6 (1 64 3 43 5 46 6 58 7 57 9 47) 2 (4 112 6 64) 2 (1 16 2 16) 2 (1 28 10 38) 4 (1 46 2 66 3 71 5 50)
10 6 2 (4 79 6 90) 5 (1 17 2 28 3 33 8 24 9 25) 3 (1 67 4 52 9 59) 4 (1 103 3 87 4 74 8 84) 2 (8 76 10 103) 5 (1 49 4 55 5 63 7 64 9 48) 4 5 (1 23 3 28 8 15 9 23 10 34) 3 (1 46 5 39 6 41) 7 (1 18 2 19 6 16 7 19 8 19 9 17 10 20) 7 (1 49 2 40 3 35 4 58 8 44 9 40 10 36)
10 6 4 (2 24 4 30 5 26 6 28) 4 (1 9 2 12 3 12 10 11) 6 (1 49 2 65 3 53 7 73 8 84 9 58) 7 (2 91 3 88 6 76 7 94 8 125 9 79 10 65) 7 (1 74 2 56 3 82 4 67 6 62 8 72 10 63) 3 (1 74 6 86 7 91) 4 6 (1 10 2 9 4 9 6 6 7 13 8 9) 3 (2 10 3 10 5 10) 5 (1 54 4 48 6 36 8 48 9 46) 7 (2 41 3 29 4 34 6 34 7 40 8 30 9 31)
10 10 4 (1 25 3 22 5 24 7 26) 5 (2 56 3 72 4 61 5 69 10 73) 5 (2 89 3 103 4 98 5 99 7 99) 5 (1 16 4 13 6 14 7 11 10 12) 3 (1 108 6 69 10 93) 5 (1 10 3 10 7 8 8 10 10 8) 7 (1 64 2 70 3 97 4 93 6 72 7 89 9 73) 5 (1 87 2 96 3 73 6 84 9 60) 4 (2 79 3 89 5 91 6 68) 2 (3 14 10 17)
