20 10
12 10 14 11 9 12 8 11 10 9
1 1 4 3 2 2 2 2 2 4
5 3 7 (1 19 2 33 3 32 5 28 6 28 7 33 10 24) 6 (1 10 6 8 7 8 8 9 9 9 10 12) 2 (4 41 9 47) 2 3 (1 64 4 77 9 54) 3 (4 43 5 38 6 47)
5 5 4 (2 50 3 51 9 47 10 43) 7 (1 80 2 89 4 66 6 70 7 89 9 81 10 73) 4 (3 81 4 78 6 79 7 76) 2 (4 54 7 36) 3 (1 65 3 73 8 66)
5 5 3 (5 97 8 104 10 82) 6 (2 45 3 54 5 40 6 35 7 37 10 42) 4 (4 58 8 106 9 112 10 100) 2 (9 9 10 13) 2 (3 38 6 36)
5 3 2 (7 65 9 80) 3 (3 71 4 70 7 93) 3 (1 9 8 9 9 10) 2 2 (2 94 4 76) 6 (1 17 3 23 4 25 8 20 9 21 10 24)
5 2 4 (1 14 2 14 6 18 8 18) 3 (2 28 5 16 9 27) 3 4 (1 25 6 25 7 24 10 22) 5 (1 22 2 15 3 22 4 20 6 21) 6 (1 89 3 57 6 71 7 80 8 78 9 78)
5 5 2 (1 96 7 81) 4 (1 35 2 52 5 48 6 69) 3 (1 42 5 61 10 50) 2 (2 44 4 51) 6 (1 7 2 8 4 6 7 8 9 7 10 5)
5 2 3 (6 49 7 44 9 40) 3 (3 51 6 50 7 59) 3 4 (2 38 4 36 6 33 8 22) 3 (2 37 3 27 8 32) 6 (4 22 5 40 6 37 7 34 8 29 10 29)
5 3 7 (2 35 3 24 4 37 6 31 7 35 8 27 10 37) 3 (5 49 7 43 10 40) 7 (2 27 3 31 6 26 7 35 8 28 9 29 10 26) 2 4 (4 21 6 20 7 17 8 17) 6 (2 34 3 39 5 32 6 34 7 41 10 35)
5 5 5 (1 83 4 89 7 88 8 70 10 65) 7 (2 61 3 101 4 88 5 78 6 67 8 76 10 68) 2 (2 65 9 91) 4 (1 34 4 34 5 42 6 27) 4 (2 28 3 28 6 28 10 31)
5 4 4 (1 71 3 77 4 64 7 94) 4 (1 48 2 68 7 75 10 66) 4 (3 79 4 57 7 78 9 62) 3 (2 44 3 37 10 50) 1 7 (1 100 2 98 4 80 6 104 8 101 9 95 10 92)
5 2 2 (5 71 6 76) 3 (1 29 7 35 8 40) 3 6 (2 9 4 14 5 7 7 10 8 14 9 10) 4 (1 56 3 53 7 55 9 52) 3 (1 23 3 17 9 22)
5 3 2 (2 110 9 126) 6 (3 10 4 8 5 11 6 13 8 15 9 13) 3 (1 26 6 25 9 31) 2 7 (1 51 2 45 3 46 4 33 5 41 6 41 10 46) 4 (1 32 4 30 9 36 10 27)
5 5 5 (2 87 5 87 6 65 8 74 10 88) 6 (3 92 4 60 5 80 7 67 9 63 10 66) 3 (1 9 5 10 8 13) 5 (2 71 3 70 5 88 7 84 8 95) 3 (3 37 4 27 9 31)
5 5 7 (1 140 2 106 3 82 4 86 6 113 7 94 9 101) 5 (2 90 4 87 5 63 6 101 9 91) 2 (9 58 10 63) 6 (1 100 2 87 5 94 7 116 9 77 10 110) 2 (7 42 8 34)
5 2 7 (1 5 2 7 4 5 5 5 7 5 9 5 10 6) 6 (2 60 3 86 5 61 6 69 8 59 9 66) 3 6 (1 70 3 77 4 57 5 73 7 68 9 65) 4 (2 46 3 52 4 53 7 45) 7 (2 64 3 43 5 45 6 36 8 53 9 53 10 42)
5 2 4 (5 2 7 2 9 2 10 2) 3 (2 95 3 96 9 112) 3 5 (1 85 2 84 4 53 7 89 9 66) 5 (2 66 3 60 5 78 7 68 8 52) 7 (2 26 3 22 5 27 6 27 7 28 9 28 10 21)
5 3 5 (1 36 4 40 5 37 9 40 10 36) 2 (3 14 9 15) 7 (1 20 2 22 3 26 4 19 5 17 7 20 8 14) 2 2 (2 113 10 74) 4 (3 53 6 45 7 75 8 63)
5 3 7 (1 91 2 139 3 77 4 91 7 66 8 116 9 96) 4 (2 67 4 61 5 64 6 84) 4 (1 97 2 95 3 80 9 95) 2 2 (2 36 6 42) 5 (1 87 3 73 4 71 7 74 9 75)
5 2 6 (1 62 2 80 3 71 5 56 7 57 10 73) 3 (3 41 8 49 9 46) 3 2 (6 12 7 11) 2 (4 95 10 95) 6 (2 69 3 84 4 72 6 70 8 55 9 83)
5 5 7 (1 12 2 14 3 13 5 11 7 13 9 14 10 12) 7 (2 7 3 8 4 6 5 7 6 8 7 6 9 7) 4 (4 77 5 50 6 82 8 81) 3 (2 46 5 48 6 43) 5 (2 46 6 42 7 34 8 33 10 41)
