10 10
13 14 14 15 9 15 13 14 14 9
1 1 2 3 2 4 1 2 3 2
10 6 5 (1 96 2 101 4 106 6 85 10 113) 7 (1 76 3 67 4 83 5 72 7 67 8 58 10 87) 2 (6 55 8 59) 5 (2 65 3 79 4 77 9 85 10 80) 7 (1 18 2 16 3 20 4 13 5 17 7 24 8 15) 7 (1 7 2 7 4 6 5 8 7 8 9 7 10 6) 4 6 (2 10 3 8 5 8 8 8 9 8 10 9) 3 (5 45 7 44 9 44) 7 (1 37 2 41 3 34 5 33 7 44 8 37 9 25) 7 (2 46 4 47 5 56 6 47 7 47 8 57 10 54)
10 8 3 (4 52 7 35 9 54) 6 (1 68 3 77 4 76 6 57 7 79 8 66) 4 (3 71 6 85 8 74 10 86) 6 (3 94 4 83 7 99 8 102 9 102 10 102) 2 (7 68 8 61) 7 (1 63 3 98 4 98 5 79 8 64 9 72 10 72) 4 (3 55 6 65 7 45 8 39) 5 (4 24 5 33 8 35 9 25 10 26) 2 5 (1 27 2 38 5 40 6 32 7 45) 7 (1 71 2 83 3 82 4 69 5 80 8 73 10 55)
10 6 2 (3 28 5 21) 2 (2 34 4 31) 2 (2 67 4 87) 5 (4 84 6 100 7 97 8 77 10 88) 7 (3 68 4 99 5 99 6 83 8 64 9 82 10 68) 4 (3 17 4 17 6 16 9 15) 4 4 (1 62 3 66 7 47 8 65) 2 (6 59 8 60) 7 (1 35 3 40 4 31 7 36 8 39 9 43 10 37) 7 (1 77 3 82 4 71 6 88 7 74 8 74 9 84)
10 5 4 (1 42 2 45 4 39 6 45) 2 (1 63 7 64) 3 (2 78 7 81 10 69) 4 (4 86 6 80 7 76 9 96) 6 (2 50 4 65 6 50 7 57 8 40 9 62) 5 7 (1 45 2 37 3 34 4 46 5 59 6 41 9 38) 4 (3 56 4 59 5 59 9 47) 6 (3 34 4 32 5 30 6 37 7 32 9 32) 5 (1 49 4 77 6 64 8 52 9 72) 5 (1 48 3 51 6 49 7 39 8 43)
10 10 3 (4 35 5 68 6 69) 6 (1 26 6 29 7 28 8 26 9 18 10 29) 4 (2 52 5 50 8 44 10 55) 3 (3 39 6 33 9 50) 2 (8 24 10 24) 6 (1 83 2 87 6 114 7 76 9 76 10 99) 4 (2 6 4 7 6 5 10 8) 3 (1 16 2 15 5 14) 6 (2 117 3 89 5 87 6 106 9 110 10 85) 7 (2 94 3 66 4 97 5 77 6 74 8 66 9 84)
10 7 6 (1 21 2 18 4 22 8 21 9 26 10 25) 4 (4 89 5 92 8 84 9 69) 5 (1 90 2 130 3 75 6 65 10 90) 6 (2 47 3 49 4 61 6 65 7 39 9 62) 4 (1 52 2 36 3 42 9 42) 2 (3 113 8 96) 4 (2 80 3 82 7 81 8 96) 3 2 (5 95 9 87) 7 (1 98 4 80 5 97 7 81 8 88 9 78 10 96) 3 (3 11 8 8 10 8)
10 9 5 (2 18 3 16 4 14 8 18 9 14) 3 (1 13 3 12 9 12) 6 (1 9 3 10 5 10 6 9 7 8 8 10) 4 (1 59 6 67 8 58 10 41) 7 (1 20 3 26 4 20 5 23 8 25 9 21 10 22) 2 (4 85 7 57) 5 (3 35 6 38 7 41 8 40 10 44) 7 (2 89 3 95 4 93 5 87 6 91 7 84 8 104) 5 (1 82 2 77 3 52 6 77 8 59) 1 6 (1 40 3 38 6 37 8 47 9 46 10 42)
10 9 4 (3 58 6 55 7 55 9 51) 2 (4 38 8 49) 7 (1 46 2 42 3 37 5 29 6 35 7 51 9 33) 5 (1 54 5 54 6 52 9 59 10 58) 2 (4 10 5 10) 7 (2 64 3 60 4 45 6 47 7 94 9 92 10 77) 6 (2 112 3 76 4 104 5 111 7 91 10 84) 5 (2 40 4 50 7 48 8 31 9 59) 2 (3 40 8 35) 1 6 (1 56 3 53 4 68 5 71 6 55 9 77)
10 5 2 (4 62 5 58) 5 (3 37 4 37 6 53 8 58 9 39) 3 (4 46 9 42 10 39) 7 (2 111 4 89 6 89 7 84 8 83 9 121 10 99) 7 (1 8 2 7 4 8 6 7 8 7 9 7 10 7) 5 5 (1 77 3 86 6 89 8 68 9 65) 3 (1 52 3 45 6 65) 7 (1 60 2 45 3 64 4 45 6 61 8 72 9 57) 4 (5 83 8 110 9 81 10 91) 6 (1 41 3 47 5 41 6 47 7 43 8 45)
10 5 6 (1 53 2 45 3 39 4 62 6 50 8 41) 5 (4 54 5 71 7 71 8 53 10 39) 3 (1 87 6 92 9 105) 6 (1 104 3 135 5 124 7 109 8 102 9 87) 7 (2 64 4 67 6 73 7 78 8 75 9 60 10 83) 5 2 (1 19 8 11) 3 (2 86 7 59 9 80) 6 (2 79 4 76 6 71 7 88 8 75 9 55) 5 (1 121 3 97 4 87 7 102 10 72) 6 (1 76 3 101 4 90 5 110 6 101 8 66)
