15 10
10 10 15 13 14 13 11 10 12 15
3 3 1 4 3 3 3 2 1 2
10 10 4 (1 9 3 10 5 7 10 9) 6 (1 72 2 83 3 92 4 69 8 54 9 80) 3 (2 86 5 86 6 76) 4 (3 60 8 85 9 73 10 67) 3 (3 30 9 26 10 31) 7 (1 42 3 42 4 40 6 44 7 48 9 53 10 42) 3 (1 44 6 35 7 31) 3 (2 91 4 99 10 116) 2 (2 25 6 20) 3 (2 23 4 20 8 17)
10 9 3 (4 24 6 24 7 23) 5 (4 97 5 72 6 71 8 80 10 79) 6 (1 44 2 38 4 27 6 44 9 32 10 36) 2 (3 21 8 23) 3 (4 66 6 75 8 71) 6 (2 29 4 42 6 29 7 33 8 36 10 34) 6 (3 13 4 17 5 13 6 16 8 9 9 15) 4 (4 29 5 26 6 32 10 22) 4 (1 58 5 68 7 66 10 68) 1 3 (5 8 7 7 10 10)
10 10 2 (1 36 2 62) 6 (1 129 2 94 3 116 5 74 6 101 9 95) 2 (1 63 3 63) 7 (1 7 2 6 3 6 6 7 7 8 8 9 9 8) 4 (5 53 6 55 8 58 10 49) 2 (3 57 9 77) 5 (1 55 2 57 6 56 8 75 9 54) 7 (1 66 2 70 4 59 5 74 6 89 8 71 9 90) 6 (2 49 3 41 4 43 7 39 9 43 10 43) 5 (3 46 4 47 5 53 9 48 10 53)
10 6 6 (2 61 3 83 4 69 7 65 9 69 10 66) 4 (2 40 3 33 4 40 10 47) 7 (1 85 2 84 3 89 5 83 7 102 8 111 10 106) 6 (1 72 4 37 6 43 7 71 9 52 10 68) 3 (5 87 7 53 9 64) 6 (3 74 4 99 5 80 6 100 8 67 10 96) 4 6 (2 11 3 9 4 13 5 10 6 13 9 13) 3 (5 111 7 98 9 96) 3 (4 11 5 12 8 13) 2 (7 50 8 72)
10 5 6 (2 78 3 72 4 104 5 87 6 57 8 88) 3 (2 30 7 31 8 35) 5 (3 39 4 43 5 39 9 54 10 40) 2 (2 6 6 7) 4 (1 60 4 75 5 67 6 61) 5 4 (4 83 6 74 7 67 8 73) 2 (2 12 3 11) 4 (1 44 3 44 6 53 7 36) 4 (2 79 3 74 4 78 8 64) 3 (1 39 6 39 10 34)
10 8 4 (7 50 8 49 9 67 10 51) 7 (4 60 5 50 6 53 7 57 8 51 9 53 10 64) 4 (4 67 6 54 8 69 9 64) 6 (2 56 4 85 5 83 6 49 9 81 10 74) 7 (1 63 2 59 3 70 4 67 7 60 8 51 9 60) 3 (3 61 5 63 6 77) 6 (3 83 4 101 5 90 7 98 9 91 10 90) 3 (6 47 7 55 9 44) 2 4 (1 27 3 27 4 29 6 30) 5 (1 8 2 7 4 7 6 9 9 8)
10 10 3 (4 56 6 92 9 51) 3 (2 88 3 85 5 64) 6 (1 57 3 58 5 71 7 76 8 51 10 57) 7 (1 88 2 103 5 93 7 92 8 99 9 104 10 115) 4 (2 115 4 77 8 88 9 111) 7 (2 8 3 9 4 8 5 9 6 9 7 8 9 7) 6 (1 52 3 51 4 63 5 55 7 38 10 45) 3 (1 105 5 78 9 68) 4 (1 39 2 38 6 44 10 43) 4 (2 24 5 16 8 14 10 18)
10 5 7 (1 72 3 64 4 60 5 74 6 63 9 56 10 72) 6 (1 99 2 83 5 102 6 84 7 79 9 81) 7 (1 65 2 89 3 109 5 96 8 77 9 88 10 74) 7 (1 26 2 31 3 29 5 30 6 37 8 29 9 28) 4 (1 86 4 89 8 68 10 78) 5 6 (1 30 2 41 3 44 7 40 8 33 9 31) 7 (1 61 2 78 4 85 7 83 8 63 9 76 10 84) 4 (2 9 4 8 5 10 10 9) 6 (5 85 6 89 7 68 8 68 9 55 10 73) 5 (1 39 2 40 3 48 7 56 9 49)
10 6 6 (2 38 3 34 4 40 6 26 7 33 10 37) 5 (1 35 2 42 3 28 4 44 10 33) 4 (1 84 2 85 6 78 7 65) 4 (2 24 3 23 6 20 7 25) 4 (2 51 3 57 6 48 10 48) 7 (4 55 5 48 6 58 7 41 8 52 9 51 10 49) 4 2 (1 65 6 64) 3 (6 23 7 26 9 20) 4 (2 32 6 39 7 40 10 34) 3 (3 90 4 89 6 71)
10 10 4 (1 61 4 58 6 58 7 53) 6 (2 4 3 5 4 6 5 4 6 4 9 5) 5 (1 69 2 49 3 45 5 46 6 46) 2 (3 54 10 48) 6 (1 94 2 93 4 67 5 69 7 101 10 105) 3 (1 23 4 15 6 21) 6 (1 50 2 61 5 69 6 68 7 66 10 48) 6 (2 23 5 25 6 22 7 20 8 26 9 25) 2 (5 47 10 55) 4 (4 64 6 57 8 63 10 54)
10 9 7 (2 106 3 66 4 90 6 114 7 108 9 122 10 155) 6 (1 87 3 99 4 79 5 83 7 73 8 112) 5 (1 27 3 31 4 31 9 36 10 33) 6 (1 18 2 26 3 18 4 20 8 17 10 19) 5 (1 17 3 16 4 19 5 18 9 22) 6 (1 39 3 42 4 36 8 37 9 38 10 42) 5 (1 25 4 14 5 20 9 19 10 22) 6 (1 32 3 42 5 35 7 33 9 41 10 29) 4 (3 45 6 56 7 61 9 50) 1 6 (1 9 2 8 4 9 5 8 6 8 7 9)
10 8 3 (2 80 8 61 10 71) 2 (3 63 4 42) 6 (1 78 3 75 4 82 5 89 8 73 10 73) 7 (1 8 2 11 3 11 5 11 6 9 8 8 9 13) 3 (1 52 4 66 5 57) 4 (1 14 4 20 7 17 9 13) 5 (1 76 3 88 8 70 9 90 10 59) 7 (1 19 3 19 4 22 7 14 8 22 9 16 10 21) 2 6 (1 85 2 90 3 86 4 112 5 85 10 88) 5 (1 18 2 12 4 22 6 21 9 14)
10 10 3 (1 77 7 71 8 87) 2 (6 62 7 65) 2 (1 54 8 67) 2 (2 83 6 86) 3 (5 37 7 39 10 32) 3 (3 71 8 103 10 68) 2 (7 65 9 79) 4 (2 77 4 68 9 73 10 109) 2 (3 100 4 92) 3 (4 45 8 59 10 46)
10 5 3 (3 8 7 10 8 10) 6 (1 96 2 98 4 87 5 110 6 105 8 86) 2 (7 23 10 22) 2 (1 36 9 51) 5 (2 39 4 42 5 47 7 40 8 28) 5 5 (1 84 3 72 5 72 6 91 7 63) 4 (4 7 6 6 7 8 8 7) 4 (1 21 4 23 5 21 9 21) 7 (1 111 2 110 3 114 5 93 6 117 7 109 10 89) 6 (4 43 5 39 6 26 7 38 8 39 10 33)
10 5 2 (4 22 5 27) 3 (6 26 7 30 9 35) 4 (1 48 3 32 5 49 9 50) 2 (3 58 8 53) 6 (1 47 2 40 5 48 8 54 9 46 10 36) 5 2 (7 90 9 70) 5 (1 88 2 84 4 88 8 93 10 79) 6 (2 9 4 7 5 8 6 9 9 8 10 7) 4 (2 28 4 31 8 21 10 28) 2 (3 52 6 48)
