15 10
9 12 12 9 12 10 15 15 9 14
3 2 4 4 2 4 3 3 3 3
10 9 3 (1 8 2 8 7 10) 3 (6 89 7 84 9 71) 4 (3 74 7 75 9 70 10 57) 4 (2 79 4 83 6 66 9 60) 5 (3 17 4 33 6 32 7 30 9 43) 2 (3 39 10 55) 5 (1 57 2 45 4 43 8 27 10 50) 4 (6 112 7 105 9 91 10 85) 7 (1 16 2 19 4 31 6 19 7 22 8 25 10 19) 1 2 (7 19 8 19)
10 7 4 (2 16 6 22 8 18 10 22) 6 (2 74 3 78 5 64 7 61 9 85 10 71) 4 (1 46 4 43 5 47 8 48) 4 (1 27 2 26 4 24 9 21) 2 (3 102 6 112) 6 (3 43 5 41 6 32 7 44 9 36 10 48) 4 (1 10 4 12 9 14 10 15) 3 4 (2 29 5 22 8 30 9 20) 3 (3 70 5 82 8 73) 4 (1 9 2 10 3 9 8 8)
10 10 2 (2 46 8 59) 4 (1 115 3 92 4 100 9 86) 2 (2 91 9 103) 7 (2 6 4 7 6 7 7 7 8 7 9 8 10 8) 2 (5 62 9 58) 5 (2 59 3 52 5 77 7 74 10 64) 6 (2 51 4 47 6 40 7 47 9 58 10 48) 7 (1 79 3 67 4 90 5 96 6 83 8 57 10 66) 7 (1 35 2 42 3 33 4 49 5 44 6 50 8 39) 7 (2 26 3 59 5 52 6 48 7 63 9 49 10 60)
10 9 2 (4 81 8 52) 4 (2 45 3 47 7 41 9 38) 4 (2 128 5 101 6 111 8 113) 4 (1 52 3 59 4 60 10 50) 5 (5 65 6 78 7 78 9 76 10 78) 7 (1 101 2 78 5 93 6 87 7 96 8 105 9 75) 5 (2 8 3 14 4 10 7 13 9 10) 5 (1 90 5 110 7 67 9 102 10 89) 5 (1 9 2 13 3 10 4 8 6 10) 1 7 (1 63 2 85 3 91 5 68 6 71 7 70 10 87)
10 9 5 (3 97 5 74 6 83 9 79 10 92) 4 (1 30 5 37 7 29 8 28) 2 (6 35 7 39) 6 (1 8 2 6 4 6 5 8 7 6 9 8) 6 (1 78 2 62 3 59 5 72 7 76 10 70) 5 (1 77 2 81 5 60 6 69 10 81) 2 (8 12 10 16) 7 (3 54 5 47 6 45 7 45 8 30 9 41 10 37) 4 (1 65 2 52 5 58 10 80) 1 2 (2 34 3 29)
10 10 7 (3 66 4 62 5 52 6 50 7 60 9 62 10 45) 2 (4 59 7 53) 5 (2 65 5 71 7 48 8 64 9 50) 4 (2 68 3 83 5 71 6 75) 3 (1 86 8 49 10 60) 5 (3 63 4 70 5 69 8 78 9 97) 4 (4 110 5 96 6 105 8 103) 3 (5 47 7 46 8 42) 5 (1 33 3 30 4 20 6 25 7 30) 2 (8 8 10 9)
10 7 4 (3 76 4 75 5 63 9 74) 2 (1 83 5 78) 7 (2 46 3 48 5 71 6 74 7 50 8 71 10 49) 4 (1 91 4 100 5 98 6 108) 4 (1 99 2 129 7 93 10 93) 6 (1 7 3 7 5 8 6 8 7 9 8 9) 2 (2 63 5 36) 3 4 (1 76 3 76 4 53 7 90) 7 (2 35 5 51 6 38 7 43 8 37 9 40 10 39) 7 (1 16 3 19 4 14 6 17 7 15 8 16 9 16)
10 7 3 (1 75 4 71 9 73) 2 (2 116 9 86) 7 (2 94 3 83 5 97 6 85 7 114 8 112 9 101) 2 (3 33 6 31) 6 (1 74 2 95 5 87 6 83 7 73 10 72) 2 (2 32 7 39) 7 (1 85 2 94 3 79 4 68 6 61 7 75 10 81) 3 6 (1 9 2 9 3 10 5 9 6 9 7 8) 2 (2 86 6 94) 7 (1 51 2 53 3 58 5 44 6 45 9 47 10 47)
10 10 4 (1 37 2 34 4 40 10 34) 2 (6 41 10 45) 2 (1 66 10 78) 3 (1 20 6 24 10 26) 4 (2 42 3 51 5 64 6 47) 4 (2 47 4 50 5 66 6 58) 3 (1 59 6 53 10 56) 5 (1 22 2 23 4 19 5 22 6 28) 4 (1 35 2 40 3 37 5 36) 7 (1 85 2 99 3 64 5 61 7 76 8 59 9 88)
10 9 7 (2 70 3 71 4 70 5 60 7 45 9 45 10 61) 4 (5 6 6 6 9 6 10 4) 7 (2 37 3 53 4 37 6 57 7 60 8 51 9 36) 7 (3 49 4 58 5 46 6 59 7 41 8 62 10 60) 5 (1 83 2 141 4 65 6 118 8 83) 6 (2 20 3 16 5 17 6 23 8 16 9 18) 7 (1 53 3 75 4 89 6 72 7 57 8 54 10 77) 5 (2 30 3 27 5 22 6 30 7 23) 3 (3 58 4 54 10 59) 1 4 (4 57 5 73 8 46 10 45)
10 7 5 (1 106 2 115 7 100 9 118 10 94) 7 (2 120 4 82 5 91 6 124 8 106 9 69 10 97) 3 (4 28 9 33 10 35) 2 (5 22 6 19) 4 (4 19 5 19 6 14 10 17) 2 (4 35 7 24) 5 (6 18 7 18 8 29 9 24 10 22) 3 4 (1 36 7 44 9 30 10 41) 2 (3 43 6 44) 7 (1 10 2 11 3 10 4 8 6 8 9 10 10 9)
10 10 7 (1 64 2 54 3 62 4 56 5 85 6 57 9 56) 2 (1 57 10 63) 5 (2 79 4 88 6 75 9 95 10 97) 4 (3 6 7 7 8 9 9 11) 7 (1 72 2 66 3 45 4 61 5 65 7 59 10 50) 3 (3 13 5 17 10 18) 6 (1 59 2 86 3 87 4 67 7 71 10 77) 6 (2 19 3 20 4 22 6 24 7 21 10 21) 7 (1 122 3 76 5 89 6 92 7 108 8 96 9 114) 4 (3 14 4 15 8 17 9 22)
10 7 5 (1 86 6 63 7 71 8 84 10 97) 2 (6 56 8 57) 2 (1 62 6 64) 6 (2 91 4 86 5 76 6 104 8 91 10 84) 2 (7 41 8 41) 2 (2 87 4 82) 7 (1 58 2 61 6 66 7 81 8 70 9 42 10 86) 3 3 (2 69 7 74 9 92) 7 (1 86 2 87 4 88 5 101 6 85 7 77 10 77) 5 (1 54 5 54 7 62 8 47 10 40)
10 7 4 (3 8 5 10 7 7 9 11) 3 (3 94 6 74 10 80) 4 (5 19 6 20 7 23 10 22) 5 (1 56 5 53 6 45 9 49 10 42) 4 (1 43 3 30 5 38 6 37) 3 (1 70 3 75 6 79) 6 (3 6 5 7 6 7 7 5 9 8 10 6) 3 5 (1 21 4 21 6 18 7 24 8 20) 3 (1 134 3 88 6 110) 3 (3 25 6 40 9 32)
10 8 4 (5 25 6 24 7 29 8 27) 4 (3 35 6 34 8 19 10 26) 4 (3 50 6 53 7 42 9 54) 2 (2 45 8 52) 6 (1 58 3 45 6 48 7 64 9 46 10 38) 3 (2 76 3 75 4 72) 5 (1 92 3 72 4 70 5 81 9 91) 5 (1 8 3 9 5 7 8 7 9 10) 2 4 (1 25 2 34 8 23 10 29) 3 (6 56 8 47 9 50)
