15 10
14 9 9 10 9 9 14 12 10 13
1 1 4 3 3 1 3 3 4 3
10 7 3 (7 9 9 8 10 7) 6 (2 102 4 84 5 60 6 82 7 78 9 69) 7 (1 83 2 85 3 78 7 82 8 66 9 72 10 86) 7 (2 89 3 72 4 79 5 81 6 75 7 60 8 78) 3 (1 25 5 28 6 28) 3 (3 50 4 39 9 40) 4 (1 42 2 27 7 39 8 33) 3 5 (1 95 6 84 7 97 8 115 10 74) 2 (4 30 7 27) 3 (1 12 2 18 9 20)
10 9 2 (1 19 6 19) 2 (6 75 10 82) 2 (1 44 4 50) 3 (3 25 7 20 8 24) 7 (1 77 2 79 3 85 5 91 7 69 8 77 10 76) 7 (1 43 2 37 3 39 4 52 5 55 7 44 9 26) 6 (2 10 3 11 4 15 5 16 8 13 9 13) 4 (1 23 5 25 7 33 8 26) 2 (6 67 10 67) 1 6 (2 10 3 10 4 7 5 8 6 9 10 8)
10 7 5 (1 49 3 70 5 43 6 41 7 61) 7 (2 82 5 113 6 69 7 82 8 84 9 117 10 112) 4 (3 59 4 75 5 75 8 82) 5 (3 5 4 7 7 6 8 8 10 7) 6 (1 63 3 57 5 64 8 64 9 62 10 54) 7 (1 61 4 62 5 62 6 62 8 53 9 59 10 70) 2 (3 43 7 29) 3 3 (3 81 4 66 9 65) 7 (1 39 2 40 3 44 4 43 7 36 8 41 9 50) 4 (1 32 2 53 3 41 8 41)
10 8 5 (1 80 6 83 7 60 9 54 10 65) 3 (2 41 7 43 9 55) 6 (1 98 4 102 5 123 6 86 7 91 9 99) 5 (2 66 3 66 4 71 5 61 7 74) 7 (1 68 2 65 4 50 5 90 7 58 8 71 10 59) 3 (2 80 3 93 7 91) 3 (2 9 3 12 4 11) 4 (1 105 5 128 8 102 10 97) 2 3 (2 9 5 11 8 11) 7 (2 71 3 95 4 71 7 78 8 69 9 85 10 59)
10 6 3 (1 98 4 102 8 94) 5 (1 33 2 30 3 32 6 38 9 32) 6 (1 41 3 39 6 41 7 38 9 37 10 45) 7 (1 6 3 7 4 9 5 6 8 6 9 5 10 8) 5 (1 81 6 74 7 73 8 65 9 81) 7 (1 65 2 57 3 68 5 53 6 86 9 82 10 68) 4 3 (1 9 4 12 8 11) 2 (1 45 3 45) 7 (1 77 2 63 3 63 4 65 5 68 7 60 9 68) 6 (3 26 4 32 5 39 6 33 7 28 10 28)
10 10 6 (1 67 4 69 6 70 7 61 8 56 9 50) 3 (1 48 3 49 6 48) 2 (3 60 9 69) 3 (1 79 3 50 6 71) 7 (1 60 3 73 4 62 5 53 7 64 9 70 10 55) 6 (1 75 3 69 4 86 5 62 7 76 8 66) 6 (2 96 3 77 4 109 6 89 7 69 9 120) 3 (2 52 5 60 8 37) 7 (3 30 4 35 5 34 7 24 8 25 9 24 10 26) 6 (2 9 4 9 6 9 7 9 9 9 10 9)
10 6 2 (5 78 6 75) 3 (3 80 7 85 10 97) 7 (2 57 3 86 5 73 6 85 7 58 9 61 10 52) 6 (1 97 3 73 4 112 5 74 7 93 8 88) 6 (1 85 4 111 5 95 6 109 8 92 9 89) 4 (3 9 5 7 6 9 9 9) 4 7 (2 41 3 58 4 54 6 46 7 48 8 66 9 62) 7 (3 65 4 67 5 77 6 66 7 80 9 84 10 65) 5 (1 34 3 31 4 32 5 47 8 23) 3 (4 19 5 14 7 16)
10 8 4 (4 77 5 57 7 55 8 64) 4 (2 75 4 76 6 96 8 84) 3 (1 85 4 85 10 110) 4 (2 36 4 28 6 29 7 31) 4 (3 64 4 80 6 97 10 75) 7 (1 34 2 30 4 45 5 37 6 38 7 36 9 42) 6 (2 83 4 62 5 50 6 82 9 71 10 80) 6 (1 9 3 10 5 10 6 8 7 8 9 9) 2 3 (2 71 5 93 9 65) 2 (1 48 8 52)
10 5 5 (2 36 4 35 5 42 6 42 8 32) 3 (1 44 4 38 10 40) 3 (1 61 6 90 10 71) 5 (2 26 4 22 5 17 7 20 9 32) 3 (7 44 9 50 10 39) 5 2 (2 40 8 57) 5 (1 59 2 50 6 87 7 82 9 57) 3 (5 23 9 23 10 23) 4 (4 37 7 36 8 32 10 32) 6 (1 71 3 75 4 86 8 75 9 97 10 50)
10 9 2 (8 56 9 66) 5 (1 5 2 4 5 5 8 6 9 6) 5 (1 44 5 51 6 31 7 39 8 44) 4 (1 46 3 50 4 34 8 53) 6 (1 98 3 86 4 101 5 105 8 90 10 111) 7 (1 23 2 16 3 19 6 22 7 20 8 17 9 21) 3 (1 60 5 69 10 56) 4 (1 24 4 27 9 23 10 23) 5 (2 55 3 46 4 56 8 55 10 64) 1 6 (1 58 3 59 4 57 6 47 8 45 10 53)
10 7 3 (2 123 3 99 9 109) 2 (5 105 10 102) 5 (2 37 3 33 4 32 5 34 9 36) 2 (6 20 8 23) 3 (2 15 5 21 10 21) 7 (1 49 3 49 4 32 5 35 7 47 9 42 10 36) 2 (1 23 3 24) 3 6 (1 40 3 31 5 35 6 33 7 38 9 28) 2 (4 55 10 48) 6 (1 9 3 10 5 8 6 10 9 10 10 9)
10 5 5 (1 59 2 72 3 72 7 69 10 64) 5 (2 58 3 53 5 60 7 47 10 57) 4 (1 70 2 65 4 71 8 86) 7 (1 11 2 10 4 8 5 7 6 10 9 12 10 8) 5 (2 59 4 58 5 67 6 62 8 75) 5 7 (1 18 3 15 4 17 6 14 8 15 9 21 10 16) 4 (4 69 6 46 7 83 8 87) 5 (3 20 6 14 7 20 8 17 9 15) 5 (2 90 3 90 5 106 7 92 9 79) 7 (1 19 2 18 3 17 4 22 6 15 8 20 10 20)
10 7 4 (1 58 2 75 8 84 9 88) 2 (4 73 8 67) 2 (3 43 10 55) 2 (7 108 9 93) 5 (1 38 5 41 6 39 7 31 10 52) 5 (1 64 2 78 3 80 5 92 9 89) 6 (3 57 4 57 5 61 6 74 9 86 10 92) 3 4 (1 85 5 75 8 76 9 81) 6 (1 79 2 96 3 90 6 83 7 80 8 100) 7 (1 50 2 51 3 62 7 49 8 51 9 41 10 63)
10 7 7 (2 9 4 11 5 8 7 8 8 12 9 7 10 10) 2 (3 90 7 81) 3 (2 24 6 22 8 26) 4 (1 51 2 55 6 44 7 49) 3 (4 37 6 42 8 50) 6 (1 47 3 75 4 67 5 62 6 74 8 75) 7 (1 6 2 5 4 5 5 6 6 5 8 5 10 8) 3 4 (6 17 7 22 8 26 10 23) 5 (2 91 4 93 6 100 7 106 10 110) 2 (1 32 9 43)
10 7 5 (3 30 5 22 8 26 9 23 10 20) 5 (2 24 3 23 4 31 5 37 10 24) 4 (2 45 3 46 5 47 8 43) 3 (7 64 8 54 10 66) 5 (2 40 5 49 8 48 9 53 10 56) 3 (1 83 4 70 7 76) 5 (2 55 3 78 7 79 9 56 10 105) 3 2 (2 10 8 8) 2 (1 32 10 32) 7 (1 44 2 48 5 47 6 42 7 52 8 42 9 48)
