15 10
11 9 14 10 9 15 13 13 11 13
4 1 2 1 3 1 2 3 1 1
10 5 3 (1 7 5 8 7 10) 4 (4 96 5 77 7 77 9 64) 2 (9 74 10 72) 3 (1 71 4 87 6 83) 5 (2 31 3 32 7 30 8 27 10 26) 5 3 (1 50 2 46 10 46) 2 (7 34 9 36) 3 (1 102 5 99 8 59) 7 (1 28 2 20 3 27 4 27 5 23 8 20 10 28) 5 (2 19 4 20 5 16 6 23 9 18)
10 9 6 (1 17 2 23 4 17 6 20 8 15 10 17) 5 (2 55 3 91 5 76 8 75 9 89) 3 (1 38 2 31 5 59) 6 (1 22 3 22 6 23 7 23 9 23 10 26) 4 (1 83 6 99 7 101 8 83) 3 (3 40 5 32 6 40) 7 (1 16 2 14 3 14 4 13 5 14 6 10 8 15) 4 (1 27 5 31 8 33 9 27) 4 (2 72 4 85 5 63 10 72) 1 3 (1 10 6 8 8 9)
10 10 3 (1 71 9 44 10 50) 3 (3 90 6 90 9 90) 2 (3 74 7 83) 4 (1 9 3 6 5 6 8 7) 5 (1 66 2 60 4 49 8 58 9 65) 7 (1 41 2 68 4 66 5 59 7 55 8 60 9 46) 6 (1 65 4 49 5 46 8 46 9 48 10 61) 2 (9 81 10 63) 7 (2 40 3 38 4 44 5 47 6 42 9 41 10 45) 2 (6 56 8 38)
10 8 4 (2 73 3 59 7 85 10 87) 7 (2 42 4 40 5 38 7 38 8 41 9 44 10 54) 5 (3 93 5 133 6 104 7 123 8 89) 3 (2 71 5 64 9 50) 4 (1 78 5 55 7 72 9 83) 4 (1 109 2 109 4 96 6 86) 4 (2 12 3 11 7 11 8 9) 7 (1 95 3 89 4 108 6 105 7 73 8 122 9 83) 2 3 (4 13 5 12 8 15) 3 (2 73 3 71 5 80)
10 10 2 (3 60 7 81) 7 (3 32 4 34 5 34 7 30 8 33 9 31 10 31) 3 (2 38 3 38 7 39) 7 (1 5 2 9 5 7 6 6 7 7 9 8 10 9) 5 (2 83 3 81 5 70 7 76 9 81) 2 (2 70 6 92) 6 (2 10 3 12 4 12 6 7 8 16 9 10) 3 (1 42 7 40 10 53) 4 (1 67 6 74 7 60 10 54) 4 (1 30 8 26 9 36 10 38)
10 7 6 (2 58 3 51 5 48 7 63 8 61 10 53) 4 (3 50 5 42 9 51 10 51) 3 (1 62 3 63 4 83) 4 (1 68 3 74 5 91 8 69) 6 (2 76 4 57 6 48 8 66 9 54 10 39) 2 (5 41 9 77) 5 (2 122 3 122 7 129 9 100 10 82) 3 5 (3 40 6 36 7 37 8 49 10 38) 3 (6 24 8 24 10 22) 7 (1 9 3 10 5 8 6 10 7 9 8 9 9 10)
10 10 2 (6 63 8 78) 5 (3 103 4 96 5 96 8 97 10 85) 5 (4 73 5 69 6 49 7 73 10 58) 4 (2 88 4 83 5 87 10 111) 2 (3 103 7 107) 5 (2 7 3 8 4 7 8 7 9 9) 6 (1 52 3 45 7 59 8 50 9 57 10 35) 5 (1 100 2 74 5 49 6 70 10 74) 4 (2 35 8 33 9 41 10 51) 6 (3 12 4 12 5 15 6 17 7 22 8 10)
10 8 5 (1 67 3 59 8 72 9 42 10 43) 5 (2 119 4 110 5 81 7 98 9 95) 7 (1 91 3 89 4 116 5 79 6 126 7 91 8 70) 3 (6 38 7 28 10 21) 6 (1 91 2 90 4 109 8 98 9 85 10 88) 5 (1 43 2 36 3 34 4 30 7 43) 2 (5 96 8 82) 3 (4 9 6 8 7 9) 2 2 (5 98 6 67) 4 (6 43 8 40 9 37 10 57)
10 10 7 (1 36 2 36 3 31 6 32 8 36 9 39 10 39) 2 (1 36 2 47) 3 (3 87 4 56 6 52) 3 (3 22 5 27 8 28) 2 (5 39 10 41) 5 (1 55 3 50 6 38 7 51 8 62) 4 (1 64 2 71 5 65 9 72) 7 (1 23 3 27 5 23 6 25 8 17 9 22 10 22) 3 (1 39 3 34 7 42) 5 (1 76 3 82 5 80 6 82 10 77)
10 6 2 (3 65 6 50) 4 (1 4 2 5 4 5 5 6) 6 (1 37 2 49 3 58 4 48 9 51 10 56) 7 (3 66 5 50 6 57 7 62 8 56 9 67 10 57) 3 (1 74 6 75 8 85) 5 (3 19 6 21 8 21 9 21 10 20) 4 5 (3 80 4 80 5 58 6 65 7 44) 3 (2 24 6 27 7 23) 5 (1 46 3 66 6 54 9 58 10 39) 7 (2 74 3 50 4 58 5 54 8 60 9 68 10 35)
10 9 3 (6 87 7 104 9 98) 3 (5 76 6 95 8 95) 3 (4 33 7 29 8 32) 6 (2 16 3 16 6 16 7 22 8 18 10 20) 3 (4 15 6 18 8 20) 3 (2 43 6 36 10 36) 3 (2 32 9 19 10 17) 3 (8 41 9 32 10 43) 5 (1 56 4 35 6 47 9 42 10 39) 1 4 (1 10 2 10 3 9 10 11)
10 8 5 (2 72 3 76 4 77 6 67 10 82) 7 (1 64 2 56 3 57 5 65 6 50 8 63 9 55) 4 (2 89 6 80 7 80 8 77) 4 (1 8 7 11 9 7 10 8) 4 (1 66 4 54 6 60 9 65) 7 (1 14 2 15 3 15 6 17 7 14 8 20 9 12) 7 (1 81 3 67 5 73 6 72 7 81 8 67 10 82) 6 (1 20 2 18 6 21 7 20 9 20 10 15) 2 3 (3 100 7 89 8 88) 3 (2 16 3 22 9 16)
10 9 7 (1 87 2 73 3 74 4 103 7 73 9 87 10 80) 7 (1 71 2 58 3 66 6 46 7 68 8 52 9 62) 7 (2 59 3 50 4 69 6 52 8 65 9 49 10 49) 7 (1 76 2 98 3 89 4 76 5 80 7 108 9 61) 6 (1 40 2 43 3 49 4 44 5 42 9 36) 2 (4 88 6 130) 5 (2 74 3 83 4 82 7 57 9 66) 3 (2 71 7 73 8 67) 7 (1 97 2 106 3 71 6 94 8 101 9 85 10 96) 1 7 (2 54 3 69 4 62 5 52 6 50 7 50 10 49)
10 7 5 (4 9 6 11 7 8 8 13 9 8) 5 (4 111 6 96 7 109 8 68 10 84) 6 (1 25 2 25 3 18 5 27 8 22 10 27) 7 (2 51 3 32 5 46 6 51 8 51 9 49 10 49) 2 (3 33 8 50) 4 (3 84 4 87 5 82 6 75) 3 (2 7 3 6 8 7) 3 5 (1 23 4 20 6 29 8 27 10 22) 3 (1 91 5 100 6 104) 6 (2 34 3 30 4 28 7 34 8 25 9 36)
10 5 2 (1 29 8 25) 6 (1 26 2 25 5 29 7 36 8 25 10 33) 3 (2 57 5 62 7 46) 5 (2 53 7 54 8 56 9 61 10 58) 3 (1 50 4 41 10 39) 5 3 (3 60 7 78 9 90) 3 (1 75 6 88 10 69) 7 (2 8 3 7 4 8 5 9 6 9 7 8 9 8) 3 (4 25 5 21 9 25) 7 (1 47 2 34 4 50 7 44 8 60 9 52 10 54)
