10 10
11 13 14 8 10 13 15 15 14 13
2 2 2 3 3 2 2 3 2 2
10 9 4 (2 48 7 34 8 25 10 36) 2 (3 74 7 93) 4 (1 81 4 93 5 93 10 81) 3 (2 8 6 10 10 5) 2 (1 13 10 23) 3 (1 10 2 10 3 9) 6 (1 39 2 28 3 39 4 53 6 49 10 30) 5 (3 69 4 81 5 46 6 68 8 93) 4 (2 84 4 59 7 78 9 99) 1 2 (5 26 6 28)
10 8 2 (4 16 5 19) 2 (1 114 3 74) 6 (1 71 4 61 6 54 7 72 8 52 9 81) 2 (3 52 6 68) 5 (1 102 2 77 3 63 5 92 10 92) 7 (2 25 3 28 5 27 6 27 7 23 9 23 10 19) 7 (2 59 3 66 4 49 6 77 8 62 9 59 10 75) 3 (2 45 6 39 10 62) 2 5 (1 102 3 94 7 86 8 104 10 81) 2 (1 17 7 17)
10 5 6 (2 66 3 65 4 68 7 62 8 75 10 67) 6 (3 98 4 85 6 71 8 63 9 73 10 67) 6 (1 8 3 9 4 9 5 10 7 9 9 8) 5 (1 73 3 54 7 75 8 46 10 53) 5 (1 72 3 64 4 76 9 63 10 60) 5 5 (1 42 2 40 4 54 6 61 7 56) 5 (1 51 3 49 5 61 8 47 9 50) 7 (1 55 2 50 4 76 5 79 7 72 8 66 10 68) 2 (2 6 7 4) 4 (1 96 2 132 6 109 9 93)
10 7 3 (3 63 4 55 9 46) 3 (5 34 6 24 9 30) 3 (6 8 8 7 10 7) 2 (8 10 9 15) 4 (2 101 3 88 6 82 9 106) 6 (1 81 5 95 6 64 7 105 8 90 10 95) 5 (6 87 7 83 8 81 9 105 10 113) 3 5 (4 24 5 34 6 25 7 27 9 27) 5 (3 31 5 28 6 27 8 38 9 38) 4 (1 72 4 86 5 106 6 89)
10 5 7 (2 105 3 102 5 101 7 94 8 92 9 77 10 88) 3 (6 6 7 7 8 9) 6 (1 56 2 51 3 61 5 50 7 65 10 53) 2 (2 82 10 69) 5 (1 79 2 73 3 50 5 65 6 63) 5 6 (1 85 2 97 5 78 6 91 9 80 10 88) 4 (3 87 5 94 6 82 9 85) 6 (1 77 2 63 3 80 4 84 8 49 9 105) 4 (1 64 7 64 8 52 10 79) 7 (1 41 2 40 4 49 6 24 7 38 8 40 9 40)
10 10 3 (3 46 6 34 9 44) 6 (1 12 2 13 5 9 6 9 8 9 10 11) 2 (5 5 6 6) 6 (1 36 3 37 6 35 7 41 8 48 9 45) 2 (3 10 5 15) 3 (1 31 3 40 5 31) 2 (3 43 9 46) 2 (1 58 8 43) 4 (5 16 7 25 9 25 10 17) 4 (2 68 3 49 8 66 9 48)
10 7 7 (1 39 2 31 3 31 4 31 5 47 6 42 10 38) 3 (1 50 9 90 10 57) 3 (1 89 3 96 8 67) 7 (1 94 2 79 4 86 6 77 7 91 8 72 9 83) 7 (1 37 3 41 4 30 5 41 8 33 9 28 10 29) 2 (3 94 10 92) 2 (4 46 7 38) 3 4 (2 59 4 60 5 49 9 57) 2 (5 53 6 34) 3 (1 90 6 97 9 97)
10 8 4 (1 16 2 21 8 23 9 17) 2 (2 7 10 8) 3 (2 44 4 40 6 35) 7 (2 42 4 46 5 45 6 39 7 32 8 45 9 49) 7 (1 82 3 62 6 67 7 84 8 62 9 65 10 56) 5 (3 7 4 7 7 7 8 6 9 8) 5 (1 51 4 60 5 55 6 38 7 49) 7 (1 30 3 34 4 37 5 34 7 29 9 38 10 29) 2 7 (1 51 2 70 3 69 5 78 7 66 8 67 10 70) 3 (6 9 8 12 10 9)
10 10 6 (1 87 4 85 7 95 8 63 9 98 10 89) 2 (1 33 7 23) 4 (2 25 3 25 4 20 8 25) 2 (2 95 9 100) 6 (1 49 2 67 5 59 6 69 8 70 9 47) 3 (2 84 3 103 7 69) 2 (6 94 10 73) 6 (1 34 2 31 5 28 6 25 7 25 8 22) 6 (1 66 3 70 5 72 8 80 9 73 10 70) 5 (1 18 2 23 4 21 7 27 9 19)
10 8 5 (2 49 5 36 6 40 7 41 10 42) 2 (4 54 10 60) 4 (1 61 4 65 6 80 9 71) 4 (2 50 8 49 9 55 10 65) 5 (1 65 2 62 3 78 4 70 8 65) 5 (1 61 4 63 7 49 9 54 10 83) 4 (5 68 6 52 7 70 8 58) 5 (2 50 3 56 6 45 7 54 8 49) 2 2 (4 106 7 74) 4 (3 12 5 14 9 15 10 10)
