10 10
9 11 14 14 15 13 8 14 15 13
3 3 2 3 2 3 1 2 1 1
10 10 6 (2 64 5 64 6 48 8 56 9 45 10 46) 4 (5 86 6 91 8 75 10 58) 2 (3 41 8 50) 3 (6 22 7 27 9 24) 5 (4 104 6 69 7 78 8 75 10 55) 4 (1 21 2 24 3 18 5 13) 3 (5 17 8 14 10 27) 2 (8 73 10 51) 4 (1 48 3 46 4 44 5 35) 7 (1 11 2 9 3 13 4 11 5 10 6 14 10 11)
10 9 3 (2 52 3 55 10 61) 6 (1 38 2 41 4 46 5 49 6 36 7 51) 6 (1 43 2 59 4 53 7 52 8 55 10 53) 3 (2 16 3 14 5 17) 3 (6 33 7 39 10 41) 5 (1 10 3 13 4 9 5 13 8 12) 4 (2 30 4 31 6 28 7 28) 7 (1 55 3 61 4 60 5 47 6 54 7 44 9 41) 6 (1 29 4 21 5 33 7 32 8 29 10 29) 1 2 (1 58 7 89)
10 7 2 (8 99 9 79) 5 (2 29 4 34 5 35 8 26 9 29) 5 (1 37 3 47 5 43 9 62 10 55) 2 (3 9 8 10) 7 (1 67 2 63 4 54 6 58 7 61 9 75 10 54) 7 (1 69 2 82 3 69 5 57 6 64 7 51 9 77) 7 (2 62 3 45 4 49 5 54 6 59 8 68 10 55) 3 6 (2 28 3 29 4 29 6 31 7 29 8 36) 5 (4 64 6 49 7 58 8 56 9 44) 5 (1 64 2 78 4 101 7 91 10 76)
10 5 4 (2 15 5 15 9 17 10 18) 5 (1 73 3 68 5 70 6 78 7 83) 4 (2 69 6 50 7 49 9 41) 7 (1 54 2 53 4 59 6 58 8 61 9 69 10 65) 3 (1 9 2 8 7 9) 5 6 (1 47 2 56 3 53 6 48 7 43 9 42) 4 (1 85 5 95 8 78 10 78) 6 (3 44 4 36 6 51 7 60 9 57 10 57) 3 (3 6 4 7 9 6) 2 (6 61 9 65)
10 5 5 (3 6 7 7 8 8 9 7 10 8) 6 (1 44 3 33 5 39 7 48 9 41 10 44) 3 (3 91 4 65 7 62) 3 (1 105 2 94 5 95) 4 (1 44 5 38 6 60 9 29) 5 2 (2 83 10 81) 2 (7 37 10 32) 7 (3 40 5 32 6 40 7 38 8 46 9 37 10 37) 2 (2 8 6 9) 2 (5 21 10 17)
10 10 4 (3 24 4 20 6 28 9 27) 4 (4 4 6 4 8 6 10 4) 3 (1 76 2 86 4 85) 7 (1 111 2 86 3 87 5 106 6 75 8 67 10 100) 5 (2 13 4 14 5 12 7 11 8 14) 4 (4 104 6 83 7 106 10 78) 2 (3 21 7 24) 5 (2 24 4 22 7 21 8 21 10 26) 3 (2 45 3 42 7 41) 3 (2 35 4 42 5 45)
10 5 4 (3 30 5 24 6 26 7 23) 3 (1 19 4 24 8 23) 2 (1 48 2 54) 5 (1 38 2 37 3 47 4 44 6 40) 3 (1 78 7 102 9 116) 5 3 (1 67 2 76 6 58) 4 (1 91 5 76 7 78 9 87) 4 (1 71 4 81 6 92 7 95) 4 (1 86 4 87 7 116 10 85) 2 (7 15 9 16)
10 5 2 (5 6 10 4) 6 (2 9 3 6 4 9 5 9 6 7 10 7) 3 (4 80 5 70 9 68) 6 (1 38 3 30 4 29 8 25 9 24 10 21) 4 (1 59 3 79 7 65 8 68) 5 2 (2 51 7 66) 4 (2 9 4 9 8 9 10 9) 3 (1 54 3 41 10 63) 7 (1 32 2 43 4 28 6 31 7 38 8 38 9 34) 7 (2 85 3 109 4 118 5 89 7 126 8 94 10 93)
10 8 3 (1 39 6 38 9 41) 2 (4 58 7 42) 3 (3 44 6 47 7 28) 3 (1 6 2 7 3 5) 3 (2 86 5 90 9 119) 6 (1 6 2 7 5 6 7 7 8 7 9 5) 5 (5 54 6 67 7 60 8 69 10 40) 4 (2 38 3 40 6 37 9 43) 2 7 (1 4 2 6 3 4 4 6 6 5 9 6 10 5) 5 (3 15 4 14 6 15 7 14 8 19)
10 6 2 (4 60 10 70) 6 (2 50 4 93 5 88 6 68 8 76 10 83) 6 (2 96 3 89 4 88 6 65 7 70 9 84) 3 (6 13 7 12 10 10) 6 (1 40 2 30 4 26 7 32 9 24 10 28) 6 (3 18 4 19 5 15 8 15 9 14 10 18) 4 4 (1 49 5 48 6 55 9 43) 7 (2 64 3 63 5 63 6 56 7 62 9 57 10 61) 5 (2 26 3 23 5 27 8 36 10 33) 2 (1 19 6 23)
