10 10
8 15 13 10 10 13 11 10 13 9
4 2 3 2 2 3 3 3 4 4
10 5 4 (2 58 3 55 4 49 6 53) 7 (1 84 3 61 5 85 6 74 7 91 8 90 10 81) 2 (3 43 6 44) 3 (2 24 7 17 10 21) 6 (3 83 5 81 6 56 7 66 8 107 10 79) 5 7 (1 23 2 21 3 15 7 21 8 15 9 23 10 21) 6 (2 15 3 20 4 20 6 19 7 21 9 16) 3 (8 70 9 54 10 62) 5 (2 32 3 39 4 56 6 36 7 55) 4 (2 11 3 14 7 11 10 12)
10 10 4 (5 69 7 69 9 70 10 61) 7 (1 40 2 45 3 38 6 54 7 40 9 45 10 36) 5 (1 50 2 49 4 54 5 56 9 53) 5 (3 16 4 17 5 20 7 17 8 14) 7 (3 43 4 43 5 41 6 37 7 43 8 43 10 35) 6 (1 10 3 12 4 12 5 9 7 11 10 13) 2 (1 23 5 22) 2 (2 52 4 46) 6 (2 35 3 31 4 29 6 32 7 31 10 26) 2 (3 90 4 97)
10 9 7 (1 84 2 91 3 98 6 110 7 86 8 94 10 97) 4 (2 31 6 33 7 25 8 34) 4 (1 43 3 44 5 57 9 48) 6 (3 11 4 10 6 9 7 12 8 10 9 10) 6 (2 60 3 61 4 67 5 61 7 78 8 54) 7 (1 64 2 72 3 63 4 66 5 53 7 65 9 60) 6 (1 59 2 59 3 58 4 57 6 73 9 57) 3 (2 30 4 27 5 28) 3 (3 45 7 46 10 56) 1 2 (8 104 9 82)
10 7 4 (1 18 5 15 6 17 7 17) 3 (1 45 2 79 6 71) 5 (2 56 5 50 6 46 9 39 10 62) 2 (3 65 6 60) 4 (5 9 7 10 9 10 10 7) 2 (5 49 10 49) 4 (2 88 5 87 6 84 9 96) 3 7 (1 60 3 47 4 59 5 55 8 57 9 51 10 44) 4 (2 9 3 8 8 6 10 6) 5 (1 62 3 48 4 54 6 49 9 58)
10 6 6 (1 7 2 7 3 6 4 6 5 6 7 7) 5 (2 42 4 43 6 32 7 47 9 44) 2 (3 93 10 93) 6 (2 95 3 113 4 82 6 89 7 97 9 83) 5 (1 49 3 26 6 51 7 41 8 54) 3 (2 105 3 80 7 75) 4 5 (3 34 4 32 5 34 6 34 9 31) 3 (2 45 9 34 10 46) 7 (2 8 3 7 4 8 5 8 6 8 7 8 9 7) 2 (2 23 5 15)
10 9 6 (1 23 6 26 7 28 8 27 9 20 10 30) 4 (1 7 2 6 6 5 10 4) 4 (1 90 3 90 9 83 10 91) 5 (2 118 4 104 5 92 9 103 10 102) 2 (2 13 4 13) 5 (1 85 4 77 5 74 7 118 10 84) 5 (2 20 3 23 4 24 7 16 10 24) 5 (3 23 4 19 5 25 6 19 10 22) 7 (1 43 3 50 5 36 6 54 7 49 9 58 10 54) 1 2 (1 42 3 28)
10 9 4 (1 24 2 23 3 26 7 23) 5 (2 26 4 19 5 18 7 22 9 19) 7 (1 48 2 35 3 55 5 55 8 52 9 50 10 39) 2 (6 48 8 30) 6 (1 78 2 84 4 97 5 74 7 112 8 110) 2 (7 76 9 67) 2 (6 86 7 82) 3 (2 64 4 61 6 91) 7 (1 101 2 110 4 110 5 113 7 102 8 88 9 87) 1 6 (2 18 4 15 6 16 8 15 9 13 10 15)
10 9 5 (1 6 3 5 5 4 6 4 7 3) 2 (2 8 5 7) 7 (1 67 2 93 4 78 6 85 7 67 8 66 9 92) 4 (1 33 2 25 6 29 7 34) 4 (1 106 2 73 6 76 8 76) 7 (1 61 2 64 3 53 4 52 5 70 7 71 10 63) 2 (3 10 7 9) 3 (1 55 4 59 6 35) 6 (2 27 3 29 4 25 8 39 9 28 10 33) 1 3 (2 136 3 96 6 120)
10 10 5 (1 38 2 38 4 29 5 35 10 36) 3 (1 59 4 60 9 52) 4 (1 41 6 41 8 29 9 44) 4 (4 6 8 6 9 6 10 5) 6 (3 101 4 88 5 90 7 96 8 83 10 104) 3 (1 8 2 7 8 4) 2 (6 53 8 56) 7 (1 35 2 44 6 39 7 45 8 36 9 41 10 39) 4 (3 5 4 6 5 6 6 7) 2 (1 19 5 16)
10 6 6 (2 96 4 66 5 83 6 50 8 74 9 73) 6 (1 69 2 84 4 81 5 89 8 75 10 78) 5 (2 78 4 102 6 85 8 86 9 98) 4 (1 9 3 12 6 9 10 8) 4 (2 34 3 32 4 26 6 31) 4 (2 19 5 15 8 13 9 18) 4 2 (1 51 7 57) 2 (9 66 10 58) 6 (1 44 2 37 4 43 5 32 7 33 8 34) 7 (2 21 3 15 4 21 7 22 8 16 9 21 10 23)
