15 10
8 9 9 8 15 12 11 9 11 9
4 4 2 3 1 3 2 4 3 3
10 9 5 (2 9 3 10 4 7 7 9 9 7) 5 (1 99 2 99 5 69 7 63 9 78) 7 (1 71 2 76 3 52 5 55 8 55 9 89 10 69) 7 (1 79 2 110 4 74 5 77 7 76 8 58 9 89) 5 (2 33 3 37 7 26 8 33 9 22) 7 (2 40 3 37 4 39 5 41 8 27 9 44 10 32) 4 (1 40 8 52 9 46 10 37) 5 (2 87 5 112 7 117 8 100 10 94) 3 (4 27 7 28 10 23) 1 6 (3 15 4 21 6 17 8 24 9 20 10 22)
10 5 7 (1 26 2 16 5 16 6 18 7 22 8 19 10 18) 4 (3 67 4 79 6 73 10 58) 6 (1 40 2 39 7 41 8 39 9 49 10 46) 5 (3 24 4 27 6 25 7 26 9 24) 4 (1 67 4 90 5 74 10 91) 5 6 (1 51 2 48 3 50 6 37 8 33 10 37) 5 (1 11 2 16 3 16 5 9 7 13) 7 (1 34 2 33 4 28 5 29 6 30 8 28 9 25) 6 (2 51 3 69 5 86 7 54 8 73 9 65) 5 (1 7 3 7 4 10 5 11 8 7)
10 8 5 (2 40 4 50 6 57 7 62 10 45) 6 (1 89 2 79 3 96 4 97 6 85 9 81) 5 (1 101 2 79 3 87 6 98 8 85) 5 (2 7 3 8 5 8 8 7 9 6) 3 (4 57 7 46 9 52) 3 (1 54 3 69 9 58) 6 (1 60 3 63 5 69 8 79 9 71 10 57) 7 (1 68 2 70 3 85 6 65 7 41 8 87 10 69) 2 7 (1 33 3 44 5 40 7 41 8 43 9 48 10 42) 5 (2 56 4 47 5 51 7 48 8 50)
10 10 7 (3 70 4 76 5 82 6 64 7 63 8 85 9 70) 7 (1 45 2 35 3 36 4 44 5 45 7 46 10 46) 4 (2 117 3 113 7 93 9 106) 5 (2 48 5 50 6 57 7 53 9 80) 4 (1 74 4 73 6 58 7 59) 7 (2 115 4 112 5 88 6 108 7 102 9 91 10 96) 3 (5 10 8 9 9 10) 7 (1 99 3 85 4 112 5 95 7 103 8 85 9 99) 6 (1 7 2 12 3 10 6 8 7 10 9 12) 4 (1 44 3 79 4 100 9 57)
10 8 2 (1 83 10 110) 4 (2 24 7 23 8 35 10 30) 4 (1 54 7 39 9 42 10 44) 5 (1 6 3 7 4 7 5 7 6 8) 7 (1 83 2 50 4 53 5 65 7 55 8 64 9 77) 3 (3 61 4 83 5 76) 7 (2 10 3 9 4 11 5 16 8 14 9 12 10 16) 5 (1 49 3 39 5 31 6 32 7 44) 2 6 (2 79 5 97 7 58 8 80 9 45 10 73) 4 (4 26 6 32 9 21 10 32)
10 7 4 (1 64 2 49 5 53 9 60) 5 (5 48 6 50 7 51 8 52 10 34) 5 (3 44 4 45 5 44 7 64 10 71) 7 (1 77 2 68 5 83 6 66 7 98 8 60 10 56) 5 (4 53 5 65 7 80 8 66 9 55) 7 (1 70 2 69 3 62 5 67 6 53 7 69 10 79) 7 (1 106 2 85 4 55 5 101 6 86 8 97 10 102) 3 7 (2 48 4 31 5 40 6 40 8 48 9 38 10 43) 4 (1 31 2 26 3 21 10 28) 4 (3 10 4 9 7 9 10 8)
10 5 4 (2 77 4 68 8 81 9 64) 3 (1 92 2 79 5 104) 7 (1 53 2 61 3 74 4 65 6 58 8 68 9 49) 6 (1 124 4 67 5 118 6 82 8 95 9 91) 6 (1 99 2 121 4 133 7 73 8 93 10 103) 5 5 (1 10 6 8 7 8 9 9 10 9) 4 (1 60 2 52 4 54 10 42) 6 (1 72 4 89 5 51 6 72 7 75 9 64) 5 (1 30 2 44 3 34 8 33 10 35) 7 (1 15 3 19 4 15 6 14 7 21 9 9 10 17)
10 8 3 (1 72 2 69 8 67) 3 (3 112 5 82 6 108) 7 (1 86 2 115 3 102 5 81 6 106 8 77 10 85) 2 (4 33 8 32) 2 (2 77 5 101) 7 (3 35 4 31 5 45 6 43 8 54 9 44 10 44) 3 (2 64 4 62 10 70) 5 (2 9 7 10 8 9 9 11 10 7) 2 2 (2 74 9 49) 3 (3 48 4 42 7 38)
10 7 7 (2 45 3 37 4 34 6 35 7 32 8 33 9 32) 2 (2 48 7 50) 7 (2 77 3 44 4 66 5 64 6 82 7 42 8 83) 6 (3 27 5 32 7 23 8 27 9 22 10 20) 3 (1 50 3 39 6 43) 5 (2 45 3 42 7 61 8 22 10 46) 6 (1 58 2 60 3 79 5 77 7 74 10 61) 3 6 (1 20 2 23 3 18 5 23 6 27 10 22) 7 (1 33 2 33 3 33 4 35 5 34 8 35 10 36) 3 (6 90 7 77 10 77)
10 7 7 (2 71 3 67 4 53 5 62 7 71 8 74 10 60) 5 (1 5 4 5 5 4 6 6 8 4) 5 (3 45 5 60 6 56 7 36 10 46) 5 (1 55 3 52 4 57 6 50 8 43) 7 (1 92 2 91 3 90 6 75 7 67 9 75 10 73) 3 (1 22 2 21 10 20) 4 (1 74 3 69 9 66 10 63) 3 3 (2 17 3 24 7 26) 6 (1 46 2 42 5 46 7 77 8 42 9 44) 6 (2 73 3 64 4 57 5 60 8 53 9 73)
10 9 7 (1 102 2 109 5 104 7 108 8 99 9 111 10 90) 3 (3 81 7 75 9 86) 4 (4 28 5 38 6 30 10 36) 2 (5 23 9 20) 2 (1 14 10 19) 3 (3 35 7 35 10 42) 5 (1 21 4 20 6 19 9 23 10 22) 3 (4 27 7 32 8 40) 4 (5 49 8 54 9 54 10 53) 1 7 (2 8 3 11 4 9 6 8 7 9 8 8 10 9)
10 8 7 (2 63 3 50 4 70 6 50 8 53 9 64 10 66) 4 (2 63 3 68 4 51 5 69) 2 (3 81 7 67) 2 (2 10 5 7) 3 (1 51 6 54 10 56) 4 (1 15 2 15 5 12 6 15) 5 (1 63 4 83 7 74 8 58 10 61) 5 (1 15 2 18 5 21 9 17 10 19) 2 7 (2 81 3 90 4 99 7 83 8 85 9 82 10 78) 3 (4 17 7 21 10 17)
10 6 6 (1 79 2 93 3 80 4 95 5 88 8 90) 2 (6 54 10 57) 6 (2 58 3 48 4 42 6 56 8 54 10 54) 4 (1 96 3 121 5 90 7 92) 7 (2 47 3 37 4 38 6 33 7 34 9 54 10 54) 6 (1 98 2 80 3 88 4 78 6 80 10 77) 4 3 (5 80 6 88 9 90) 3 (2 80 6 76 7 93) 4 (1 108 3 94 6 99 8 89) 2 (3 58 4 63)
10 7 2 (7 11 9 10) 7 (1 83 2 92 4 102 5 100 6 110 7 109 10 104) 6 (2 22 3 25 7 21 8 19 9 24 10 26) 2 (6 36 10 53) 3 (2 39 5 36 9 46) 2 (5 84 9 69) 3 (2 6 4 6 8 7) 3 4 (2 21 6 27 7 19 8 25) 7 (1 81 3 70 4 94 6 72 7 91 8 93 9 93) 5 (4 37 5 37 7 31 8 43 10 26)
10 8 2 (5 26 8 28) 6 (1 30 2 38 5 25 6 35 7 26 10 28) 7 (1 54 2 47 3 44 4 54 7 47 9 45 10 51) 6 (1 51 2 51 3 49 5 57 8 61 9 54) 4 (1 38 2 51 5 48 8 59) 4 (2 57 6 74 7 77 10 67) 6 (1 77 2 84 5 89 7 77 8 50 9 74) 3 (4 9 7 6 8 7) 2 5 (1 19 3 31 6 27 8 27 10 27) 4 (1 38 2 32 7 48 9 46)
