15 10
14 8 10 13 11 10 15 10 11 13
1 1 2 2 2 2 4 2 2 2
10 10 6 (1 8 2 9 4 7 6 7 8 8 10 10) 6 (2 60 3 64 4 57 6 45 8 75 10 83) 3 (4 55 7 103 9 64) 2 (7 71 10 76) 4 (3 33 4 27 6 24 8 41) 3 (1 53 5 48 10 42) 6 (1 37 3 27 4 35 5 25 6 41 8 38) 7 (1 61 2 104 3 97 5 95 6 114 7 87 9 106) 6 (2 25 4 29 5 22 7 24 9 19 10 32) 5 (2 20 4 17 5 17 7 18 10 20)
10 6 5 (2 21 3 21 5 24 6 19 10 23) 2 (2 49 6 70) 4 (2 34 5 49 7 27 8 45) 5 (2 25 3 23 6 28 8 20 10 24) 4 (1 99 4 86 6 94 10 68) 3 (3 48 4 39 6 44) 4 6 (1 12 2 11 3 16 4 14 5 11 8 13) 5 (3 30 4 17 5 19 6 25 7 22) 7 (1 72 2 54 3 48 4 67 5 76 7 75 10 72) 7 (1 9 2 9 3 9 4 8 5 11 7 9 10 9)
10 5 2 (7 48 8 45) 3 (8 88 9 75 10 97) 3 (1 87 8 82 9 66) 2 (6 9 10 6) 7 (1 53 3 67 4 54 5 70 6 49 7 45 9 46) 5 7 (1 57 4 71 5 65 6 69 7 61 8 60 9 72) 7 (2 64 3 59 4 71 6 58 7 63 9 63 10 56) 4 (1 69 8 76 9 79 10 51) 5 (2 49 3 41 6 49 7 39 9 49) 6 (2 38 6 42 7 41 8 49 9 44 10 46)
10 6 6 (1 77 2 56 4 67 6 70 7 58 10 69) 5 (1 47 3 39 6 46 7 44 10 41) 7 (2 111 3 118 4 103 5 135 6 80 9 115 10 109) 7 (1 67 3 58 4 70 5 74 6 61 8 54 10 43) 4 (2 71 3 46 5 56 6 60) 4 (1 107 2 99 3 96 9 103) 4 2 (7 11 8 9) 4 (2 88 6 81 8 82 10 113) 7 (2 10 3 6 4 14 5 10 7 11 9 13 10 12) 4 (2 61 3 72 5 76 6 74)
10 10 7 (1 77 3 90 4 90 5 82 8 89 9 81 10 91) 2 (4 33 10 31) 3 (1 30 3 38 4 40) 5 (1 8 2 7 4 7 6 6 9 8) 4 (1 82 5 68 6 65 10 80) 4 (4 80 5 77 9 71 10 84) 7 (1 14 3 12 4 10 5 10 6 12 7 13 8 10) 4 (6 45 7 32 9 52 10 43) 2 (1 78 6 59) 3 (2 27 3 35 8 27)
10 6 3 (2 68 4 55 9 59) 7 (1 47 2 48 3 39 4 45 7 52 8 53 10 49) 2 (1 41 4 43) 3 (1 74 2 64 4 74) 2 (3 59 8 67) 5 (2 63 4 63 7 54 9 53 10 68) 4 5 (1 107 2 112 7 135 8 115 10 90) 6 (1 45 3 51 4 43 5 46 6 41 7 35) 7 (1 28 3 20 5 24 6 26 7 24 8 21 10 29) 3 (3 9 8 8 10 11)
10 7 5 (1 61 2 63 5 88 6 74 7 67) 2 (4 93 10 99) 5 (2 70 6 71 7 65 8 70 10 59) 2 (1 88 9 97) 6 (1 95 3 105 4 101 6 90 8 114 10 81) 7 (1 8 2 9 4 8 6 7 7 10 8 9 9 7) 4 (4 51 6 46 8 57 10 51) 3 6 (1 65 3 77 5 59 6 68 8 96 9 76) 2 (2 34 6 45) 3 (2 21 6 19 9 18)
10 5 3 (3 68 6 58 7 54) 2 (4 122 9 85) 3 (2 126 5 94 6 81) 3 (3 38 4 33 8 32) 6 (1 116 2 80 3 73 5 78 6 87 7 86) 5 5 (1 42 4 36 7 44 8 40 10 42) 7 (1 67 2 75 4 63 7 57 8 61 9 50 10 58) 6 (1 10 4 10 5 8 7 9 9 11 10 11) 6 (2 82 3 80 4 71 5 63 7 71 8 74) 7 (1 46 2 55 5 57 7 55 8 53 9 50 10 41)
10 7 3 (1 30 3 34 10 34) 2 (2 41 7 47) 4 (3 65 4 60 7 67 8 75) 5 (1 25 2 23 4 21 5 28 9 17) 6 (4 45 5 52 6 48 7 55 8 45 9 50) 4 (1 48 2 56 6 52 7 45) 5 (2 59 3 66 5 77 8 60 10 42) 3 3 (1 22 2 18 7 19) 5 (1 33 3 40 4 43 6 33 9 36) 6 (1 82 2 64 3 75 6 83 8 93 9 87)
10 5 5 (2 59 3 64 5 68 8 60 9 58) 2 (9 6 10 4) 4 (3 43 5 57 6 51 10 44) 2 (4 45 9 69) 3 (1 83 2 107 9 87) 5 5 (1 12 5 19 7 19 8 26 9 19) 5 (1 73 2 71 4 70 9 47 10 63) 5 (3 28 4 27 6 23 8 21 10 21) 6 (2 57 3 48 4 61 6 51 8 54 10 63) 4 (2 51 4 63 7 58 10 54)
10 10 3 (6 91 9 89 10 87) 5 (1 106 5 113 8 90 9 105 10 92) 3 (3 23 9 31 10 34) 4 (2 18 5 15 7 18 10 23) 5 (2 13 6 15 7 19 8 19 10 20) 7 (1 48 2 49 3 43 4 28 5 30 7 43 9 43) 3 (2 21 4 28 9 29) 5 (1 38 2 41 3 32 4 39 8 25) 2 (3 38 9 43) 4 (1 9 2 10 7 11 8 10)
10 9 7 (1 62 3 79 5 79 6 64 7 70 8 60 10 62) 7 (3 65 5 51 6 69 7 65 8 74 9 55 10 48) 2 (6 71 9 74) 4 (1 11 6 10 9 11 10 6) 7 (3 52 4 58 5 64 7 54 8 60 9 52 10 50) 4 (2 18 6 13 9 17 10 12) 3 (4 67 6 88 7 82) 7 (1 20 2 17 3 18 4 16 6 17 8 22 9 21) 4 (1 82 3 89 6 69 7 99) 1 2 (2 20 5 18)
10 7 4 (3 80 5 62 9 78 10 83) 4 (2 56 3 55 4 72 6 55) 7 (1 54 4 54 5 46 7 65 8 54 9 50 10 53) 7 (1 80 2 116 3 93 5 81 6 86 7 98 8 105) 5 (2 44 7 43 8 33 9 48 10 46) 7 (1 83 2 91 5 72 6 87 7 76 8 80 10 70) 3 (4 72 9 64 10 87) 3 7 (1 96 2 86 3 52 4 71 5 82 6 65 8 74) 4 (1 67 3 98 5 90 6 86) 6 (1 53 2 44 3 59 5 56 6 44 7 51)
10 8 5 (6 11 7 8 8 6 9 9 10 9) 5 (2 72 5 87 7 110 8 94 9 94) 4 (1 20 5 24 6 27 9 25) 6 (3 49 4 49 5 49 6 39 9 40 10 47) 7 (1 35 4 41 6 39 7 46 8 36 9 34 10 49) 3 (3 77 5 74 8 68) 7 (1 6 2 7 4 6 5 7 6 7 8 5 10 7) 4 (4 22 7 22 8 23 10 26) 2 4 (2 101 3 94 6 108 7 82) 5 (2 38 5 40 6 37 7 38 9 40)
10 9 2 (1 25 4 20) 3 (1 32 5 29 6 29) 2 (1 55 2 53) 7 (1 48 2 59 6 35 7 53 8 56 9 67 10 55) 2 (1 53 3 44) 3 (2 63 3 80 10 80) 5 (3 68 4 70 5 63 7 62 8 68) 7 (1 8 2 8 4 8 6 8 7 6 8 7 10 8) 4 (2 26 5 26 9 32 10 29) 1 5 (1 53 4 45 5 44 7 37 9 53)
