10 15
14 10 9 13 10 10 14 8 15 10 12 11 12 13 11
3 3 2 3 3 2 4 1 3 2 2 1 3 3 1
15 9 8 (3 35 4 43 7 35 8 38 9 44 11 41 13 45 15 42) 9 (3 60 4 64 5 55 7 71 9 48 11 64 12 60 14 65 15 67) 5 (3 36 8 22 11 35 13 20 14 26) 10 (4 27 5 31 6 23 8 21 9 27 10 11 11 31 12 24 14 30 15 27) 7 (1 93 2 86 3 58 4 83 5 73 9 85 10 77) 10 (1 27 2 34 3 28 4 22 6 31 7 34 9 41 12 33 14 23 15 23) 4 (3 66 8 55 9 53 11 58) 6 (1 29 7 32 9 30 10 39 11 32 13 43) 4 (2 90 10 71 14 69 15 54) 6 3 (3 23 8 27 11 19) 9 (2 53 4 68 6 52 8 77 9 62 10 61 11 65 12 59 14 47) 2 (2 39 15 36) 8 (2 15 3 20 5 16 7 21 10 21 12 13 13 20 14 19) 7 (3 57 5 67 8 77 9 47 10 64 12 50 15 62) 4 (4 89 9 92 11 87 14 92)
20 14 8 (4 47 6 44 7 42 8 38 10 45 13 52 14 48 15 47) 10 (1 92 3 65 4 74 5 73 6 82 7 82 8 68 9 76 11 85 15 101) 6 (1 65 2 80 4 55 8 82 13 84 14 62) 2 (11 42 15 43) 7 (1 62 3 88 5 68 7 85 9 72 13 76 15 78) 5 (9 80 10 84 11 66 13 76 14 82) 6 (2 26 7 33 8 35 10 39 13 38 15 27) 8 (3 109 5 119 6 87 7 116 8 97 9 113 10 68 13 68) 3 (10 18 11 15 12 18) 3 (6 20 8 22 15 22) 7 (1 78 2 86 4 88 7 92 11 96 12 72 13 84) 7 (2 19 3 24 5 18 8 23 10 21 12 21 14 25) 7 (2 73 4 59 5 78 8 78 10 95 12 45 14 63) 9 (1 20 5 35 6 36 9 34 10 37 11 37 12 31 13 37 15 24) 6 6 (2 79 7 65 8 68 10 58 13 65 15 69) 5 (1 63 6 31 7 62 9 55 15 56) 7 (1 42 4 56 6 57 9 60 12 45 13 38 14 48) 7 (2 37 5 32 7 37 8 49 9 35 11 44 12 44) 5 (1 42 2 42 9 38 12 44 13 52) 5 (3 61 5 87 7 76 9 61 13 46)
23 18 8 (2 79 3 49 5 70 7 69 8 83 9 67 10 88 11 67) 2 (7 66 11 77) 2 (2 76 3 84) 7 (3 39 9 32 10 39 11 35 12 40 13 35 15 41) 6 (1 109 4 90 8 89 9 84 11 100 13 106) 5 (1 60 5 68 6 72 9 81 12 68) 10 (1 20 3 34 4 24 5 30 6 26 7 30 9 32 10 25 14 31 15 19) 8 (3 94 4 100 5 97 6 68 7 83 8 87 12 92 15 79) 9 (1 58 2 95 3 89 7 72 10 88 12 71 13 54 14 62 15 59) 4 (1 40 4 35 10 44 13 44) 10 (2 60 3 52 4 71 5 53 8 72 9 79 10 63 11 55 12 57 14 62) 3 (1 49 2 40 14 52) 9 (2 47 3 45 5 32 7 30 9 31 10 31 11 41 12 43 15 32) 3 (1 101 3 86 5 94) 6 (7 31 8 33 9 38 12 31 13 32 14 27) 8 (4 59 5 65 6 55 8 42 9 42 10 66 14 51 15 54) 7 (6 81 9 68 10 71 11 67 12 54 13 74 14 54) 10 (1 52 2 55 3 65 5 40 8 74 10 59 11 71 12 69 13 65 15 78) 5 7 (1 64 2 63 5 72 7 73 9 53 10 60 12 47) 5 (2 35 6 31 7 27 9 35 15 40) 4 (2 27 6 24 7 25 14 23) 2 (4 37 8 28) 6 (3 51 4 58 7 83 11 62 13 58 15 88)
18 9 5 (3 95 7 83 9 65 10 72 13 69) 5 (1 73 3 79 5 76 6 74 12 58) 8 (1 49 2 63 3 66 4 70 5 64 7 75 13 58 14 67) 5 (1 59 4 48 5 50 7 41 15 48) 10 (1 49 3 53 4 54 6 54 7 46 8 57 9 48 10 61 13 55 15 66) 10 (1 63 3 70 4 67 5 52 6 65 8 53 9 78 10 66 12 44 13 72) 2 (6 62 10 65) 7 (2 92 4 91 9 87 10 76 13 85 14 87 15 112) 2 (1 40 13 30) 9 9 (1 63 2 56 3 45 4 62 5 57 6 65 8 76 13 69 15 70) 6 (1 16 4 15 5 20 8 15 12 18 15 21) 2 (5 61 11 51) 3 (8 36 11 30 13 42) 4 (8 95 11 109 14 100 15 119) 3 (1 31 11 39 12 25) 9 (1 96 2 76 3 82 4 83 5 92 10 76 13 91 14 67 15 83) 6 (5 34 6 38 7 43 9 47 12 43 15 38) 5 (2 46 9 71 11 73 12 67 15 53)
21 17 8 (2 79 3 108 4 115 8 111 11 76 12 99 13 94 14 97) 10 (2 87 3 73 4 58 7 65 8 46 9 66 10 66 11 70 13 47 15 75) 7 (1 52 3 76 7 85 8 85 9 92 10 81 11 102) 2 (4 39 5 42) 2 (6 26 8 31) 3 (1 43 5 43 10 47) 2 (2 86 4 97) 4 (4 37 7 43 8 46 11 40) 3 (2 85 7 92 11 62) 7 (1 43 3 34 5 41 6 39 8 52 9 47 13 33) 7 (1 105 3 107 4 95 5 109 8 88 11 100 12 86) 3 (2 67 5 50 8 67) 10 (1 126 3 79 6 73 8 95 9 88 10 107 11 94 13 101 14 96 15 126) 7 (4 54 7 50 8 56 11 52 12 36 13 61 15 38) 2 (3 36 5 31) 5 (2 66 5 55 7 65 8 57 10 86) 9 (1 105 3 100 5 91 6 116 7 105 8 92 9 98 11 97 14 86) 4 4 (6 76 8 64 10 71 11 57) 5 (1 64 2 60 4 59 9 68 13 63) 8 (1 82 4 87 6 87 7 96 9 119 10 76 13 113 14 107) 8 (1 40 5 43 6 38 7 32 8 47 11 34 14 40 15 42)
15 7 5 (1 97 2 78 8 102 9 72 13 108) 7 (2 77 3 81 5 51 8 57 13 58 14 49 15 81) 2 (2 95 9 83) 3 (3 61 11 66 12 52) 6 (2 16 7 19 8 22 11 21 13 21 14 19) 6 (1 36 2 37 3 38 6 27 8 21 11 28) 6 (2 26 7 23 8 35 10 41 14 27 15 35) 8 7 (1 21 2 28 5 23 7 30 8 22 14 35 15 27) 6 (2 87 7 108 8 79 10 65 12 93 13 70) 5 (1 87 7 97 9 87 10 79 12 78) 3 (8 83 14 76 15 80) 10 (1 24 2 19 4 19 5 21 6 21 7 22 8 25 10 19 13 22 14 21) 10 (2 70 3 84 4 84 5 84 6 94 8 102 10 82 11 57 13 101 15 99) 10 (1 25 2 27 3 38 5 45 6 39 7 42 9 34 11 31 13 30 15 39) 7 (1 81 3 62 4 67 7 73 9 73 13 55 15 70)
17 17 3 (5 37 9 53 15 46) 5 (5 122 8 91 11 109 14 93 15 78) 5 (3 26 6 23 8 18 9 27 14 19) 10 (3 25 4 35 5 28 7 40 8 28 9 43 10 37 11 45 12 37 14 36) 9 (1 91 2 80 3 83 5 86 7 92 8 89 9 100 14 85 15 104) 8 (1 55 4 79 6 61 7 85 9 71 11 75 12 88 15 57) 6 (5 91 6 100 9 98 10 96 11 84 13 86) 5 (2 55 7 36 9 44 10 47 14 35) 8 (3 37 5 43 7 32 8 41 9 37 10 39 12 43 13 39) 9 (1 59 2 61 3 51 4 50 6 58 11 49 12 57 14 56 15 50) 9 (2 61 3 46 5 65 6 44 8 59 10 57 11 47 14 72 15 59) 3 (9 57 10 55 13 48) 9 (4 82 5 87 6 86 10 94 11 75 12 86 13 67 14 96 15 86) 8 (2 52 3 75 5 89 6 65 9 75 10 62 12 70 15 85) 2 (2 56 7 72) 10 (1 18 3 14 4 12 6 16 8 15 11 15 12 14 13 17 14 14 15 17) 7 (6 29 7 25 8 37 10 38 12 28 13 41 15 43)
25 13 7 (1 58 3 44 4 72 5 50 11 52 12 52 14 65) 6 (1 64 2 60 4 68 5 56 8 57 15 42) 9 (3 22 4 22 5 14 6 20 7 20 8 16 11 16 12 15 15 20) 2 (1 44 14 45) 7 (2 71 3 88 6 85 9 75 10 84 11 102 14 87) 5 (1 60 2 56 3 46 9 60 14 53) 5 (3 55 4 67 8 68 11 91 15 62) 6 (2 36 3 38 8 33 9 45 10 31 11 36) 9 (4 55 5 47 6 48 7 51 9 46 10 55 11 61 12 46 14 42) 6 (1 61 3 65 4 58 5 68 7 59 11 57) 3 (5 40 10 47 12 30) 3 (2 88 3 78 10 77) 7 (3 38 7 46 8 45 11 41 12 32 13 49 14 38) 12 3 (12 85 14 57 15 87) 7 (3 67 4 62 5 51 7 54 8 67 10 66 12 68) 5 (1 46 5 52 7 44 11 41 13 52) 10 (1 20 2 19 3 22 4 25 7 21 8 29 10 27 11 21 12 21 14 21) 2 (4 30 6 37) 3 (6 50 8 36 10 48) 4 (2 61 5 112 10 94 14 94) 8 (1 55 3 63 4 48 5 46 6 55 9 52 11 52 14 64) 5 (5 33 9 44 11 35 13 35 14 41) 10 (1 71 2 74 3 62 5 84 6 48 8 63 9 83 12 81 13 65 15 80) 7 (1 35 3 30 4 25 6 29 7 27 12 24 13 34) 7 (2 25 6 29 8 36 10 36 11 32 13 38 14 26)
23 13 7 (1 69 3 62 4 58 5 76 9 62 12 52 15 51) 7 (5 55 6 56 8 58 10 62 11 61 13 70 14 49) 4 (4 55 8 58 12 61 13 57) 6 (2 31 3 39 7 42 8 48 9 49 11 35) 4 (10 32 11 51 14 60 15 50) 9 (2 59 5 89 6 88 7 64 9 68 10 64 11 73 13 64 15 74) 10 (1 47 3 51 4 51 5 42 6 33 7 54 9 33 10 43 14 41 15 40) 7 (1 89 4 63 6 49 7 80 11 66 12 52 13 63) 7 (1 47 2 44 3 51 6 43 7 56 8 39 11 46) 7 (2 83 8 76 9 82 12 80 13 77 14 68 15 76) 10 (1 44 2 31 3 40 4 29 6 39 7 34 9 38 11 32 12 26 13 37) 5 (4 72 5 73 7 67 11 69 12 61) 6 (1 38 2 34 3 61 9 34 11 48 13 38) 10 10 (1 94 2 74 3 105 7 71 8 77 9 73 10 65 12 74 13 72 15 74) 8 (2 42 3 39 4 38 5 38 6 49 7 50 13 36 15 44) 10 (1 26 2 28 3 23 4 26 5 25 7 18 8 22 9 18 10 24 12 30) 8 (1 65 4 61 6 58 8 58 9 63 10 45 11 79 15 61) 10 (1 112 2 79 3 89 7 73 8 103 9 94 10 87 12 99 13 93 15 94) 5 (2 23 6 20 8 16 11 22 13 22) 7 (3 29 4 27 7 37 10 40 11 33 13 32 14 38) 9 (4 90 5 97 6 97 7 95 9 86 12 118 13 59 14 93 15 75) 5 (4 90 9 71 10 94 13 77 15 101) 6 (4 46 5 38 8 40 9 48 12 52 13 40)
19 18 7 (1 73 2 82 3 81 9 77 10 52 11 91 14 104) 10 (1 69 2 43 4 45 5 31 9 40 11 37 12 56 13 42 14 41 15 45) 8 (1 64 2 55 3 65 5 75 9 62 10 66 12 60 14 48) 9 (1 67 2 48 4 53 5 66 6 59 7 62 9 63 14 57 15 68) 7 (4 29 5 29 6 43 8 30 9 22 13 32 14 24) 6 (6 50 7 53 9 46 12 55 14 61 15 50) 5 (1 55 3 57 4 49 5 37 6 58) 10 (2 76 4 92 7 95 8 82 9 94 11 82 12 80 13 69 14 94 15 76) 5 (1 36 2 31 3 47 12 41 13 32) 3 (6 75 9 63 15 78) 7 (1 37 4 55 8 46 9 36 13 53 14 41 15 44) 6 (2 37 6 36 7 31 9 37 12 38 14 37) 6 (2 42 3 48 7 39 8 35 12 34 14 45) 4 (1 66 5 69 8 81 13 68) 4 (9 81 11 71 12 74 15 70) 4 (1 83 9 58 11 52 12 66) 2 (2 69 4 70) 4 (2 26 3 32 8 34 14 25) 1 6 (3 47 8 57 9 37 11 57 12 62 14 60)
