15 15
11 8 13 13 12 8 11 10 9 14 9 10 11 10 15
2 4 3 2 3 4 3 3 2 2 1 2 2 1 2
15 15 6 (3 21 4 29 7 26 9 31 10 22 12 23) 5 (1 53 2 63 4 47 5 72 12 65) 5 (4 30 5 26 7 33 9 30 11 34) 5 (7 81 9 92 11 63 14 84 15 74) 7 (3 21 4 21 5 23 9 22 12 27 14 23 15 19) 6 (5 66 8 61 11 64 12 57 13 57 14 67) 2 (5 22 13 27) 8 (1 10 5 9 6 11 7 11 8 12 9 7 13 13 14 14) 9 (2 47 4 68 5 63 6 66 7 73 8 66 12 69 14 57 15 68) 3 (2 62 10 105 12 75) 8 (1 52 5 46 6 38 7 50 8 42 11 39 14 38 15 38) 2 (2 76 6 98) 8 (1 60 2 68 5 52 6 71 7 72 9 59 10 61 12 60) 3 (7 50 11 48 15 49) 4 (1 114 2 101 9 79 13 88)
20 14 4 (3 83 4 55 6 103 9 72) 7 (1 28 4 30 5 35 8 35 10 35 11 27 13 34) 6 (2 90 4 66 8 74 10 121 12 78 15 99) 9 (3 10 4 12 5 12 6 12 7 11 8 9 11 12 12 9 14 8) 4 (4 15 9 22 12 21 15 20) 8 (1 97 2 83 3 106 6 89 8 82 9 101 10 90 14 77) 5 (6 22 8 25 10 19 12 20 13 25) 3 (5 86 9 74 12 91) 10 (1 42 2 39 4 34 8 39 10 34 11 37 12 33 13 33 14 34 15 36) 6 (2 62 3 69 7 59 8 65 10 61 11 78) 4 (2 43 7 54 8 47 15 51) 6 (1 58 2 52 3 58 4 49 9 44 13 38) 7 (4 35 7 36 9 33 10 40 11 47 14 42 15 34) 3 (1 52 4 53 10 45) 6 10 (1 77 2 49 3 68 5 80 8 80 9 70 10 66 11 70 13 74 14 59) 9 (4 73 5 61 6 64 7 73 8 85 9 78 10 65 11 86 13 70) 4 (1 96 2 71 3 65 5 81) 3 (1 77 6 91 9 93) 2 (7 26 8 39) 4 (1 128 3 72 11 107 15 126)
23 13 6 (3 57 5 84 9 61 10 72 13 69 14 62) 7 (1 24 2 23 6 25 8 22 9 25 10 18 12 27) 3 (2 105 7 102 9 96) 10 (1 65 2 63 3 78 5 75 7 83 8 76 10 48 13 83 14 77 15 81) 7 (2 40 3 28 6 40 7 39 9 49 11 53 14 48) 4 (1 72 3 53 5 61 7 66) 3 (2 42 4 57 8 71) 7 (2 27 3 43 4 38 5 33 9 36 10 37 14 26) 3 (5 88 6 96 12 117) 5 (1 28 2 28 8 34 10 35 12 33) 6 (1 61 4 66 7 69 12 59 14 60 15 63) 6 (1 73 2 66 3 73 6 62 11 94 14 48) 8 (1 64 3 70 5 74 7 45 8 76 11 66 12 61 15 64) 10 3 (6 52 11 58 12 63) 10 (1 34 3 28 4 28 7 33 8 26 9 26 10 33 11 34 13 25 14 25) 6 (4 19 5 18 6 22 10 17 11 18 15 22) 7 (1 35 2 31 5 37 6 47 10 43 13 43 15 27) 7 (1 69 4 83 5 66 8 70 9 62 12 52 14 76) 10 (1 84 2 90 4 70 8 60 10 59 11 61 12 77 13 75 14 83 15 78) 2 (6 92 12 66) 10 (1 49 2 78 3 67 5 60 8 56 9 75 10 57 11 74 12 90 13 68) 7 (2 54 5 52 6 34 7 39 8 37 9 55 15 40) 8 (6 52 8 64 9 47 10 45 11 60 13 58 14 56 15 56)
18 11 8 (1 50 3 53 5 58 6 77 7 65 9 55 14 44 15 62) 9 (2 48 3 76 4 68 6 63 7 78 10 68 11 59 13 82 15 70) 10 (1 92 2 82 3 97 4 111 7 78 10 95 11 89 13 80 14 63 15 95) 4 (3 28 6 23 8 28 15 28) 6 (4 56 6 54 9 56 10 65 13 69 15 70) 4 (1 14 5 18 10 14 12 18) 3 (6 57 8 60 11 60) 5 (1 25 3 37 6 27 9 36 10 39) 8 (1 83 2 95 3 110 4 112 10 56 11 80 13 116 15 112) 3 (7 27 10 33 13 34) 6 (8 62 9 84 11 93 12 63 13 79 15 66) 7 7 (2 46 3 34 4 35 5 35 9 45 13 55 15 25) 7 (2 60 3 65 6 55 7 42 11 71 13 65 14 58) 2 (6 67 15 95) 2 (9 64 10 58) 3 (2 73 9 74 13 73) 8 (4 47 6 50 7 49 8 48 9 35 12 35 13 37 14 42) 2 (5 29 6 33)
21 20 4 (1 70 6 55 7 50 9 60) 6 (6 82 7 89 8 75 10 85 13 78 14 77) 9 (2 37 3 40 4 50 5 33 6 43 7 54 8 41 9 43 10 41) 10 (3 85 4 91 5 86 6 92 7 72 8 81 9 87 10 103 11 86 14 92) 3 (2 44 11 39 15 40) 6 (1 87 2 99 3 95 11 87 13 76 14 78) 6 (2 83 3 65 5 66 6 64 7 76 13 62) 10 (1 106 3 60 5 88 6 116 8 118 9 74 10 102 11 97 12 91 13 99) 3 (5 55 6 42 8 41) 3 (4 27 8 20 15 30) 8 (1 52 4 64 5 56 6 51 7 58 8 61 11 51 12 63) 6 (1 92 4 93 6 95 11 101 14 103 15 94) 10 (2 65 3 63 5 74 6 87 7 72 8 85 9 70 12 73 14 75 15 66) 8 (3 71 4 63 5 67 7 61 10 66 13 77 14 65 15 70) 4 (6 95 11 94 13 93 14 114) 4 (5 44 9 39 10 45 11 37) 6 (3 113 5 114 6 84 11 94 12 93 15 111) 5 (7 78 11 69 12 60 14 64 15 78) 9 (2 90 3 86 5 76 7 37 8 91 10 94 13 87 14 72 15 94) 5 (2 68 7 66 9 77 12 75 15 66) 1 8 (2 16 3 19 5 18 6 20 9 15 10 19 12 19 14 21)
15 11 9 (1 23 3 24 4 28 8 21 9 30 10 24 13 28 14 28 15 26) 8 (2 23 3 35 4 28 6 32 7 28 11 28 13 34 15 32) 10 (1 16 2 16 3 21 4 23 7 14 8 21 10 17 11 20 14 24 15 25) 8 (2 95 4 79 5 123 6 117 8 111 10 84 12 99 14 108) 7 (2 87 3 96 5 87 9 85 11 93 12 83 13 96) 2 (1 55 8 55) 4 (5 16 8 18 12 14 15 12) 3 (1 98 4 93 13 80) 8 (1 31 4 37 7 32 8 41 9 33 10 33 12 37 13 33) 8 (1 65 3 64 4 87 5 81 6 67 10 72 11 89 12 74) 8 (1 35 2 47 4 43 6 49 7 37 8 53 9 38 11 42) 4 7 (1 101 2 101 3 101 5 120 7 73 13 108 14 87) 2 (2 26 4 23) 7 (2 32 4 26 6 32 9 31 12 25 14 41 15 41) 3 (3 96 4 91 5 73)
17 15 8 (2 61 3 78 4 53 6 57 7 68 8 100 9 80 10 72) 2 (3 120 14 84) 6 (3 32 5 46 8 57 11 58 13 36 14 63) 7 (3 40 4 45 5 42 6 34 8 37 9 27 14 36) 5 (2 53 6 49 7 47 8 40 15 46) 7 (2 69 5 54 6 58 9 66 11 57 12 53 15 77) 4 (3 59 4 74 5 62 9 54) 4 (3 109 9 104 10 87 13 100) 2 (1 68 4 82) 9 (5 70 6 86 8 88 9 73 11 85 12 77 13 81 14 84 15 45) 4 (1 8 2 10 3 7 6 12) 6 (1 27 4 26 6 30 8 35 14 27 15 34) 4 (1 69 2 52 9 65 13 55) 6 (2 51 3 42 5 48 6 53 9 40 10 41) 2 (12 15 15 23) 2 8 (1 44 3 64 6 52 7 54 12 55 13 62 14 40 15 59) 3 (6 108 10 92 15 87)
25 19 3 (2 42 4 37 12 56) 9 (1 67 2 64 6 77 7 73 9 72 12 38 13 70 14 70 15 66) 8 (3 22 4 28 6 27 7 35 8 27 10 33 13 26 15 29) 9 (1 46 3 40 5 40 8 43 9 64 10 50 11 50 13 47 14 43) 2 (4 53 7 46) 9 (1 35 2 42 4 41 6 42 8 38 9 40 10 40 13 44 15 34) 8 (1 92 2 60 3 39 7 69 8 94 10 87 11 77 12 47) 8 (2 44 3 36 4 29 6 48 8 42 9 38 10 34 12 36) 8 (1 74 2 80 3 68 4 80 8 72 10 72 13 50 15 75) 2 (9 67 12 70) 4 (1 48 4 37 8 36 12 33) 2 (3 22 4 15) 10 (1 28 2 35 3 31 4 26 8 36 11 25 12 32 13 29 14 39 15 23) 7 (1 34 3 38 7 47 8 41 10 48 13 41 15 43) 2 (2 97 3 94) 8 (1 74 2 60 3 65 5 53 11 65 12 55 13 52 14 70) 5 (3 38 4 35 5 39 6 44 12 30) 2 (7 73 15 54) 6 (2 27 4 21 5 23 6 19 10 25 12 18) 6 9 (1 19 3 24 5 24 7 25 9 20 10 27 11 23 13 19 15 27) 3 (3 78 10 78 15 71) 10 (1 56 2 50 4 60 6 51 8 49 9 52 10 61 12 41 14 66 15 67) 5 (1 76 3 60 5 47 8 80 10 80) 10 (1 32 3 32 4 38 7 35 8 42 9 44 10 27 11 33 13 40 14 38) 10 (1 47 2 45 3 39 4 28 5 52 6 51 8 41 9 49 14 42 15 46)
23 13 9 (2 46 3 99 7 93 8 82 9 109 10 92 13 94 14 68 15 89) 5 (4 44 5 39 6 39 7 39 11 33) 4 (2 63 7 80 12 84 14 66) 7 (1 37 3 52 4 56 7 37 8 31 12 55 14 49) 7 (2 66 9 54 10 62 11 104 12 82 13 54 14 54) 8 (2 35 4 32 5 33 6 30 9 27 10 36 14 34 15 39) 7 (3 76 5 70 6 85 7 79 8 72 9 77 15 77) 3 (3 41 8 44 12 48) 3 (3 65 10 41 14 67) 3 (1 38 8 41 14 41) 4 (1 18 7 22 8 18 10 20) 7 (1 79 2 64 4 55 9 73 10 63 11 61 12 64) 3 (8 70 9 90 10 114) 10 4 (3 17 10 19 13 15 15 14) 3 (8 41 10 37 11 38) 6 (1 102 2 104 9 100 10 110 11 101 14 115) 5 (5 84 6 76 8 95 13 76 15 88) 3 (12 48 13 42 15 57) 5 (4 70 5 78 8 106 11 77 12 76) 6 (1 35 2 39 4 38 11 38 12 36 14 49) 4 (2 63 3 75 7 44 12 68) 4 (2 44 8 62 10 67 11 67) 5 (6 38 7 42 10 34 11 25 14 30)
19 19 8 (2 62 3 63 4 66 5 66 10 79 11 72 12 58 13 69) 3 (4 48 11 51 12 50) 3 (2 94 13 99 15 97) 6 (1 28 3 32 4 34 7 35 9 34 11 30) 6 (5 68 6 83 11 73 12 53 13 102 14 67) 9 (2 50 3 30 4 29 6 40 8 37 9 37 10 36 12 48 15 34) 4 (1 32 2 30 14 23 15 37) 8 (2 32 4 35 5 43 6 42 7 45 8 36 9 45 10 36) 3 (6 87 7 71 15 84) 7 (1 87 2 86 3 64 6 68 7 90 8 74 13 80) 8 (2 60 4 73 6 57 9 77 10 66 12 84 13 56 15 65) 5 (4 75 10 73 11 56 12 87 13 61) 2 (8 24 14 20) 9 (2 62 3 56 4 43 5 46 6 46 7 39 10 53 14 42 15 49) 7 (2 15 5 12 7 12 9 12 10 14 11 13 14 15) 8 (1 33 2 32 5 41 6 32 8 45 9 37 11 38 12 35) 8 (1 20 4 20 6 16 7 20 8 21 9 22 10 22 13 18) 3 (12 65 13 88 14 83) 2 (11 103 13 100)
19 11 7 (2 55 5 58 9 52 11 76 12 52 13 44 14 59) 7 (1 99 5 90 7 94 8 82 10 94 11 93 14 88) 4 (1 58 2 48 10 62 12 54) 3 (1 96 5 70 12 93) 3 (10 56 12 42 15 66) 6 (2 52 3 68 8 74 9 66 11 76 12 68) 4 (1 70 4 95 8 112 13 74) 5 (2 58 7 50 9 58 11 58 13 44) 3 (5 82 6 62 7 80) 8 (2 74 4 67 5 51 7 74 10 75 13 61 14 77 15 67) 10 (1 40 4 56 5 33 6 38 7 43 10 53 11 52 12 55 13 39 14 43) 8 9 (2 80 3 68 5 89 8 88 9 110 11 95 12 106 13 88 15 89) 6 (1 65 2 82 3 85 6 73 7 99 12 96) 3 (7 33 8 37 9 41) 3 (5 84 7 64 15 78) 3 (2 17 8 14 15 9) 3 (5 65 6 54 12 56) 10 (1 16 2 16 4 15 5 15 7 15 8 14 9 12 11 13 13 16 14 14) 2 (2 59 15 54)
21 16 3 (6 18 7 14 8 16) 9 (1 82 2 87 3 89 4 97 6 85 9 81 10 119 11 85 13 110) 9 (1 19 2 21 5 21 6 17 10 22 11 20 12 16 13 21 14 19) 8 (2 80 4 68 6 91 8 74 9 75 11 113 14 87 15 101) 5 (5 44 8 58 9 45 10 45 13 45) 8 (2 57 4 39 6 47 7 48 8 48 9 42 12 54 15 52) 6 (1 47 4 72 5 69 7 54 10 72 12 47) 9 (2 16 4 17 5 14 6 15 7 17 8 17 9 13 14 17 15 15) 10 (1 70 3 65 4 63 5 65 6 65 7 53 8 73 9 74 10 76 14 65) 6 (2 67 3 70 4 63 7 69 11 88 13 85) 4 (4 44 10 48 11 37 12 53) 4 (5 51 8 55 10 48 13 49) 10 (2 38 4 36 6 33 8 33 9 45 10 25 12 33 13 32 14 36 15 36) 10 (1 9 3 13 4 7 5 9 6 9 8 13 10 9 11 11 13 12 14 11) 2 (7 94 12 71) 6 (1 10 5 16 6 9 9 11 10 11 12 14) 5 8 (5 104 6 108 8 92 10 98 11 75 12 87 14 100 15 90) 3 (5 22 10 25 13 19) 2 (2 84 15 101) 6 (1 25 2 34 3 49 8 31 9 39 11 32) 4 (2 52 3 40 4 49 15 32)
16 11 2 (3 44 8 41) 4 (2 51 3 63 5 61 11 54) 2 (1 62 14 44) 6 (2 50 3 60 6 64 7 56 8 58 12 46) 3 (1 25 9 25 13 24) 9 (5 97 6 109 7 103 8 105 10 128 11 131 13 100 14 100 15 72) 7 (3 74 4 79 6 93 9 100 10 82 11 77 13 118) 2 (5 53 15 42) 3 (1 61 6 58 15 63) 10 (1 83 2 78 3 68 5 85 7 98 8 105 10 62 11 99 13 103 15 65) 3 (5 117 10 88 12 118) 5 9 (1 96 3 118 4 89 6 96 7 72 11 56 12 72 13 94 14 94) 5 (3 86 5 72 8 80 9 77 15 74) 2 (3 62 8 67) 4 (8 16 11 19 13 16 14 14) 4 (1 112 3 114 7 96 13 89)
16 13 5 (1 62 3 57 7 70 8 58 12 73) 2 (9 65 15 81) 3 (1 92 3 115 6 95) 8 (1 48 3 44 6 47 10 47 11 46 12 42 13 40 14 54) 6 (7 53 8 49 9 51 13 58 14 52 15 55) 7 (1 65 2 63 4 69 6 59 8 69 9 50 15 60) 9 (4 20 5 24 6 26 7 30 9 20 10 22 13 20 14 24 15 19) 5 (3 100 5 141 7 80 9 110 14 73) 2 (8 11 12 13) 6 (2 11 5 11 6 16 8 15 11 11 15 15) 10 (1 76 3 64 5 66 7 76 9 71 10 66 11 73 12 60 13 69 15 61) 5 (4 58 7 64 8 74 12 71 13 78) 7 (1 46 5 38 6 34 8 42 9 45 12 35 13 43) 3 6 (3 78 4 64 6 67 11 66 12 85 15 57) 7 (1 52 3 79 4 58 6 89 8 62 9 78 10 81) 8 (2 54 4 44 5 49 7 48 9 46 11 45 12 42 13 51)
25 16 6 (5 20 8 18 9 18 12 17 13 17 15 16) 8 (1 62 3 47 6 42 9 46 11 55 12 39 13 60 14 34) 7 (4 88 5 75 6 61 8 72 9 85 11 80 14 63) 4 (2 24 3 22 10 18 15 23) 8 (1 35 3 41 6 38 8 33 9 40 11 27 12 32 14 42) 5 (3 11 6 9 9 10 14 11 15 10) 5 (7 51 10 38 12 50 14 41 15 52) 6 (1 20 2 21 3 21 5 23 8 16 12 14) 4 (3 83 6 64 10 68 11 74) 10 (4 29 5 37 7 31 8 29 9 34 10 31 11 32 13 29 14 36 15 38) 4 (5 99 8 92 12 73 13 95) 10 (1 14 2 13 3 12 4 16 6 13 7 14 8 15 10 15 12 17 13 15) 8 (2 66 3 61 7 58 9 62 10 50 11 63 12 59 15 57) 4 (1 50 3 48 8 53 15 55) 2 (12 77 15 75) 2 (13 94 14 56) 9 8 (3 69 4 77 5 62 10 76 11 84 12 82 14 78 15 72) 3 (2 118 6 97 11 93) 4 (4 25 10 35 11 36 12 30) 9 (2 53 4 62 5 82 8 58 9 65 10 62 11 57 12 45 15 67) 7 (3 23 6 26 7 19 10 20 11 20 12 22 15 27) 7 (1 51 2 40 3 51 7 50 11 53 12 48 15 51) 8 (1 35 5 37 6 29 7 42 8 41 9 30 11 22 13 27) 6 (2 46 4 37 5 39 9 38 13 57 14 46) 9 (1 28 4 26 6 26 8 34 9 20 10 24 11 31 12 24 15 31)
