10 15
11 9 10 13 8 14 13 12 12 10 9 9 12 9 11
3 3 2 2 1 2 1 3 3 3 2 4 4 3 2
15 10 10 (1 34 3 45 4 43 5 49 8 44 10 43 12 34 13 34 14 33 15 39) 7 (2 53 3 44 8 56 10 58 12 81 13 73 14 65) 10 (2 23 3 25 4 25 8 18 9 23 10 21 11 21 13 23 14 20 15 19) 8 (2 10 4 14 8 13 9 14 10 15 11 15 13 14 15 19) 3 (6 108 8 98 12 98) 9 (1 30 2 21 4 27 5 23 6 26 7 22 8 22 9 25 15 20) 8 (7 49 8 54 9 63 10 62 11 65 12 61 14 86 15 64) 9 (1 26 2 34 3 41 7 29 8 23 9 28 13 32 14 26 15 24) 5 (1 88 4 76 5 88 8 92 14 102) 8 (1 25 3 26 4 21 6 21 8 26 12 17 14 20 15 16) 5 6 (2 44 4 66 5 72 10 67 13 66 15 67) 10 (1 27 2 27 3 20 4 34 5 26 8 30 9 22 13 33 14 30 15 30) 10 (2 14 5 11 6 13 7 11 10 11 11 15 12 12 13 10 14 12 15 12) 7 (1 59 2 59 6 70 10 60 11 76 12 59 15 55) 10 (1 81 3 99 4 83 7 102 8 99 9 93 10 86 13 94 14 113 15 81)
20 14 3 (4 51 11 52 12 47) 4 (2 134 5 92 8 73 11 83) 7 (1 77 3 74 7 55 9 77 10 82 12 62 15 85) 4 (4 64 12 32 13 44 15 46) 6 (4 104 8 96 10 114 11 89 12 109 14 109) 9 (1 61 2 78 5 66 6 68 8 83 9 71 12 71 14 66 15 57) 3 (2 39 5 22 15 28) 10 (1 90 2 78 4 113 5 100 7 78 8 76 9 98 10 112 11 85 13 96) 8 (4 11 5 7 7 13 9 10 11 10 13 11 14 10 15 12) 10 (1 18 4 21 6 22 7 15 8 19 10 19 11 22 12 24 13 19 15 16) 7 (1 82 2 85 4 95 6 100 8 82 10 107 14 87) 2 (2 19 10 19) 7 (1 93 2 80 3 63 5 74 6 88 11 82 15 78) 4 (6 39 8 40 13 37 15 37) 6 8 (2 74 3 63 4 61 6 64 7 75 8 66 12 57 13 55) 5 (4 48 9 63 11 58 13 48 14 43) 4 (2 46 3 54 14 53 15 51) 3 (4 35 7 32 10 32) 2 (10 36 12 47) 8 (1 70 2 87 5 82 6 66 9 67 11 82 12 60 13 79)
23 15 2 (1 66 9 62) 8 (3 74 4 78 6 86 7 97 8 93 10 100 12 78 15 70) 7 (5 68 6 94 7 98 8 104 9 89 13 74 14 93) 4 (7 36 8 33 9 39 14 35) 5 (2 85 3 105 11 86 12 80 13 69) 7 (1 88 4 88 5 61 10 65 11 83 13 58 14 99) 6 (3 17 4 22 5 28 9 19 10 28 12 20) 5 (1 99 2 87 7 87 10 86 12 108) 7 (2 68 4 83 5 58 7 76 9 69 11 72 15 67) 6 (4 44 5 35 9 39 12 50 14 27 15 46) 9 (1 72 3 49 5 48 6 64 8 53 10 58 12 48 13 63 14 86) 8 (1 49 2 56 3 64 6 46 9 43 11 62 14 53 15 52) 8 (2 31 4 27 7 45 8 27 9 27 12 36 13 32 15 38) 10 (2 88 3 103 4 92 6 79 7 79 9 90 12 108 13 81 14 104 15 100) 6 (1 30 3 43 7 30 8 31 9 30 10 34) 8 6 (4 67 6 67 9 59 10 58 12 58 15 53) 9 (1 68 2 76 3 66 7 68 8 56 9 61 10 83 11 53 15 62) 7 (2 66 5 71 6 65 7 60 10 62 14 63 15 53) 6 (3 64 5 61 7 49 8 47 10 62 14 60) 6 (1 29 5 26 7 31 8 31 9 25 13 27) 5 (4 14 5 15 6 16 8 21 13 18) 2 (7 34 15 39) 5 (1 55 2 59 3 84 5 72 12 56)
18 17 7 (1 75 4 84 5 94 6 100 8 65 10 97 12 78) 4 (5 75 6 85 11 76 12 60) 6 (3 50 4 69 8 66 9 63 11 65 13 55) 2 (3 46 7 50) 4 (5 63 6 70 9 46 12 54) 6 (2 65 3 52 12 54 13 53 14 55 15 64) 6 (1 75 2 52 3 43 5 79 7 61 11 57) 3 (3 119 13 71 14 111) 4 (4 30 6 31 7 25 11 28) 9 (1 65 3 62 4 66 5 58 6 53 9 59 10 66 13 60 15 54) 2 (1 19 10 16) 5 (3 66 6 71 10 65 11 64 14 47) 6 (3 30 4 35 7 27 9 33 10 36 14 25) 6 (1 113 3 115 10 116 11 73 13 85 14 107) 2 (1 28 14 25) 6 (1 68 6 95 9 86 11 83 12 79 15 75) 10 (3 29 4 45 5 50 7 36 8 42 9 37 10 36 12 48 13 36 15 45) 1 6 (6 55 8 73 9 57 12 56 13 41 15 63)
21 14 6 (4 105 6 100 8 102 11 108 13 88 15 89) 9 (1 59 4 76 5 77 6 65 8 71 9 84 10 76 13 90 15 62) 5 (1 89 2 63 8 77 11 84 14 76) 6 (5 44 6 34 7 53 8 44 12 37 15 43) 6 (3 32 7 26 10 26 11 31 12 37 13 31) 8 (1 56 4 52 5 50 7 47 8 58 9 39 12 57 13 53) 8 (1 90 2 115 3 68 5 91 7 93 9 74 10 103 11 101) 5 (1 39 4 47 7 56 13 45 15 50) 7 (1 85 3 105 4 85 6 77 7 88 10 80 15 67) 6 (3 36 5 37 6 42 7 40 10 38 15 50) 2 (2 63 11 90) 6 (1 66 5 57 8 71 11 60 12 77 13 75) 5 (1 103 2 88 3 119 5 102 10 111) 6 (2 42 3 51 6 46 9 50 10 36 15 44) 7 9 (3 34 5 26 6 23 9 30 10 28 11 33 13 33 14 27 15 29) 3 (5 46 6 70 15 76) 10 (1 93 4 85 6 91 7 83 8 92 9 90 11 112 13 113 14 110 15 112) 4 (3 70 5 69 8 65 9 77) 6 (2 58 4 77 7 52 10 60 12 71 14 42) 2 (11 114 13 106) 3 (2 52 5 39 14 59)
15 9 4 (1 74 7 80 9 123 14 99) 4 (6 68 7 63 12 71 14 94) 7 (4 84 5 94 6 78 7 89 9 84 13 90 14 86) 3 (1 73 8 91 10 77) 4 (2 14 9 16 10 13 14 18) 2 (2 21 10 23) 4 (4 27 6 27 11 37 15 34) 8 (4 21 6 16 8 23 10 19 12 20 13 26 14 21 15 19) 3 (2 90 3 82 4 111) 6 3 (7 61 11 107 14 80) 6 (1 78 2 80 6 72 7 57 9 73 11 85) 7 (5 16 7 18 8 18 10 17 13 18 14 15 15 17) 8 (1 81 3 88 4 76 9 73 11 90 12 80 13 69 14 72) 4 (1 39 10 37 11 36 15 35) 3 (2 71 6 85 7 71)
17 10 2 (14 49 15 44) 7 (1 111 5 96 6 111 9 82 11 58 12 101 15 89) 3 (2 24 6 22 7 17) 7 (1 42 3 28 4 25 11 36 12 26 13 40 15 43) 7 (6 84 7 102 9 117 10 87 11 102 12 107 14 78) 3 (6 73 8 84 12 76) 4 (3 76 7 71 11 122 13 107) 10 (3 48 4 46 5 46 6 39 7 58 8 45 9 47 10 51 12 54 15 42) 5 (2 23 5 33 8 34 10 29 12 34) 6 (2 53 3 46 4 49 6 59 10 48 14 46) 7 3 (3 59 5 73 8 77) 9 (1 73 3 50 5 61 7 51 8 54 9 49 11 67 14 72 15 56) 2 (7 74 12 119) 8 (1 63 4 80 5 89 6 78 8 95 9 77 12 71 14 69) 6 (2 62 3 90 4 78 7 80 9 87 14 74) 9 (1 11 4 8 8 12 9 11 10 9 11 10 12 13 14 9 15 13) 5 (1 30 4 29 5 32 11 28 12 34)
25 19 4 (2 37 5 58 6 53 7 53) 5 (1 58 5 52 10 50 12 53 13 45) 3 (4 18 6 21 12 18) 7 (2 63 3 55 7 47 8 48 10 67 11 47 14 51) 9 (1 86 2 81 3 93 5 88 10 69 11 85 13 103 14 84 15 75) 8 (2 53 5 42 9 37 11 38 12 51 13 51 14 58 15 40) 7 (1 77 2 84 4 71 5 63 11 89 12 77 13 66) 9 (1 41 3 32 4 38 6 28 7 32 9 27 12 40 13 30 14 27) 3 (1 41 2 38 7 52) 3 (5 51 8 55 11 57) 2 (10 40 15 44) 8 (2 43 7 54 9 88 10 87 12 85 13 78 14 84 15 90) 9 (1 40 3 46 4 37 8 42 10 32 11 31 12 40 14 42 15 29) 7 (1 72 3 64 6 83 7 74 8 73 10 69 14 62) 10 (1 78 2 79 3 56 4 60 7 52 9 43 11 70 13 73 14 64 15 71) 6 (1 43 6 31 8 35 10 37 11 31 13 36) 9 (1 17 2 15 3 17 4 19 5 16 6 17 8 18 9 17 10 20) 10 (2 34 3 25 5 33 6 26 7 33 8 27 9 42 11 33 13 24 14 37) 10 (2 42 3 44 4 39 5 54 6 47 7 44 10 45 12 41 13 36 14 38) 6 5 (2 96 4 96 8 98 10 95 12 111) 3 (1 46 5 55 15 46) 4 (2 43 5 39 9 31 11 35) 5 (5 57 6 88 8 51 11 76 14 81) 2 (3 24 13 18) 3 (1 28 5 25 10 25)
23 12 9 (2 70 6 75 7 47 8 76 10 75 11 82 12 61 13 61 14 66) 2 (2 72 9 60) 3 (10 53 12 68 13 75) 10 (2 30 3 38 4 35 5 33 7 30 8 26 9 31 12 34 13 27 14 37) 9 (5 63 6 44 9 53 10 54 11 52 12 44 13 52 14 48 15 40) 7 (1 87 2 73 3 60 4 88 8 80 9 84 14 79) 8 (2 41 4 47 6 45 7 42 8 48 9 34 11 52 14 35) 10 (1 79 3 89 4 84 5 71 7 81 8 95 10 93 11 83 12 84 14 89) 5 (2 58 3 52 4 48 5 56 8 52) 7 (1 108 4 82 6 82 11 93 12 74 13 73 14 75) 2 (10 27 14 37) 9 (1 65 5 76 6 75 8 61 9 76 10 62 12 80 13 81 14 82) 11 8 (1 37 3 37 4 46 6 39 7 46 9 44 14 30 15 40) 7 (1 77 3 101 4 81 6 83 9 54 13 69 14 77) 5 (2 42 3 38 10 36 12 48 15 46) 10 (2 14 3 15 6 20 9 19 10 17 11 22 12 18 13 20 14 16 15 18) 7 (1 63 3 67 6 59 8 61 9 67 11 58 14 63) 9 (1 117 6 85 7 85 8 98 9 85 10 104 11 115 12 130 15 99) 6 (2 12 3 17 4 20 5 16 7 12 9 12) 6 (1 31 2 30 3 37 9 38 10 33 13 37) 8 (2 100 3 109 5 85 6 87 7 84 9 87 14 89 15 108) 4 (4 92 6 88 8 83 9 89) 4 (3 48 5 49 8 50 11 33)
19 16 8 (1 66 2 88 3 101 4 90 6 76 8 82 11 99 13 87) 9 (1 29 2 51 4 44 6 43 8 39 11 44 12 40 13 34 14 46) 2 (1 69 11 75) 3 (8 59 10 59 14 53) 5 (1 29 5 38 7 32 12 24 14 20) 2 (3 60 7 60) 8 (2 52 3 46 6 47 7 61 8 54 12 48 14 36 15 61) 10 (1 93 2 97 5 73 6 89 7 105 8 87 9 77 11 89 13 78 14 109) 2 (8 25 15 23) 10 (1 70 2 86 3 58 4 93 7 88 8 73 9 77 10 90 11 89 15 54) 10 (2 50 3 39 4 56 5 42 6 40 10 41 11 51 12 32 14 54 15 42) 7 (3 31 8 29 9 33 12 33 13 32 14 27 15 31) 7 (2 42 5 40 10 37 11 43 13 36 14 49 15 40) 2 (4 110 5 90) 3 (10 68 13 67 15 68) 7 (1 45 3 70 4 71 6 65 8 64 9 69 13 54) 3 5 (3 78 4 85 5 54 9 51 12 65) 4 (1 23 2 17 7 19 11 20) 9 (4 53 5 44 6 49 9 49 10 51 11 45 12 55 14 45 15 60)
