15 10
15 8 11 12 9 12 15 13 12 8
1 2 1 3 2 3 3 2 3 3
10 5 6 (1 8 5 8 7 10 8 8 9 7 10 8) 2 (4 64 7 92) 2 (4 85 7 60) 2 (8 89 9 83) 7 (1 29 3 34 4 26 5 28 6 28 8 33 9 29) 5 3 (3 35 6 36 10 44) 2 (5 39 10 37) 4 (1 93 3 105 5 90 10 102) 7 (1 23 2 31 3 20 4 28 6 24 9 32 10 28) 5 (2 18 3 17 5 18 8 18 9 21)
10 5 4 (3 23 6 19 7 20 10 17) 6 (2 90 3 75 4 64 5 79 7 64 8 82) 4 (1 45 2 54 3 42 8 39) 4 (1 17 6 27 8 28 10 20) 3 (1 85 2 56 7 78) 5 7 (2 38 3 33 4 35 6 44 8 32 9 37 10 42) 4 (2 15 3 14 4 14 8 13) 3 (2 24 5 30 10 28) 2 (4 78 5 67) 6 (2 9 5 9 6 6 7 10 8 9 9 9)
10 6 6 (1 56 4 60 5 42 6 57 8 48 10 45) 3 (4 66 6 114 8 84) 4 (1 80 3 93 8 86 9 89) 6 (1 6 3 6 6 7 8 8 9 10 10 8) 6 (2 45 3 58 4 59 7 59 8 44 10 51) 4 (7 64 8 64 9 68 10 55) 4 4 (2 50 3 60 5 74 10 41) 4 (2 88 5 66 7 60 10 77) 6 (1 25 2 35 3 37 6 47 7 27 8 47) 3 (2 54 4 54 6 45)
10 5 5 (1 68 3 62 7 54 9 70 10 64) 2 (1 50 8 35) 7 (2 88 3 106 5 96 6 84 7 108 8 85 9 62) 6 (1 74 5 65 7 64 8 75 9 58 10 58) 5 (1 77 2 64 3 77 5 60 7 60) 5 4 (1 90 2 124 4 94 6 77) 6 (1 10 4 12 5 10 6 12 8 12 9 8) 3 (2 84 8 92 10 89) 6 (2 13 3 13 4 11 6 10 9 9 10 9) 2 (9 71 10 71)
10 7 4 (2 101 3 76 4 87 6 71) 3 (1 39 6 31 9 41) 6 (1 43 2 43 3 50 4 33 7 55 10 42) 7 (1 6 2 7 6 8 7 6 8 8 9 7 10 7) 5 (3 66 7 62 8 70 9 84 10 76) 6 (1 85 4 63 5 68 7 76 8 69 9 91) 5 (1 11 2 10 3 10 4 14 7 17) 3 7 (1 44 2 50 3 40 7 36 8 45 9 35 10 54) 5 (1 57 3 86 5 54 8 54 9 58) 2 (4 36 8 28)
10 9 2 (2 46 10 51) 2 (6 49 7 48) 6 (1 70 2 62 3 59 8 56 9 77 10 51) 7 (1 66 3 79 5 61 7 64 8 92 9 77 10 71) 6 (2 60 3 58 6 57 8 56 9 55 10 63) 6 (2 48 4 77 5 64 7 62 8 72 9 49) 6 (1 66 4 89 5 113 8 120 9 126 10 115) 5 (1 36 2 32 3 40 4 52 9 51) 7 (1 32 5 29 6 26 7 32 8 25 9 27 10 24) 1 4 (1 8 5 9 9 10 10 10)
10 9 7 (1 69 2 88 3 65 5 67 8 57 9 58 10 60) 6 (1 125 3 95 4 108 6 103 8 85 9 91) 2 (2 59 6 74) 7 (1 70 3 86 4 88 5 54 7 96 9 93 10 106) 2 (2 123 7 92) 6 (4 7 5 9 6 9 7 9 9 7 10 8) 5 (2 51 5 63 6 55 7 56 10 60) 7 (2 68 3 86 4 70 6 79 7 74 8 63 9 47) 6 (2 45 3 35 4 33 6 46 7 39 8 35) 1 2 (2 16 6 18)
10 7 5 (1 58 3 61 6 63 9 66 10 59) 4 (2 101 7 95 8 104 9 94) 6 (1 82 3 94 5 99 7 113 8 66 10 117) 6 (2 29 3 39 4 33 5 25 7 42 9 35) 6 (1 96 3 107 4 88 5 109 7 104 9 84) 5 (1 33 5 36 7 41 8 30 9 36) 6 (1 74 3 64 4 67 6 79 7 61 10 60) 3 3 (2 8 4 10 7 8) 4 (1 55 2 76 7 93 9 76) 7 (2 42 3 43 4 50 6 44 8 52 9 50 10 51)
10 9 5 (2 40 4 39 8 41 9 33 10 34) 6 (1 39 2 38 3 33 5 43 6 38 9 28) 3 (4 71 7 79 10 74) 5 (1 34 2 28 6 27 9 31 10 24) 5 (4 40 6 43 8 51 9 50 10 42) 2 (4 44 8 44) 6 (1 38 2 58 3 67 6 60 7 76 10 55) 7 (3 21 4 22 5 22 6 21 7 19 8 22 10 23) 2 (5 46 8 30) 1 2 (4 77 5 47)
10 6 4 (1 52 2 46 3 67 5 59) 5 (4 6 5 4 6 5 7 4 10 4) 4 (3 47 4 48 6 44 8 50) 7 (1 58 3 50 5 59 6 52 8 63 9 44 10 54) 4 (1 87 2 81 3 95 5 107) 4 (2 16 6 19 7 19 10 17) 4 4 (1 75 2 83 3 62 6 58) 7 (1 23 2 28 3 28 4 17 6 27 9 20 10 25) 7 (1 54 4 46 5 53 6 52 8 44 9 63 10 47) 6 (1 53 2 38 3 46 4 77 7 49 8 52)
10 9 6 (1 107 3 114 5 112 7 96 8 90 9 86) 6 (2 112 4 78 5 85 6 125 8 96 9 116) 3 (5 31 6 38 9 36) 4 (2 21 3 19 7 23 10 16) 5 (1 24 2 17 3 19 5 20 7 20) 2 (1 41 9 38) 2 (4 22 7 19) 7 (1 36 2 34 4 28 5 38 6 42 8 42 10 26) 6 (1 58 2 46 4 36 7 41 8 54 9 63) 1 2 (3 10 6 9)
10 6 3 (4 63 5 65 6 77) 4 (2 66 4 58 5 51 10 52) 3 (4 81 6 68 8 75) 5 (1 8 2 12 3 11 5 11 10 12) 7 (1 58 2 58 3 70 4 60 5 67 8 47 9 44) 4 (1 16 4 13 5 16 9 16) 4 6 (2 65 3 81 4 51 7 55 8 68 10 70) 6 (1 23 3 19 5 18 7 18 9 23 10 16) 4 (2 81 3 72 6 65 8 112) 5 (1 19 3 21 7 25 8 22 10 21)
10 10 4 (3 83 7 83 8 86 10 73) 6 (1 64 3 57 5 64 6 58 7 61 8 70) 3 (1 58 8 58 10 69) 3 (3 87 5 91 7 112) 7 (1 37 2 52 4 40 7 33 8 41 9 29 10 47) 5 (2 81 3 74 4 86 9 62 10 99) 6 (1 87 2 85 4 44 6 55 8 72 9 81) 3 (1 96 7 93 8 93) 6 (1 95 3 89 4 83 5 94 6 71 8 93) 5 (4 50 5 57 6 53 7 63 9 59)
10 9 2 (2 10 7 12) 3 (2 99 7 107 9 90) 6 (2 23 4 31 5 29 6 23 9 26 10 18) 5 (3 48 6 47 7 51 8 55 9 45) 4 (2 40 3 39 7 47 10 35) 6 (2 79 6 74 7 73 8 54 9 80 10 87) 7 (1 5 2 6 3 9 6 6 7 6 8 6 9 7) 2 (1 19 9 21) 7 (1 118 2 88 3 91 4 95 5 97 6 107 9 73) 1 7 (2 32 3 35 4 24 5 32 7 31 9 31 10 24)
10 7 7 (1 25 2 25 3 29 5 18 8 26 9 26 10 20) 4 (3 30 4 25 6 31 10 35) 7 (2 41 3 39 4 42 5 60 7 39 9 55 10 61) 5 (3 39 4 49 6 55 9 57 10 43) 5 (4 51 5 37 6 50 8 34 9 53) 4 (2 81 3 56 4 60 7 82) 7 (1 80 3 81 4 83 5 61 7 83 9 107 10 78) 3 6 (2 7 3 7 7 7 8 7 9 9 10 7) 4 (5 31 6 30 7 26 8 25) 4 (2 54 4 45 7 58 9 51)
