15 15
13 9 15 13 9 13 11 9 11 13 12 14 14 9 10
1 2 1 3 1 4 2 3 2 2 2 1 2 3 4
15 10 4 (2 25 3 28 4 28 5 29) 3 (6 87 7 60 13 64) 3 (2 28 4 28 9 31) 9 (1 63 4 74 7 92 9 100 10 75 12 65 13 107 14 123 15 85) 3 (6 30 7 24 15 23) 7 (1 55 3 80 6 63 7 72 9 55 13 59 14 80) 2 (5 30 8 32) 9 (3 13 4 11 5 15 8 12 9 11 10 9 11 11 12 12 15 14) 5 (3 73 4 65 7 63 12 77 13 66) 8 (2 76 5 105 7 93 8 81 10 108 12 71 14 108 15 70) 5 3 (6 38 7 32 11 34) 8 (4 95 5 101 7 69 8 88 9 88 11 92 13 83 14 90) 8 (1 55 3 71 4 68 7 59 8 59 10 57 12 52 15 79) 5 (1 60 4 53 7 44 12 30 14 40) 9 (1 87 2 68 3 88 5 61 6 74 7 73 13 91 14 81 15 91)
20 18 7 (2 78 3 68 5 74 6 61 7 89 10 66 12 60) 7 (1 26 2 29 4 33 5 26 7 31 12 29 14 18) 9 (5 92 7 108 8 63 9 107 10 106 12 92 13 119 14 90 15 83) 3 (9 12 10 12 13 12) 9 (1 22 2 15 6 18 7 21 8 21 10 14 11 19 14 19 15 22) 10 (4 79 5 83 7 115 8 92 9 70 10 85 12 77 13 92 14 106 15 81) 3 (7 19 13 21 15 16) 8 (3 79 4 92 5 82 7 72 8 78 9 85 11 112 12 78) 7 (2 33 4 38 5 38 8 36 9 59 11 35 12 36) 10 (1 69 2 64 6 68 7 73 9 50 10 57 11 58 12 86 13 87 15 78) 3 (2 44 3 46 9 53) 9 (1 54 3 59 4 54 5 44 7 45 8 52 10 48 11 60 12 60) 6 (1 32 2 25 5 41 10 38 12 37 13 41) 7 (1 53 2 49 5 46 6 57 7 51 8 56 12 57) 7 (5 72 6 64 7 72 8 67 10 70 12 75 15 69) 5 (1 80 3 58 8 69 9 70 15 76) 6 (1 85 2 83 5 71 9 75 10 67 15 67) 6 (2 64 5 77 8 85 9 74 10 97 14 91) 2 10 (3 36 4 30 6 26 7 38 10 36 11 37 12 44 13 42 14 38 15 32) 8 (1 109 4 105 5 74 8 112 9 72 10 91 12 112 15 102)
23 18 2 (9 65 15 64) 3 (1 23 11 21 13 22) 3 (1 101 9 101 15 88) 5 (1 63 5 59 9 61 12 69 14 58) 8 (2 43 3 39 5 43 6 34 7 48 11 43 13 29 14 53) 8 (2 57 3 50 4 64 5 57 7 50 8 75 9 72 15 57) 3 (1 64 4 45 15 45) 3 (11 35 12 36 15 25) 4 (1 88 9 102 10 96 13 104) 6 (4 37 5 26 7 41 11 33 13 33 15 26) 10 (2 53 3 69 4 78 6 59 7 49 8 52 9 60 12 56 14 48 15 70) 10 (2 74 4 68 5 72 8 65 10 72 11 73 12 75 13 69 14 76 15 67) 2 (10 67 12 55) 4 (4 64 5 60 7 73 10 52) 10 (1 23 2 27 6 23 7 25 8 30 9 31 10 31 12 31 13 31 15 30) 2 (10 15 14 22) 9 (1 32 2 28 3 34 4 32 5 37 8 36 9 38 13 35 15 41) 7 (3 90 4 67 5 71 6 93 10 88 12 72 14 74) 5 4 (9 78 11 89 14 61 15 70) 7 (2 85 5 82 6 61 9 61 10 76 11 69 13 71) 2 (10 55 11 68) 9 (1 31 2 36 4 40 6 48 9 46 10 48 13 44 14 39 15 51) 5 (5 62 6 50 9 44 11 58 13 54)
18 9 5 (4 74 8 70 10 66 14 54 15 67) 9 (4 80 5 68 6 77 7 90 8 78 9 58 10 76 11 67 14 67) 9 (2 115 3 89 4 96 5 109 8 109 9 135 12 108 13 96 15 104) 4 (1 23 5 31 7 30 11 31) 7 (1 57 4 58 5 64 6 77 10 56 14 58 15 65) 8 (2 15 4 18 5 18 6 18 8 16 10 14 12 17 13 18) 5 (3 54 7 63 10 51 13 49 14 72) 3 (3 35 7 41 13 30) 5 (1 109 2 78 3 109 7 80 13 101) 9 7 (1 24 6 35 7 29 9 42 10 33 13 25 15 30) 6 (4 74 7 82 9 85 11 90 12 84 15 70) 2 (4 47 15 41) 4 (1 65 9 51 12 57 14 55) 9 (1 112 3 107 5 69 6 73 9 112 11 110 12 94 13 91 15 99) 10 (1 82 3 74 4 70 7 79 9 47 10 66 11 62 13 65 14 51 15 62) 4 (3 83 6 92 11 87 14 103) 10 (3 46 4 39 5 38 6 58 9 40 11 42 12 47 13 41 14 49 15 35) 3 (10 25 12 32 15 38)
21 14 9 (1 49 3 65 5 53 6 54 8 56 9 57 10 50 12 36 14 68) 8 (1 81 2 80 6 99 7 95 8 99 9 84 10 74 14 81) 10 (2 35 3 48 4 48 6 43 7 41 8 25 9 37 12 47 13 44 15 36) 4 (3 74 9 89 12 102 15 67) 7 (2 42 5 39 10 37 11 32 12 44 13 35 15 46) 3 (4 91 9 122 13 80) 5 (1 61 6 75 7 55 10 75 12 82) 3 (4 116 9 101 12 101) 8 (3 28 4 45 5 51 6 34 7 40 9 41 13 43 15 57) 10 (3 21 4 26 5 22 6 29 8 31 9 29 10 28 12 25 13 33 15 29) 3 (2 75 9 66 11 68) 9 (1 111 2 114 4 90 7 65 9 104 11 96 12 82 13 118 14 94) 2 (2 60 9 77) 2 (1 44 7 46) 7 6 (6 101 7 92 9 62 10 111 12 63 15 96) 7 (1 54 2 46 8 39 9 50 11 45 12 40 14 45) 9 (2 95 4 108 6 112 7 81 8 88 11 79 12 105 13 101 15 87) 5 (1 68 9 74 12 73 13 74 15 57) 7 (2 75 6 96 7 69 8 101 13 54 14 93 15 74) 3 (2 73 3 86 15 82) 3 (3 21 7 20 14 17)
15 10 4 (2 25 4 26 9 30 10 20) 5 (6 30 10 28 11 35 12 24 14 28) 3 (5 20 9 22 10 16) 9 (1 85 2 75 4 118 5 109 7 92 8 105 10 113 12 109 15 62) 5 (1 99 4 99 8 78 9 101 10 70) 3 (1 70 5 82 15 72) 4 (1 15 6 18 13 14 14 19) 8 (2 73 4 40 5 85 7 92 10 80 12 101 13 76 15 117) 5 (4 39 5 41 8 38 9 36 13 34) 2 (8 83 15 75) 5 8 (2 41 4 41 5 46 7 39 8 40 11 33 13 42 14 32) 9 (1 110 3 111 4 95 6 76 7 107 9 86 13 87 14 98 15 101) 3 (3 18 10 25 15 21) 2 (4 32 13 38) 9 (2 79 4 103 5 73 6 80 7 105 8 76 10 115 14 65 15 100)
17 9 7 (4 74 7 62 8 52 9 42 11 95 12 78 13 59) 3 (11 102 14 106 15 87) 10 (1 46 3 39 5 53 6 47 7 53 8 55 12 47 13 40 14 58 15 44) 6 (2 34 4 36 5 36 6 35 9 31 13 38) 6 (1 44 2 49 4 45 8 38 12 41 13 49) 5 (2 71 10 48 11 53 13 66 15 54) 9 (1 67 2 58 3 69 4 78 5 56 10 63 11 75 12 61 15 58) 4 (5 91 6 118 9 97 13 90) 6 (2 66 7 86 9 48 10 80 12 83 13 73) 8 7 (1 82 3 72 6 84 8 84 9 60 10 76 15 95) 8 (2 11 4 11 8 9 9 13 10 6 11 7 12 8 13 15) 10 (2 31 3 30 4 36 7 36 8 34 10 25 11 34 12 30 13 37 15 30) 6 (1 33 2 55 3 61 8 64 13 47 14 43) 4 (1 66 3 58 6 60 12 54) 9 (1 21 2 17 6 21 7 24 8 23 9 18 11 20 13 18 14 18) 4 (8 39 11 52 14 55 15 64) 6 (6 70 8 88 9 76 10 90 11 92 15 71)
25 18 10 (1 43 3 41 4 53 5 32 6 32 7 45 9 43 11 47 12 48 13 48) 6 (3 66 5 66 8 79 9 54 14 67 15 74) 4 (3 18 11 32 13 29 14 37) 2 (7 35 12 42) 8 (4 55 5 41 6 44 7 62 10 41 12 61 14 44 15 50) 10 (1 30 3 31 4 36 5 37 9 42 10 39 11 39 12 33 13 41 15 33) 4 (1 57 2 70 8 95 14 53) 5 (1 42 6 36 7 31 9 39 10 35) 5 (7 81 8 76 9 84 11 55 14 50) 5 (1 65 8 67 9 71 10 78 12 70) 5 (2 43 3 39 6 43 10 41 14 45) 2 (2 8 4 17) 9 (1 26 2 30 5 33 8 26 9 29 10 30 11 34 14 34 15 27) 9 (1 41 2 43 4 41 5 36 8 37 9 36 12 34 13 38 15 50) 5 (6 81 7 101 8 92 12 74 15 90) 5 (2 62 3 61 5 77 6 71 9 56) 2 (13 33 15 37) 6 (2 63 3 78 4 59 5 70 13 80 15 55) 7 8 (2 21 4 19 5 24 7 23 11 18 12 25 13 26 15 24) 10 (3 31 4 23 5 17 6 27 7 19 9 32 12 22 13 27 14 19 15 18) 8 (1 64 2 73 5 66 6 58 7 45 10 32 13 62 15 56) 3 (2 64 3 55 10 50) 5 (1 44 3 75 6 80 7 66 10 66) 7 (1 40 2 39 3 33 5 35 12 37 13 40 14 34) 7 (1 45 3 56 5 53 6 49 8 39 10 32 14 47)
23 22 3 (5 77 7 81 12 87) 8 (5 43 6 45 8 46 9 49 10 38 11 49 13 48 14 36) 2 (4 81 5 88) 4 (1 38 2 52 9 59 14 45) 8 (2 104 3 75 4 71 6 76 8 64 9 83 10 65 14 88) 4 (1 32 2 25 13 36 15 47) 7 (1 66 2 72 4 65 5 87 11 68 13 72 15 71) 2 (8 46 11 40) 9 (1 82 3 67 4 68 5 81 8 61 9 85 10 102 12 45 15 59) 9 (1 34 3 47 4 38 6 42 10 41 12 36 13 42 14 49 15 37) 3 (5 18 8 21 14 16) 10 (2 48 3 70 6 58 7 67 9 64 10 57 11 72 12 60 14 79 15 49) 6 (5 88 6 95 9 105 11 100 13 87 14 116) 3 (1 17 3 15 14 15) 10 (1 33 4 41 5 31 6 37 9 31 10 34 11 27 12 32 13 40 15 34) 2 (7 105 9 107) 7 (1 65 2 86 6 90 9 59 10 85 14 83 15 79) 10 (1 45 3 46 4 41 5 42 7 46 10 49 11 45 13 48 14 42 15 44) 10 (1 97 2 70 3 85 4 91 7 60 8 90 9 72 10 60 12 84 15 85) 2 (14 45 15 32) 8 (1 46 2 65 3 47 6 31 8 61 12 26 14 57 15 56) 7 (1 37 3 51 4 43 6 59 10 79 12 39 13 61) 1 10 (2 35 4 32 5 27 6 30 7 19 8 31 9 24 11 23 12 31 15 34)
19 17 8 (2 61 5 67 6 57 7 61 12 56 13 58 14 46 15 62) 8 (1 54 3 43 4 63 7 67 8 44 12 57 14 56 15 51) 9 (5 99 6 120 7 108 8 91 9 78 11 113 12 74 13 101 15 92) 7 (1 32 5 39 6 34 7 37 9 39 11 32 14 36) 9 (3 82 4 81 5 99 6 71 7 90 9 64 11 93 12 88 13 78) 7 (3 33 4 37 10 45 11 39 13 45 14 37 15 47) 6 (2 37 4 36 7 31 8 29 13 33 14 37) 7 (1 43 8 42 9 38 10 44 12 38 13 46 15 49) 5 (3 83 6 76 9 84 12 77 13 72) 7 (2 73 5 81 7 71 10 82 12 76 14 62 15 62) 3 (6 69 11 57 15 46) 4 (7 95 9 95 11 67 12 86) 6 (1 23 4 28 5 19 7 20 8 25 12 23) 3 (1 51 14 45 15 60) 4 (5 15 9 13 11 10 12 14) 3 (2 49 7 30 8 40) 5 (1 22 3 17 9 19 11 21 15 15) 2 7 (2 70 5 54 8 76 10 73 11 57 12 89 13 56) 6 (1 91 5 79 7 118 8 95 9 120 10 98)
19 12 6 (2 65 6 53 7 51 10 55 12 56 13 59) 10 (1 121 2 102 3 82 4 78 5 95 9 108 10 73 12 110 13 68 14 93) 9 (3 53 5 52 6 54 7 47 8 57 9 69 12 52 13 47 14 58) 7 (1 77 5 78 8 96 9 90 11 84 12 78 14 78) 6 (4 72 6 53 8 43 9 65 13 66 14 62) 3 (4 70 6 64 13 63) 7 (3 103 7 85 8 94 9 91 11 112 13 85 15 69) 8 (4 55 5 44 8 53 9 55 11 56 12 40 14 52 15 57) 7 (4 70 5 81 7 95 8 68 9 96 11 75 12 87) 2 (10 61 15 83) 7 (1 44 3 45 4 39 11 40 12 37 14 39 15 33) 4 (7 77 9 79 10 104 15 92) 7 4 (8 82 9 114 11 104 15 101) 9 (3 38 4 35 5 44 6 32 9 38 10 31 11 40 12 39 14 35) 2 (7 66 8 77) 9 (2 10 5 10 6 16 7 13 9 12 10 14 11 9 12 12 14 13) 6 (1 47 4 64 6 57 7 59 9 65 14 54) 10 (1 14 2 15 4 14 7 14 8 14 10 16 11 12 12 13 13 14 15 12) 7 (1 67 4 50 6 61 7 53 9 57 12 83 13 51)
21 18 5 (4 19 7 13 9 13 10 13 13 22) 6 (1 78 4 111 5 100 8 101 12 116 13 92) 2 (1 21 15 20) 5 (6 72 7 76 9 82 12 90 14 103) 3 (2 40 3 53 11 50) 6 (1 41 2 38 7 36 11 54 12 63 13 43) 3 (4 63 11 58 13 64) 3 (3 16 6 15 8 17) 4 (6 78 12 63 14 39 15 65) 4 (1 62 4 63 10 61 14 77) 5 (4 51 6 38 7 33 14 43 15 43) 5 (1 53 3 41 7 46 11 42 12 46) 2 (9 34 13 34) 5 (1 12 2 13 3 13 10 13 14 11) 2 (13 92 15 94) 3 (3 15 7 10 12 14) 9 (2 92 3 114 5 98 6 59 8 103 9 106 10 110 14 109 15 111) 7 (6 28 7 27 10 17 11 18 12 26 14 24 15 26) 3 8 (3 74 6 92 9 79 10 96 12 81 13 74 14 79 15 107) 9 (2 34 3 50 6 31 8 29 9 32 10 35 13 37 14 37 15 38) 2 (8 44 15 33)
16 12 9 (2 44 4 47 7 53 8 51 9 47 10 42 11 47 12 46 15 45) 5 (2 46 4 50 5 52 8 50 9 65) 10 (1 43 2 60 4 63 7 58 8 49 9 52 10 56 11 57 13 74 15 59) 5 (2 56 5 41 9 44 11 40 15 44) 9 (1 23 2 28 6 31 7 34 8 22 11 25 12 26 13 27 14 26) 4 (2 100 7 88 9 116 13 119) 10 (1 73 2 84 4 76 5 113 6 102 7 109 10 108 11 107 12 101 15 110) 8 (1 28 3 37 5 55 8 36 9 37 11 45 12 24 15 37) 8 (3 69 4 55 7 71 9 73 11 59 13 65 14 58 15 41) 3 (5 97 12 104 13 87) 9 (1 105 2 120 6 70 7 96 8 123 9 81 12 72 13 122 14 108) 6 (3 57 5 97 7 92 9 87 10 114 12 122) 4 10 (2 98 3 63 4 108 5 95 7 94 8 68 9 64 10 102 14 91 15 68) 5 (5 52 6 59 7 56 12 63 14 65) 9 (1 15 3 17 4 14 6 16 7 18 9 12 10 18 12 15 13 17) 9 (1 96 2 91 3 103 6 121 7 80 8 84 9 99 11 86 12 103)
16 11 7 (2 51 4 64 5 69 10 57 11 50 13 71 15 70) 2 (1 74 15 78) 10 (3 82 4 99 5 89 7 113 8 105 9 111 10 107 11 125 13 102 14 95) 8 (3 41 8 46 10 33 11 37 12 51 13 41 14 47 15 42) 9 (3 61 5 47 6 49 7 46 9 50 10 55 11 52 13 44 14 63) 6 (1 72 4 61 7 75 9 58 10 64 13 86) 3 (5 22 6 23 8 21) 3 (3 72 8 58 12 101) 4 (4 9 5 13 6 7 15 12) 7 (1 17 3 14 4 11 8 12 13 12 14 11 15 11) 4 (1 55 4 77 5 65 8 69) 5 2 (4 74 12 31) 6 (2 50 6 30 9 35 11 33 13 48 14 41) 9 (1 58 2 57 4 67 5 82 7 67 8 62 9 74 10 61 12 64) 2 (1 102 3 88) 8 (1 36 4 51 5 55 6 41 9 44 11 41 14 45 15 44)
25 17 9 (1 17 4 24 5 19 6 17 8 18 9 14 12 21 13 19 15 16) 8 (1 50 2 50 3 50 4 48 5 43 9 50 11 35 14 45) 3 (1 67 10 67 15 73) 10 (1 27 3 23 6 26 7 25 8 32 10 21 11 31 12 21 13 18 14 23) 3 (2 27 7 43 14 32) 8 (1 6 2 8 5 13 6 6 7 13 9 7 10 11 11 8) 2 (1 44 3 39) 5 (1 19 5 20 7 13 9 22 12 23) 4 (1 88 4 82 13 71 15 85) 3 (5 37 11 39 13 41) 2 (3 98 14 89) 8 (4 14 6 14 7 13 8 11 9 15 12 15 13 11 15 11) 3 (1 36 7 52 14 67) 4 (8 57 12 41 14 52 15 41) 10 (1 87 2 83 4 82 6 79 7 98 10 89 11 81 12 95 13 90 15 65) 10 (2 71 3 98 5 71 6 81 8 93 9 96 10 86 12 89 13 69 15 86) 9 (1 77 5 89 7 76 8 73 9 88 11 62 13 54 14 78 15 91) 8 9 (2 93 3 64 5 95 6 92 7 82 8 82 9 91 13 89 14 90) 6 (1 41 3 26 5 27 7 34 13 36 15 36) 7 (1 58 3 60 10 58 11 51 12 48 13 49 15 52) 5 (4 23 7 23 8 27 10 24 13 19) 2 (7 41 9 46) 10 (1 25 3 32 4 39 5 36 8 24 9 33 11 29 13 32 14 24 15 37) 5 (5 33 7 46 10 38 11 40 13 40) 9 (1 35 3 28 4 28 5 28 6 31 9 29 11 36 13 28 15 34)
