10 15
11 11 9 8 11 12 14 11 11 9 10 13 13 9 14
3 2 3 4 1 3 4 3 3 2 1 3 3 2 1
15 8 9 (1 45 2 41 3 42 4 29 5 41 8 47 9 43 10 39 14 48) 5 (3 64 4 60 5 57 7 48 14 67) 9 (3 25 6 30 7 30 8 24 10 28 11 22 12 27 13 21 15 27) 3 (2 17 7 19 14 16) 10 (1 102 2 99 3 110 4 91 7 86 10 89 11 97 12 94 13 116 15 96) 7 (2 21 3 30 5 31 7 31 8 30 10 28 14 32) 2 (1 59 9 60) 3 (11 32 13 21 15 32) 7 8 (1 72 2 74 3 91 5 82 7 92 8 66 10 61 15 75) 2 (11 29 15 25) 2 (4 53 15 46) 8 (1 28 2 31 6 30 8 38 9 24 12 34 13 33 15 23) 9 (1 15 2 15 4 14 6 11 9 14 10 15 11 13 12 14 15 16) 6 (2 74 9 60 11 62 12 62 13 64 15 69) 6 (1 96 2 100 5 107 6 67 9 94 12 106)
20 18 4 (1 33 4 32 7 41 10 47) 2 (7 93 8 94) 10 (1 67 2 63 5 45 6 66 7 59 8 54 9 64 10 55 11 58 12 44) 2 (1 45 4 44) 8 (1 71 2 88 4 82 8 62 9 87 11 119 12 115 13 96) 8 (1 61 2 77 5 77 6 60 7 87 12 62 13 63 14 68) 8 (1 26 4 34 5 34 6 25 10 32 12 28 13 26 15 28) 7 (1 88 4 69 8 111 9 116 10 106 12 94 14 63) 8 (1 19 2 10 4 22 7 18 8 24 11 18 13 19 15 27) 2 (3 22 5 24) 8 (3 98 5 107 6 104 8 76 9 79 11 80 12 85 14 87) 4 (4 19 6 18 7 22 8 30) 8 (1 48 2 75 3 83 4 80 9 69 10 67 11 71 15 62) 4 (6 45 7 35 11 37 14 43) 10 (1 56 2 63 3 66 5 58 6 77 8 76 10 75 13 73 14 65 15 89) 7 (2 44 3 35 4 43 7 52 8 49 13 32 14 43) 9 (2 39 3 51 7 52 8 47 9 39 10 47 11 64 12 42 13 44) 2 (9 41 12 36) 2 8 (1 56 2 57 3 54 4 50 5 55 8 60 13 48 14 50) 8 (2 79 4 59 5 69 8 87 11 63 12 54 13 56 15 73)
23 22 4 (5 82 9 78 11 80 12 91) 8 (1 59 2 71 4 65 6 83 7 87 9 54 11 100 14 78) 9 (1 88 2 85 4 73 6 73 7 62 8 83 9 87 11 80 15 87) 9 (3 51 4 54 5 49 6 50 8 36 9 45 12 47 13 51 14 45) 4 (4 110 9 88 13 80 14 94) 2 (12 57 15 89) 8 (1 35 2 24 3 26 4 22 6 33 12 25 13 29 14 32) 7 (7 62 8 103 9 93 10 81 11 80 13 90 15 83) 10 (2 81 3 53 4 58 5 49 6 85 8 57 9 50 11 84 13 54 14 68) 3 (4 44 7 50 10 41) 6 (1 56 4 48 5 63 12 44 14 56 15 52) 8 (1 54 4 43 6 29 7 64 9 56 10 47 13 58 15 48) 5 (3 37 4 32 6 34 12 43 15 41) 2 (3 98 6 99) 5 (6 29 8 30 11 28 12 33 15 30) 4 (8 68 10 67 12 65 14 61) 6 (1 70 2 68 5 62 10 56 11 71 12 59) 9 (3 61 4 83 5 77 7 41 8 72 10 61 12 74 14 71 15 55) 5 (3 58 4 56 5 49 6 40 9 62) 6 (2 33 3 35 6 29 7 27 13 34 15 25) 8 (2 17 4 22 5 23 7 27 8 17 11 20 12 21 14 20) 7 (4 33 5 18 7 44 8 31 12 41 13 33 14 39) 1 5 (3 76 8 65 10 89 11 60 13 68)
18 11 7 (1 81 3 75 4 86 7 66 9 85 10 72 14 118) 5 (2 76 3 62 6 67 7 65 13 63) 7 (1 73 2 67 3 57 6 73 9 64 10 74 13 68) 10 (1 38 3 41 5 51 6 52 7 50 8 49 10 48 11 40 13 38 15 44) 2 (5 47 7 36) 5 (2 63 5 59 6 57 10 78 12 42) 5 (3 91 5 69 7 35 11 70 15 65) 10 (1 97 4 81 5 118 6 56 7 93 9 94 10 109 11 74 12 70 14 61) 6 (4 42 5 36 8 29 10 38 13 33 15 26) 7 (2 59 3 52 5 78 6 65 10 76 11 59 15 58) 3 (1 20 5 28 11 17) 7 9 (1 59 3 45 4 74 6 64 8 55 9 64 11 55 12 57 15 72) 4 (2 44 6 31 8 36 15 35) 8 (2 105 3 94 5 79 8 72 9 71 10 83 13 89 15 90) 8 (1 38 2 39 5 28 8 29 9 37 10 40 12 46 13 29) 10 (2 86 3 89 4 90 6 74 8 69 10 95 11 66 12 78 13 64 15 83) 7 (3 36 4 60 8 48 9 40 11 44 12 51 14 51) 5 (3 42 4 70 6 67 10 70 13 56)
21 17 4 (1 97 2 85 5 129 13 95) 10 (2 66 3 86 5 78 6 75 10 85 11 72 12 72 13 68 14 93 15 83) 4 (4 80 6 86 8 108 14 78) 5 (1 47 2 51 4 41 6 43 8 40) 8 (3 30 4 27 5 44 6 42 7 37 8 27 9 34 12 32) 6 (4 55 6 51 7 60 8 65 11 41 12 59) 3 (7 74 8 64 13 103) 9 (2 43 4 44 6 35 7 39 8 41 10 35 11 38 13 44 14 46) 4 (5 79 6 70 9 85 11 87) 4 (4 35 8 42 10 51 11 30) 10 (1 67 2 126 3 76 4 78 5 102 6 109 7 42 8 71 13 97 15 72) 7 (2 74 3 82 5 69 7 75 11 79 14 67 15 64) 3 (7 124 13 113 14 91) 3 (6 44 11 46 12 48) 6 (1 26 3 24 5 23 11 27 12 31 15 29) 5 (5 71 6 75 7 64 13 65 15 75) 9 (1 74 3 70 4 75 6 89 7 101 9 100 10 92 11 93 14 84) 4 9 (1 81 3 60 4 90 6 61 7 77 8 74 10 68 13 77 14 87) 10 (3 72 4 44 5 54 7 67 8 61 10 50 11 53 13 55 14 66 15 60) 4 (4 113 10 107 12 93 13 93) 6 (1 49 2 43 3 34 7 41 11 43 14 52)
15 15 10 (1 79 2 74 4 100 7 109 8 108 9 81 11 72 12 96 14 84 15 93) 9 (4 63 6 75 7 78 9 69 10 64 11 65 12 67 14 63 15 62) 3 (6 77 7 79 14 63) 7 (6 75 7 51 8 82 12 82 13 63 14 36 15 71) 7 (4 22 6 22 7 21 9 18 11 24 12 21 15 16) 6 (3 37 5 26 9 25 10 24 13 23 15 30) 2 (4 29 11 35) 2 (6 31 11 25) 8 (1 106 4 91 5 96 6 106 7 107 9 91 14 90 15 85) 6 (1 63 5 44 7 90 11 98 12 75 14 58) 4 (1 71 12 54 13 52 14 72) 6 (6 22 7 25 11 23 12 20 13 20 14 19) 8 (2 99 3 96 4 93 6 83 8 65 9 96 10 81 13 80) 6 (5 48 7 31 9 36 10 38 11 41 14 24) 3 (7 68 8 71 10 76)
17 17 6 (2 42 5 48 6 25 7 41 11 36 14 45) 5 (3 60 4 110 10 85 12 83 13 70) 3 (8 34 13 23 15 28) 2 (1 29 4 38) 4 (1 75 3 84 11 104 14 70) 5 (5 47 10 69 11 84 12 68 15 80) 9 (1 63 2 86 4 94 5 85 7 104 8 100 11 93 12 92 14 77) 3 (10 34 12 54 13 48) 4 (3 42 4 38 9 47 14 31) 7 (2 54 3 54 4 40 5 63 8 42 10 53 13 49) 9 (1 61 2 66 5 53 6 75 7 71 8 61 9 58 11 52 12 68) 3 (2 55 5 54 13 52) 10 (1 66 3 73 4 81 8 82 9 82 10 117 12 104 13 95 14 83 15 114) 7 (1 71 5 74 8 56 9 58 10 71 13 103 14 71) 6 (1 77 3 86 5 77 8 69 11 75 14 86) 7 (4 12 6 11 7 13 9 11 12 9 13 11 15 11) 6 (7 33 9 34 10 38 12 37 13 27 14 35)
25 19 6 (3 47 6 60 8 58 9 52 14 39 15 64) 5 (2 62 4 51 6 46 12 45 14 43) 6 (1 27 6 19 8 18 9 24 11 24 12 23) 10 (1 51 2 51 3 40 6 53 7 63 8 49 10 74 11 52 13 42 14 68) 4 (4 89 9 78 13 77 14 93) 8 (3 44 5 41 8 48 10 39 11 45 12 42 14 30 15 42) 4 (2 76 6 79 7 68 15 64) 10 (2 36 3 24 4 28 5 34 6 39 7 37 8 42 9 24 12 34 14 28) 4 (7 42 8 38 10 61 13 59) 6 (2 59 3 43 6 55 7 51 11 43 13 52) 8 (1 38 2 42 3 32 5 27 10 36 11 46 12 37 13 46) 9 (2 82 3 56 5 85 6 71 9 93 10 54 12 85 13 79 14 61) 10 (1 51 2 40 3 39 4 44 7 40 8 49 9 43 10 39 11 34 15 43) 8 (1 69 4 76 5 70 8 60 10 44 11 74 13 71 15 76) 2 (2 64 4 59) 3 (7 39 8 42 9 49) 5 (3 19 5 22 7 27 8 20 14 20) 10 (1 40 3 32 4 39 6 36 7 41 8 35 10 37 11 30 12 41 13 37) 7 (1 49 3 40 4 37 9 45 10 39 11 48 13 47) 6 3 (5 76 8 91 11 90) 7 (1 57 3 50 4 63 5 57 9 62 12 50 15 80) 4 (2 27 7 33 11 30 13 47) 3 (3 66 4 68 7 66) 6 (2 26 3 25 5 27 6 25 7 31 9 28) 3 (5 25 6 32 12 26)
23 23 5 (2 73 8 63 11 60 12 77 15 54) 5 (4 70 6 47 12 61 13 56 15 47) 8 (1 69 2 54 3 71 5 63 6 59 11 83 14 59 15 72) 10 (3 40 4 39 5 34 6 46 9 30 10 39 11 42 12 33 14 41 15 44) 3 (1 37 4 39 7 41) 2 (12 86 13 68) 8 (1 26 2 38 3 42 5 33 9 38 13 44 14 39 15 41) 8 (1 80 3 67 6 63 7 69 9 91 10 68 12 96 13 70) 5 (6 56 7 69 8 55 9 56 11 42) 3 (9 59 12 74 14 83) 9 (1 41 2 33 3 43 6 40 7 48 8 39 13 38 14 38 15 40) 4 (5 70 7 58 12 80 13 92) 6 (1 47 3 49 4 46 6 53 7 48 10 48) 7 (4 75 7 70 8 88 9 84 12 68 14 71 15 85) 8 (1 43 7 56 10 42 11 44 12 40 13 61 14 52 15 48) 5 (2 22 5 21 6 20 11 18 12 21) 10 (1 65 2 51 3 67 4 62 5 71 9 54 11 57 12 65 13 49 15 53) 10 (3 99 5 102 7 90 8 87 9 83 10 86 11 116 12 87 14 60 15 90) 10 (1 20 2 15 3 18 6 20 7 15 9 21 11 14 12 14 14 19 15 16) 4 (1 37 9 30 10 37 15 33) 3 (3 96 9 107 15 110) 7 (1 93 4 91 6 92 9 76 10 88 11 87 12 98) 7 (2 44 5 50 6 48 7 52 10 44 13 30 15 46)
19 11 3 (1 83 7 79 11 81) 3 (4 36 8 50 15 42) 5 (1 62 4 41 5 45 12 53 14 49) 10 (1 53 4 62 5 53 6 63 8 62 9 50 11 60 13 59 14 51 15 53) 7 (3 28 4 26 7 25 9 27 11 33 13 31 14 34) 5 (8 65 11 58 12 43 14 59 15 62) 7 (1 59 2 56 6 58 9 46 10 41 13 50 15 54) 8 (2 84 3 83 5 91 6 89 7 85 10 76 11 83 12 72) 6 (2 36 8 39 9 41 10 44 11 41 15 31) 8 (1 93 3 72 5 82 7 77 8 76 12 83 14 61 15 64) 10 (1 45 2 52 3 44 4 36 5 40 7 41 8 42 10 42 12 44 15 47) 8 7 (1 30 3 25 6 43 10 30 12 35 13 28 14 33) 2 (14 50 15 43) 7 (1 80 3 77 5 86 6 111 8 88 11 64 14 77) 9 (1 74 4 75 6 60 8 64 10 56 12 57 13 85 14 71 15 86) 9 (1 54 4 48 5 70 7 63 8 65 10 75 12 54 13 57 15 68) 3 (1 81 3 74 8 73) 3 (3 27 11 34 14 30) 2 (11 56 14 52)
