10 15
8 10 12 15 14 13 10 12 8 10 12 10 9 14 10
2 4 2 2 2 2 2 3 1 1 4 1 2 4 4
15 14 7 (1 40 5 42 6 42 9 49 11 42 13 50 14 41) 8 (6 66 7 53 8 75 10 58 11 53 12 56 13 65 15 66) 2 (3 26 10 21) 3 (7 13 8 15 11 16) 7 (1 81 4 119 5 104 8 70 10 83 11 97 13 102) 9 (2 26 3 26 4 28 5 24 8 28 9 32 11 21 14 25 15 22) 10 (2 66 3 76 4 55 5 47 6 62 8 66 11 70 13 71 14 78 15 54) 7 (2 28 5 21 7 27 8 29 11 21 13 26 14 27) 7 (1 74 4 67 7 83 12 80 13 76 14 81 15 79) 8 (2 25 7 25 8 21 9 24 10 24 13 23 14 25 15 18) 4 (2 74 12 61 13 68 15 66) 9 (3 25 4 24 6 25 7 35 9 32 10 29 13 30 14 29 15 27) 10 (1 13 3 10 4 10 7 9 9 11 11 10 12 11 13 11 14 8 15 11) 6 (1 67 2 56 3 53 8 66 11 64 13 66) 1 6 (1 97 3 105 6 92 7 96 13 103 15 113)
20 17 8 (1 48 2 37 7 37 10 51 11 36 12 46 14 42 15 41) 6 (2 70 3 84 5 114 8 101 12 101 13 84) 10 (2 80 3 64 4 75 6 70 8 81 9 54 10 58 11 77 13 82 15 81) 5 (1 60 2 35 6 53 8 54 13 41) 10 (1 91 2 100 3 77 4 98 6 69 7 105 10 102 13 67 14 95 15 107) 9 (1 85 2 60 3 80 7 62 9 72 10 65 13 70 14 69 15 74) 10 (2 22 3 29 7 29 8 21 9 34 10 24 12 28 13 26 14 33 15 27) 9 (2 83 3 124 4 92 6 100 8 95 9 99 12 102 13 114 14 117) 3 (3 11 5 7 7 9) 3 (2 20 6 19 14 15) 8 (1 69 3 85 6 92 9 93 12 84 13 79 14 107 15 82) 10 (1 21 2 19 3 23 4 21 9 17 10 19 12 20 13 26 14 20 15 18) 9 (1 69 2 77 6 82 7 67 8 86 9 79 10 84 12 79 15 63) 3 (3 39 9 36 14 41) 5 (1 65 4 65 7 68 11 70 14 69) 5 (4 48 6 57 8 49 9 36 14 53) 9 (1 58 4 57 5 61 6 62 7 58 8 62 9 55 13 68 15 40) 3 3 (4 37 5 27 15 36) 9 (3 42 4 44 5 46 6 63 8 51 9 47 11 42 12 32 14 45) 9 (1 71 2 43 3 93 4 83 5 63 7 70 8 77 10 44 14 56)
23 18 2 (1 82 8 80) 4 (1 62 3 78 8 64 15 86) 9 (1 79 4 69 7 89 9 56 10 78 11 89 12 85 13 87 15 75) 3 (1 45 2 37 10 45) 10 (1 114 2 87 3 110 5 85 6 70 7 107 9 122 10 93 13 122 14 82) 3 (2 52 6 59 11 75) 8 (1 19 3 24 4 24 5 22 7 25 9 24 10 17 11 28) 4 (3 92 6 68 12 73 14 95) 4 (1 54 3 74 13 72 15 77) 4 (5 47 10 38 11 35 12 37) 9 (1 61 2 53 3 81 4 63 5 63 6 63 7 64 8 70 11 46) 7 (3 46 4 49 7 53 8 44 9 49 11 36 15 59) 6 (4 34 6 31 8 36 9 33 11 33 15 37) 10 (1 113 2 121 3 70 4 91 5 125 7 107 8 111 9 89 12 116 14 94) 3 (1 36 5 35 7 33) 2 (6 56 11 45) 6 (4 68 6 46 9 75 12 86 13 69 14 48) 6 (2 65 10 60 11 63 12 60 13 55 14 56) 5 2 (11 60 13 44) 8 (2 26 4 30 5 26 7 33 11 38 12 29 14 26 15 38) 10 (2 17 3 15 5 17 6 18 7 15 10 18 12 24 13 21 14 19 15 16) 5 (3 36 5 31 11 30 14 23 15 42) 3 (2 72 5 72 6 83)
18 15 2 (3 64 4 59) 7 (1 70 2 62 3 75 4 87 7 89 9 82 10 75) 2 (1 54 3 84) 3 (2 46 5 38 12 47) 8 (1 49 3 58 4 60 9 64 10 54 11 66 13 53 15 50) 10 (1 45 3 63 4 61 8 42 9 48 10 51 11 48 12 66 14 68 15 70) 4 (1 72 4 65 8 51 15 58) 6 (3 78 10 85 12 98 13 90 14 79 15 111) 3 (8 30 12 23 13 33) 6 (1 57 2 68 7 60 8 68 14 54 15 63) 8 (1 17 2 16 6 18 11 19 12 16 13 18 14 20 15 23) 8 (1 63 2 60 3 74 4 61 10 62 11 55 12 65 13 66) 5 (2 31 3 34 4 29 6 28 14 28) 6 (1 82 4 110 5 93 7 96 12 94 14 80) 9 (1 27 3 39 4 21 6 28 9 36 11 37 12 34 13 34 14 32) 3 10 (2 91 4 73 6 84 7 71 9 100 10 84 12 105 13 92 14 79 15 61) 8 (2 44 4 48 5 42 6 52 8 34 9 38 13 41 14 41) 2 (2 68 13 74)
21 21 8 (1 87 2 85 3 89 4 107 7 92 9 97 11 97 12 92) 5 (1 62 5 75 7 55 9 71 15 72) 10 (1 113 4 93 6 78 7 87 8 94 9 98 11 95 12 102 13 71 15 94) 7 (2 35 4 29 5 40 6 45 9 43 12 52 15 37) 2 (9 34 15 37) 10 (1 40 2 60 4 51 6 55 7 53 8 48 10 56 11 49 14 51 15 53) 8 (1 110 2 95 5 80 9 88 10 76 11 92 12 80 14 55) 5 (1 43 5 31 7 36 10 39 15 48) 6 (1 99 4 101 9 82 10 67 13 86 15 74) 8 (3 36 6 38 7 40 10 37 11 36 12 46 13 39 14 41) 3 (1 64 4 94 13 107) 3 (2 59 7 56 12 56) 6 (2 103 3 95 5 117 9 114 11 116 14 104) 9 (2 48 4 46 8 42 9 51 10 40 12 38 13 41 14 47 15 43) 2 (2 27 13 27) 10 (1 46 2 44 3 72 4 57 5 52 6 58 7 67 8 70 11 61 15 56) 7 (1 75 6 87 7 94 9 98 12 99 13 88 14 105) 7 (1 65 2 67 3 78 7 64 8 65 9 64 14 47) 8 (4 55 5 53 6 65 7 71 9 55 10 47 11 66 15 50) 2 (3 119 9 67) 9 (2 38 3 41 5 41 9 48 10 41 11 53 12 43 14 29 15 41)
15 9 7 (1 100 2 117 8 105 9 132 10 85 14 105 15 104) 7 (1 78 2 66 6 74 7 60 8 65 12 59 13 85) 6 (2 96 3 73 4 97 7 95 8 82 11 87) 7 (6 68 8 66 9 66 11 89 12 57 13 78 14 65) 9 (6 17 7 21 8 20 9 18 10 16 11 17 12 15 13 21 14 18) 8 (3 23 4 24 5 27 6 26 8 25 10 30 14 29 15 31) 10 (2 32 4 25 6 29 8 28 9 27 10 29 11 35 12 35 14 31 15 33) 10 (1 22 2 22 3 25 6 15 9 20 10 23 12 21 13 20 14 24 15 19) 5 (2 76 5 90 7 104 10 98 11 121) 6 5 (1 93 4 108 5 89 6 90 13 92) 6 (3 67 4 69 5 53 8 73 10 75 14 56) 8 (2 18 5 16 9 15 11 18 12 16 13 13 14 14 15 11) 7 (4 92 6 90 8 98 9 108 11 83 13 103 15 84) 5 (2 35 7 42 9 39 11 38 14 35) 9 (2 71 5 64 6 73 7 77 8 44 10 74 13 61 14 66 15 58)
17 8 3 (2 42 3 47 10 38) 4 (3 94 8 104 12 125 15 116) 7 (1 16 3 21 5 26 8 19 10 23 12 26 15 25) 9 (4 31 6 32 7 37 8 25 9 30 11 41 12 31 13 27 15 40) 6 (6 102 8 92 12 100 13 116 14 112 15 72) 10 (1 86 2 61 3 63 5 75 6 69 7 81 9 86 12 97 14 54 15 79) 8 (1 82 2 98 3 84 7 82 8 99 9 109 13 88 15 87) 7 (2 60 7 47 8 48 9 53 11 55 14 59 15 46) 9 9 (1 27 2 32 5 41 6 36 9 33 10 32 12 28 14 29 15 26) 10 (1 44 2 54 3 41 4 40 5 47 8 45 9 47 10 54 13 55 14 49) 4 (8 56 9 58 13 56 15 47) 8 (2 65 3 46 7 61 8 63 10 77 12 46 14 57 15 59) 5 (2 69 5 95 6 70 9 99 11 108) 3 (7 74 10 73 11 64) 4 (1 86 2 53 8 68 14 76) 6 (1 13 4 11 5 12 7 8 9 10 14 11) 7 (2 30 3 38 5 32 6 34 7 37 12 36 13 35)
25 16 2 (8 43 12 52) 7 (1 50 3 49 6 53 7 44 8 64 10 53 15 65) 2 (3 13 4 17) 9 (3 47 4 67 6 63 7 59 8 54 10 45 11 48 13 58 15 41) 10 (1 108 2 80 3 90 7 86 8 111 9 67 10 108 11 86 12 92 15 96) 10 (2 51 3 51 4 47 7 57 8 39 10 42 11 40 13 44 14 39 15 38) 3 (4 65 6 86 11 86) 7 (1 21 5 29 6 33 7 26 12 38 13 28 15 33) 8 (2 43 3 51 8 43 11 52 12 50 13 60 14 48 15 32) 7 (1 54 2 61 4 47 7 55 11 53 12 57 15 46) 6 (2 26 4 50 5 38 6 42 12 39 14 26) 2 (2 93 6 75) 9 (1 40 4 35 5 41 8 36 9 39 10 42 13 36 14 35 15 41) 5 (3 63 5 55 7 45 9 68 15 71) 4 (6 52 11 74 12 44 14 67) 2 (4 33 12 46) 9 2 (2 15 13 19) 9 (1 39 2 33 6 25 7 23 10 37 11 35 12 25 13 32 14 29) 7 (1 42 2 49 3 40 4 42 7 48 10 45 15 38) 10 (1 104 2 78 4 131 6 98 8 103 10 94 11 104 12 110 13 89 14 82) 10 (1 74 2 55 3 64 4 64 7 74 8 58 9 57 10 56 11 49 14 53) 3 (5 24 7 31 9 33) 9 (2 60 3 73 4 73 7 84 8 62 9 75 10 79 11 79 15 56) 7 (2 23 7 23 8 24 9 20 11 20 12 24 13 18) 9 (1 22 3 28 5 25 7 25 8 24 9 27 12 24 13 22 15 28)
23 13 5 (2 73 3 57 7 58 8 55 12 66) 5 (4 70 5 58 6 51 10 60 12 55) 8 (1 64 4 78 6 82 10 56 11 64 12 79 13 55 14 71) 4 (6 42 12 34 13 38 14 35) 5 (1 48 5 44 6 45 8 54 13 41) 4 (6 86 7 91 8 68 11 75) 10 (3 28 4 36 5 53 7 36 8 46 11 55 12 49 13 38 14 43 15 43) 8 (5 90 6 83 7 68 8 82 11 112 12 85 13 71 14 88) 4 (1 51 4 46 5 48 9 36) 5 (7 49 8 83 13 73 14 79 15 63) 10 (2 28 3 29 4 37 5 35 6 35 8 31 9 35 10 30 12 42 13 27) 8 (1 73 4 92 7 79 8 82 9 88 10 79 11 79 12 90) 9 (1 56 2 42 3 50 7 32 8 37 9 38 10 36 11 48 15 36) 10 6 (2 89 5 86 6 73 9 75 10 79 12 68) 5 (1 57 3 44 6 41 7 43 15 41) 8 (1 18 2 16 9 16 10 22 11 17 13 17 14 18 15 19) 4 (1 72 4 60 8 60 12 66) 8 (1 93 5 82 6 79 7 115 8 101 10 72 12 110 15 107) 7 (3 17 9 15 11 17 12 18 13 19 14 15 15 14) 9 (2 32 4 27 6 32 8 31 9 37 11 36 12 33 13 34 15 32) 9 (2 93 4 102 5 123 6 112 7 122 9 95 11 90 12 101 14 125) 2 (6 89 14 93) 8 (3 44 4 44 6 49 8 38 9 37 12 54 13 43 15 48)
19 18 10 (1 75 2 87 4 71 6 83 7 88 9 68 10 74 11 66 13 62 15 89) 3 (1 37 3 46 7 43) 8 (1 59 3 52 6 67 7 77 10 49 11 72 13 58 14 46) 3 (1 53 12 48 14 47) 2 (6 36 10 38) 9 (2 52 3 57 5 71 6 45 7 66 9 58 10 70 12 50 15 56) 4 (2 50 3 58 6 45 11 59) 8 (1 77 3 110 4 125 5 82 9 108 11 109 12 111 13 101) 3 (2 34 7 27 11 25) 9 (3 80 4 87 5 69 6 73 9 62 10 95 12 59 13 75 14 96) 3 (1 43 2 46 14 50) 3 (6 33 8 38 11 31) 7 (1 35 4 50 5 44 6 37 10 44 11 45 14 39) 4 (2 69 6 50 8 82 9 71) 3 (1 51 2 83 13 79) 8 (1 56 7 56 8 71 11 86 12 52 13 57 14 70 15 62) 6 (3 90 5 78 6 61 12 75 13 107 15 82) 6 (2 19 5 25 7 20 8 24 12 25 13 17) 1 9 (1 50 2 51 3 56 4 53 5 52 6 52 8 50 11 53 12 42)
