10 15
10 8 11 11 12 14 13 14 15 11 14 14 9 13 9
3 3 2 3 4 3 2 3 1 4 2 2 4 4 2
15 12 6 (4 43 5 46 7 50 9 41 10 39 12 39) 2 (4 69 8 32) 3 (1 32 2 19 8 24) 3 (6 21 7 18 8 25) 3 (1 84 8 69 11 111) 2 (7 21 9 30) 9 (2 58 3 68 4 76 5 64 7 57 10 48 11 56 12 55 15 74) 3 (4 40 8 37 14 32) 6 (2 88 3 85 6 69 9 80 11 85 14 95) 6 (1 19 3 21 5 20 6 23 12 28 14 19) 4 (4 64 5 56 9 82 14 66) 5 (1 28 2 25 7 37 9 35 15 29) 3 8 (1 13 2 16 3 17 5 14 6 16 11 16 14 17 15 20) 3 (7 68 8 67 13 74) 7 (1 86 3 88 7 76 9 90 11 82 14 86 15 86)
20 20 8 (2 39 3 40 6 47 8 32 10 40 11 52 13 32 14 58) 10 (4 79 6 72 7 116 8 85 9 93 10 77 11 85 12 91 13 89 14 84) 4 (2 60 6 71 9 48 11 40) 2 (2 47 10 60) 9 (1 111 2 62 4 91 6 68 7 79 9 70 12 110 13 83 15 97) 3 (4 103 11 64 14 71) 5 (2 24 11 30 12 28 13 34 15 34) 3 (8 114 9 87 14 51) 7 (1 12 3 15 4 12 8 12 9 16 10 17 13 17) 5 (1 29 8 15 11 33 13 25 15 25) 8 (4 96 6 86 7 74 8 91 9 71 11 98 12 74 15 112) 3 (2 20 6 19 7 24) 3 (1 81 3 83 10 64) 9 (1 34 2 32 5 43 7 44 9 46 11 40 12 37 14 35 15 45) 10 (2 81 3 65 5 61 6 83 7 76 8 91 10 79 12 60 14 59 15 79) 9 (1 49 3 47 5 39 7 23 8 63 10 42 11 59 13 48 14 46) 10 (1 63 3 70 4 59 5 53 6 45 7 47 9 53 10 61 14 46 15 60) 3 (5 40 8 43 11 34) 7 (3 58 4 63 6 55 8 34 10 46 11 44 14 59) 9 (2 56 4 88 7 55 8 69 9 71 10 68 13 61 14 79 15 66)
23 12 4 (2 65 4 75 10 79 12 80) 6 (2 80 4 66 6 101 9 72 10 79 12 83) 10 (1 72 3 58 5 83 6 101 9 58 10 101 11 72 12 79 13 75 14 86) 9 (1 36 2 47 3 42 4 42 9 41 11 51 13 35 14 39 15 42) 8 (2 95 3 92 5 97 6 90 8 69 11 95 12 88 15 93) 4 (4 63 6 72 10 81 11 68) 6 (4 33 5 32 7 24 8 24 11 22 13 25) 3 (3 47 5 74 7 72) 7 (1 58 4 70 8 64 9 80 10 60 11 81 14 60) 10 (2 48 3 49 6 47 8 62 10 62 11 51 12 55 13 42 14 51 15 38) 2 (2 57 6 76) 7 (2 41 4 55 5 50 10 51 12 38 14 34 15 56) 11 7 (5 43 6 33 8 57 9 38 10 45 12 47 14 37) 4 (8 87 12 72 13 79 14 73) 8 (1 34 3 39 4 34 6 36 7 46 8 31 12 31 13 33) 2 (1 47 3 69) 10 (1 48 2 71 4 61 5 66 6 46 7 54 8 64 9 59 10 66 14 53) 6 (3 40 6 58 10 53 13 56 14 61 15 68) 9 (3 58 4 53 5 59 9 41 11 63 12 39 13 71 14 54 15 55) 9 (1 35 2 28 5 36 6 27 8 27 9 29 10 26 13 36 15 41) 7 (4 21 6 24 8 20 11 27 12 25 13 21 14 24) 4 (1 34 8 35 12 35 15 50) 4 (2 59 3 68 8 58 11 62)
18 14 4 (4 91 11 61 14 88 15 72) 4 (3 74 10 78 14 57 15 67) 3 (1 59 6 56 12 80) 4 (4 50 5 52 11 39 13 41) 10 (5 64 6 56 7 57 8 47 9 67 11 56 12 46 13 71 14 53 15 64) 10 (1 57 5 56 6 71 7 64 8 62 11 80 12 61 13 67 14 44 15 61) 3 (1 63 11 70 13 66) 3 (5 99 12 101 15 95) 9 (1 30 2 23 4 36 5 37 8 28 9 38 12 29 13 33 15 36) 5 (1 51 2 48 4 78 8 88 13 65) 2 (6 24 9 17) 8 (2 59 4 58 6 43 9 69 10 54 12 55 13 55 14 70) 6 (3 35 7 38 11 39 12 32 14 40 15 25) 5 (2 84 4 106 8 80 10 108 11 109) 4 8 (2 27 3 36 5 32 6 37 9 35 11 31 12 30 13 28) 6 (1 109 4 92 6 81 12 70 14 83 15 85) 8 (3 46 4 56 5 44 6 44 7 40 9 43 12 42 15 37) 10 (1 56 2 64 4 64 5 59 6 79 7 64 9 46 10 78 14 59 15 69)
21 20 7 (1 83 4 71 5 75 11 92 12 97 13 87 15 99) 6 (1 72 2 63 3 77 6 53 10 59 14 63) 2 (10 99 15 75) 2 (4 59 9 45) 6 (5 42 6 42 8 44 10 38 11 31 14 39) 10 (1 35 3 60 4 50 5 29 6 54 8 48 9 56 12 56 13 28 14 68) 10 (1 89 2 127 5 93 6 93 7 101 8 119 9 87 10 78 12 93 13 87) 10 (2 48 3 40 5 50 6 34 8 35 9 44 10 48 11 43 13 44 15 27) 5 (3 70 4 97 7 74 11 76 15 88) 10 (1 45 2 37 4 51 5 45 6 49 7 41 9 45 10 42 13 29 15 43) 6 (1 80 2 93 7 67 8 95 13 82 15 72) 3 (7 74 8 86 13 79) 2 (8 67 11 109) 5 (1 38 5 40 7 43 9 45 15 52) 4 (1 31 6 33 13 37 15 36) 7 (3 64 5 58 6 60 7 70 8 55 9 61 11 66) 10 (4 108 5 91 6 79 7 110 8 72 9 64 11 89 12 91 14 66 15 90) 5 (8 77 9 63 12 63 13 64 14 64) 8 (2 67 5 61 7 52 10 50 11 49 12 63 13 54 14 57) 3 (3 114 6 102 11 122) 1 8 (1 42 2 46 6 31 7 44 10 48 11 43 12 47 14 52)
15 10 10 (1 124 2 111 4 87 5 106 6 75 9 111 10 98 11 96 14 78 15 91) 4 (7 56 8 63 10 74 15 55) 6 (6 92 7 109 8 72 11 77 14 91 15 74) 5 (2 65 3 72 8 67 11 71 15 39) 4 (1 20 4 24 5 17 12 19) 9 (1 28 4 28 5 27 7 33 10 28 11 29 13 32 14 33 15 33) 4 (2 28 6 34 8 23 12 30) 9 (1 25 5 29 7 22 8 23 9 21 10 22 11 26 12 26 13 22) 3 (7 87 11 83 15 104) 8 (1 78 5 90 7 91 8 73 9 97 13 55 14 86 15 68) 5 5 (1 74 8 77 9 34 11 67 15 67) 6 (1 16 2 20 8 17 9 19 10 18 14 16) 6 (2 95 3 100 6 74 9 76 10 79 13 58) 6 (5 47 6 39 8 36 9 40 12 37 14 36) 4 (2 88 3 82 11 78 12 79)
17 16 8 (1 26 2 40 3 48 4 44 10 42 11 29 14 52 15 44) 10 (2 127 5 87 7 92 8 106 9 84 11 87 12 100 13 83 14 94 15 69) 5 (2 25 3 24 7 32 11 25 15 20) 9 (3 35 4 36 6 28 8 32 9 34 11 36 12 36 13 36 15 40) 8 (1 91 2 61 3 96 4 80 7 85 8 107 9 70 14 111) 6 (3 74 6 76 11 90 12 73 14 76 15 60) 8 (1 84 2 100 4 93 5 95 7 87 8 109 12 83 14 112) 9 (1 45 4 44 5 38 7 51 8 54 10 39 12 48 13 44 15 54) 3 (5 33 7 27 15 34) 6 (4 57 7 45 9 55 11 49 13 43 14 51) 9 (1 64 2 49 4 64 5 42 8 57 9 70 10 59 12 57 13 58) 6 (1 53 5 61 8 56 9 59 10 49 14 58) 9 (2 91 4 79 6 84 7 120 8 82 12 71 13 74 14 82 15 98) 4 (1 71 2 89 3 79 14 78) 2 (9 79 12 70) 7 (2 23 3 19 4 20 8 13 11 19 14 17 15 16) 1 8 (1 33 2 30 3 32 6 36 8 42 9 40 12 51 15 26)
25 17 5 (7 49 9 55 12 48 13 51 15 49) 2 (4 57 6 53) 3 (4 22 7 27 13 24) 3 (2 57 4 59 6 55) 6 (2 108 3 79 5 113 6 79 8 94 10 119) 9 (1 35 2 41 4 46 6 45 8 47 9 37 11 39 12 49 15 44) 3 (3 64 5 94 10 70) 7 (3 34 4 33 7 26 9 26 11 29 14 30 15 28) 7 (1 35 2 48 4 46 7 55 9 43 10 47 12 52) 9 (2 40 3 41 6 57 7 37 8 48 9 62 10 43 13 48 14 51) 9 (1 38 2 45 4 27 5 48 7 34 9 30 11 41 13 34 14 44) 6 (3 83 5 79 6 78 8 56 9 73 14 70) 9 (2 31 3 52 4 31 5 42 8 37 10 36 11 41 12 48 14 37) 5 (1 74 2 49 7 68 10 72 14 77) 3 (5 73 8 70 15 66) 5 (7 43 8 39 9 32 10 32 11 49) 8 (3 23 4 24 8 22 9 18 11 17 12 21 13 24 15 16) 8 5 (2 44 3 46 4 40 5 31 12 31) 2 (3 50 10 54) 8 (2 118 3 95 4 120 9 77 10 66 11 85 12 99 13 93) 8 (2 56 3 52 5 79 6 72 9 60 11 61 14 68 15 63) 8 (2 33 5 48 7 36 9 28 10 46 11 38 12 29 13 43) 9 (1 81 2 65 3 48 4 66 5 69 6 71 11 65 12 59 13 69) 10 (1 25 2 29 3 18 4 35 6 29 7 27 8 26 9 34 10 28 12 20) 2 (2 26 7 27)
23 15 2 (2 58 14 76) 8 (2 64 3 80 4 50 7 54 9 65 13 51 14 62 15 62) 5 (1 71 2 54 5 44 12 61 13 59) 10 (2 44 3 43 4 32 5 41 8 45 9 29 11 38 12 47 13 53 15 43) 2 (4 43 8 46) 2 (11 61 13 81) 10 (1 38 2 41 3 51 4 42 5 45 9 43 10 41 11 38 13 40 15 52) 2 (5 76 15 76) 3 (1 75 3 37 14 43) 6 (3 93 8 55 9 71 11 77 13 71 15 56) 10 (1 41 3 35 5 48 6 24 8 29 9 43 10 38 12 45 13 40 14 36) 8 (2 96 3 93 4 70 5 83 6 68 8 85 10 78 14 62) 10 (1 47 2 49 3 55 4 57 6 47 7 54 10 41 11 47 13 43 15 58) 4 (3 86 4 55 5 87 11 47) 10 (1 35 4 43 6 53 7 53 9 35 10 41 12 46 13 55 14 46 15 45) 8 5 (4 25 5 28 7 34 10 25 13 20) 3 (11 81 13 58 15 58) 2 (7 93 11 82) 10 (2 22 3 21 5 15 6 22 8 19 11 19 12 20 13 23 14 22 15 19) 4 (2 44 5 39 11 33 15 36) 3 (2 97 9 111 13 108) 9 (1 62 4 78 6 100 9 76 10 69 11 83 13 91 14 74 15 109) 7 (3 37 4 44 5 48 7 54 10 45 13 38 15 45)
19 14 7 (1 87 4 44 5 80 6 75 7 67 10 64 13 76) 5 (3 42 7 29 10 54 14 34 15 56) 8 (2 49 3 46 7 41 9 62 10 59 11 43 12 75 13 63) 7 (1 65 5 45 7 52 8 56 9 56 11 55 12 54) 2 (10 37 14 40) 5 (2 52 3 69 7 66 9 68 15 55) 9 (3 49 4 44 6 52 7 49 9 60 10 59 11 38 12 62 13 42) 8 (1 78 3 72 7 87 9 100 11 67 12 92 13 100 14 88) 2 (6 26 7 35) 6 (2 87 4 68 5 74 6 75 9 70 15 72) 8 (2 30 3 50 6 37 7 44 9 43 11 46 14 53 15 43) 5 (2 25 8 28 10 35 11 26 14 36) 3 (1 50 9 38 12 47) 6 (3 90 8 86 9 88 10 83 11 81 14 83) 5 10 (2 57 3 77 4 64 5 61 6 63 7 54 10 77 13 73 14 55 15 66) 2 (10 61 12 57) 2 (3 69 13 70) 10 (1 28 3 28 5 27 6 24 7 30 9 23 10 28 11 22 12 26 13 29) 4 (1 51 3 54 4 45 11 44)
