15 15
13 11 15 14 14 14 13 10 13 11 11 11 12 9 8
2 2 2 2 3 3 2 1 1 3 1 3 1 2 2
15 11 3 (1 28 8 23 12 25) 7 (3 70 4 67 8 67 9 67 10 83 11 58 14 55) 3 (2 31 5 29 14 31) 7 (1 95 3 86 7 94 10 84 12 72 14 90 15 65) 6 (4 26 6 26 7 24 9 27 11 27 12 26) 6 (2 38 3 44 5 55 7 77 9 68 15 73) 9 (1 35 3 21 5 32 6 30 9 28 10 23 11 23 12 30 15 38) 5 (3 6 6 7 8 12 14 13 15 10) 5 (4 67 7 50 8 46 10 59 12 60) 6 (1 97 2 99 11 109 12 84 14 78 15 104) 2 (1 41 6 31) 4 2 (11 114 12 85) 5 (1 65 6 75 8 58 11 60 14 75) 4 (6 38 7 45 8 48 14 42) 9 (1 86 2 65 3 85 5 88 9 99 10 62 11 90 13 80 15 106)
20 12 4 (3 57 5 79 9 69 11 82) 6 (1 30 3 25 7 22 10 26 13 36 15 39) 6 (3 99 4 89 5 91 7 111 12 96 14 96) 8 (1 14 2 15 5 11 6 12 7 14 8 9 12 13 15 8) 7 (1 26 4 16 5 22 7 22 12 17 13 16 14 18) 3 (1 71 4 99 12 97) 9 (1 19 3 25 4 17 5 27 6 18 7 19 9 20 13 20 15 21) 9 (1 57 2 80 3 82 6 78 7 90 10 77 11 67 12 55 13 80) 7 (1 37 2 32 5 32 8 32 12 38 14 39 15 32) 7 (3 68 4 56 5 74 6 70 7 73 9 57 15 91) 6 (1 57 4 47 7 49 8 45 11 43 14 39) 7 (2 52 3 54 8 57 9 55 10 51 12 60 13 52) 8 7 (2 35 3 40 6 34 7 39 11 44 12 38 13 33) 10 (1 49 6 46 7 51 8 42 9 47 10 45 12 59 13 57 14 56 15 58) 9 (1 68 2 63 3 58 4 77 6 76 8 74 10 65 11 69 12 67) 8 (6 60 7 74 8 70 11 68 12 75 13 77 14 61 15 81) 8 (1 65 3 70 5 64 6 80 10 66 11 83 12 74 13 79) 4 (2 94 5 82 13 98 15 94) 2 (3 39 4 38) 9 (3 107 4 120 5 121 7 109 10 116 12 110 13 91 14 117 15 117)
23 18 7 (1 79 4 59 6 96 8 60 10 72 11 81 15 71) 7 (2 27 3 20 5 27 10 28 13 21 14 27 15 26) 6 (1 101 3 92 4 94 10 77 11 111 13 94) 6 (3 53 5 84 6 67 9 67 11 66 14 70) 4 (2 44 10 24 13 39 15 53) 5 (1 70 3 63 6 64 7 51 8 47) 9 (1 50 2 63 3 60 7 47 9 50 10 54 12 59 13 63 14 57) 4 (5 36 7 43 10 40 11 30) 6 (1 98 6 92 9 88 10 103 11 91 12 75) 8 (2 37 3 32 4 41 7 39 9 33 11 31 12 42 14 36) 4 (2 60 3 66 4 68 5 65) 5 (2 81 6 72 10 62 14 66 15 67) 8 (2 78 4 54 5 44 6 80 8 80 10 61 12 72 14 55) 3 (1 61 4 55 11 53) 7 (3 34 5 30 6 27 8 24 11 33 14 31 15 29) 2 (3 14 13 16) 5 (2 37 6 38 7 37 11 36 14 27) 6 (2 67 3 62 5 67 8 75 11 53 14 61) 5 9 (1 81 2 89 4 54 6 81 8 79 10 86 12 85 13 87 15 66) 10 (1 56 2 60 3 70 4 67 9 66 10 67 11 69 12 65 13 88 14 73) 9 (1 81 2 63 3 79 4 61 5 67 6 72 7 75 8 81 14 76) 10 (1 42 2 49 3 41 4 50 5 47 7 38 11 48 13 51 14 32 15 33) 5 (3 52 5 68 7 50 11 54 12 56)
18 15 7 (1 53 2 69 3 53 4 83 5 62 8 63 9 69) 3 (8 77 11 71 15 62) 7 (3 101 4 104 6 92 9 66 10 103 13 97 15 100) 9 (2 30 4 28 6 26 7 23 8 31 11 25 13 26 14 23 15 25) 8 (1 52 5 54 6 65 9 67 10 63 12 54 13 72 15 70) 6 (2 15 5 19 7 19 11 19 12 18 13 19) 7 (1 67 3 61 4 69 5 43 6 68 8 63 9 59) 4 (6 39 7 32 11 37 15 37) 7 (1 93 7 114 10 104 11 100 12 107 13 61 14 109) 10 (1 24 2 28 3 26 4 35 5 33 7 31 9 35 10 26 12 37 14 37) 3 (10 82 11 94 15 94) 6 (1 45 3 36 9 36 12 32 14 42 15 38) 6 (1 64 2 52 6 61 7 50 8 61 11 68) 8 (1 103 2 111 5 111 7 102 10 72 12 76 14 91 15 109) 7 (3 80 4 53 5 77 6 70 9 68 10 67 11 64) 3 5 (1 75 3 83 4 92 12 71 14 89) 7 (4 45 5 36 7 40 8 38 11 46 13 47 14 35) 9 (1 35 2 35 4 33 7 31 8 32 9 30 11 22 13 30 14 31)
21 18 6 (5 46 6 65 7 66 13 57 14 45 15 48) 8 (5 98 6 75 8 92 10 79 12 100 13 98 14 100 15 93) 7 (1 30 2 34 4 48 8 46 9 44 12 49 14 48) 2 (1 79 13 71) 5 (2 38 6 44 10 44 11 38 14 35) 10 (1 90 3 99 4 111 6 84 7 95 9 135 10 89 11 87 13 81 14 77) 10 (1 67 2 67 3 63 4 67 6 60 7 67 8 70 9 68 11 68 15 74) 2 (11 108 13 116) 10 (1 52 3 46 4 47 6 45 8 50 9 42 10 32 11 41 12 30 14 42) 3 (5 34 8 26 14 26) 5 (2 56 4 57 5 56 7 58 8 58) 8 (1 98 3 96 5 111 9 96 10 96 11 84 12 98 15 81) 6 (4 67 8 62 9 70 10 67 11 76 13 68) 7 (1 35 3 58 4 64 5 54 11 66 12 62 15 60) 6 (1 91 6 87 9 105 12 85 13 108 15 121) 6 (1 50 2 52 4 44 6 51 8 43 12 53) 7 (1 100 3 109 7 125 8 93 10 102 12 104 14 106) 6 (2 81 3 82 9 77 12 58 13 88 14 64) 3 4 (5 84 8 71 10 81 12 101) 7 (4 70 6 44 7 65 8 77 9 70 11 84 14 68) 6 (1 19 2 22 5 18 7 24 8 20 9 17)
15 14 10 (1 30 2 26 7 29 8 30 9 34 10 25 11 24 12 32 13 26 14 29) 10 (1 27 4 26 5 28 6 27 8 29 10 33 11 34 12 38 13 31 15 21) 6 (4 19 5 19 9 18 11 21 12 22 13 20) 2 (5 77 10 83) 6 (1 54 3 83 4 102 6 90 7 59 14 86) 10 (1 71 3 73 5 71 6 65 8 79 9 74 12 78 13 54 14 81 15 78) 5 (5 13 6 18 9 14 14 14 15 18) 10 (3 75 5 83 6 90 7 91 8 61 9 81 10 87 11 95 13 94 14 83) 2 (2 38 13 31) 3 (3 73 12 96 14 60) 10 (3 48 4 34 5 40 6 47 7 50 10 44 11 43 12 53 14 45 15 39) 6 (1 100 3 117 5 88 8 92 10 126 11 97) 9 (2 21 4 29 6 24 7 29 8 24 10 27 11 22 14 19 15 25) 10 (1 32 3 39 4 38 6 29 8 32 10 27 11 31 12 25 13 34 14 38) 1 3 (3 124 11 99 12 88)
17 11 10 (3 62 4 79 5 70 6 69 7 59 10 107 12 73 13 84 14 62 15 69) 8 (6 90 9 94 10 94 11 107 12 100 13 89 14 94 15 94) 9 (4 55 5 47 6 51 7 46 8 43 12 40 13 56 14 38 15 58) 8 (1 35 2 40 3 32 5 41 7 36 8 33 9 25 11 34) 9 (1 41 2 51 4 48 6 53 7 46 8 40 10 53 12 33 14 42) 8 (2 47 3 59 4 69 6 64 8 52 9 59 11 58 14 49) 10 (3 67 5 42 6 54 7 56 9 63 11 58 12 77 13 62 14 51 15 61) 3 (6 92 9 118 15 98) 4 (1 67 3 80 4 64 15 69) 7 (3 77 5 69 6 90 10 75 13 101 14 74 15 87) 2 (3 9 4 10) 6 3 (9 33 10 38 12 20) 2 (6 62 12 59) 7 (5 41 6 44 7 46 8 38 9 58 13 43 14 64) 5 (2 16 7 22 8 19 10 17 11 24) 2 (7 60 8 62) 3 (3 91 7 74 12 59)
25 16 2 (5 45 14 52) 2 (9 64 12 58) 3 (3 33 5 39 9 27) 6 (1 56 2 64 7 55 8 44 11 69 13 44) 7 (4 34 6 45 10 62 12 50 13 42 14 52 15 46) 10 (1 32 3 42 5 43 7 35 8 33 9 32 10 32 11 43 13 36 15 29) 8 (3 78 5 43 6 73 7 71 9 74 12 54 13 90 14 80) 9 (1 29 2 33 3 41 4 36 9 45 12 36 13 40 14 34 15 30) 4 (3 92 9 60 13 89 15 69) 10 (1 68 2 58 3 57 4 55 5 61 6 70 7 49 10 72 12 83 13 62) 7 (4 39 5 34 8 46 9 40 11 36 12 33 14 39) 6 (1 19 2 18 8 19 13 21 14 17 15 18) 5 (1 27 3 36 8 43 13 34 14 28) 5 (1 39 3 42 7 38 8 43 10 36) 5 (1 74 8 88 11 78 13 96 14 92) 7 (2 67 4 56 6 33 9 71 10 76 13 60 15 65) 9 9 (1 24 2 43 3 35 5 42 6 37 8 31 9 53 10 32 13 38) 9 (1 58 2 74 4 80 5 58 8 45 9 68 13 67 14 71 15 73) 5 (5 21 7 21 8 21 14 23 15 21) 4 (5 27 9 23 11 21 13 26) 10 (1 62 2 74 4 72 5 65 7 73 8 61 9 61 10 72 14 58 15 59) 8 (2 59 3 59 5 76 7 50 9 52 10 57 13 58 14 35) 5 (5 66 6 59 10 74 11 45 13 73) 2 (8 34 13 36) 10 (2 47 3 46 4 41 6 43 8 54 9 41 12 37 13 50 14 40 15 50)
23 11 2 (4 92 8 99) 2 (5 41 12 42) 5 (2 85 4 73 6 78 12 90 15 90) 6 (2 47 3 56 5 42 7 49 9 58 12 58) 2 (3 86 9 73) 2 (1 42 9 36) 8 (1 71 3 66 4 80 8 81 9 93 11 58 12 86 15 93) 9 (2 35 4 42 5 39 6 37 7 38 8 46 10 51 11 44 13 37) 10 (1 62 2 89 3 103 4 87 7 77 9 76 11 71 13 61 14 66 15 78) 10 (2 45 4 30 5 41 6 36 7 35 8 41 9 39 10 49 11 40 14 43) 5 (1 19 4 17 8 23 10 13 11 16) 12 7 (1 73 3 53 4 54 5 65 7 59 9 60 10 74) 5 (5 100 6 95 9 109 12 105 13 90) 7 (6 10 7 13 9 11 10 15 12 14 13 16 14 18) 10 (1 38 2 37 3 28 4 32 5 27 7 32 9 35 10 35 12 35 14 29) 6 (3 72 10 97 11 98 12 54 13 119 14 82) 9 (1 86 2 68 4 79 5 78 7 79 10 121 11 94 13 83 15 79) 3 (1 46 4 51 7 65) 10 (1 87 2 64 3 72 5 69 6 83 8 87 9 85 11 93 14 97 15 89) 3 (2 44 3 49 4 47) 3 (2 61 5 44 14 63) 10 (1 45 2 63 3 63 4 60 5 47 7 49 11 53 12 62 13 52 15 50) 5 (2 39 4 36 6 24 13 36 14 28)
19 19 4 (7 57 11 64 14 62 15 56) 7 (3 55 5 55 9 62 10 65 11 41 13 46 14 40) 6 (1 102 4 91 5 85 9 77 11 103 14 106) 3 (12 32 13 31 15 23) 3 (2 72 5 72 10 80) 10 (1 39 6 32 7 48 8 38 9 38 10 43 11 56 12 42 13 45 14 50) 10 (1 35 4 27 5 28 6 27 7 40 8 33 9 35 13 27 14 35 15 29) 9 (4 48 5 41 6 49 10 43 11 42 12 36 13 44 14 30 15 39) 8 (1 86 3 59 4 74 8 88 9 66 11 81 13 71 14 87) 5 (1 80 7 62 8 80 11 79 13 72) 3 (2 62 11 61 12 54) 4 (3 69 6 71 7 82 14 52) 9 (1 23 4 28 5 19 6 26 7 22 10 22 12 19 13 24 14 26) 5 (5 49 7 44 8 40 11 66 12 53) 9 (1 13 4 17 6 13 9 10 10 13 11 12 12 12 14 12 15 14) 3 (1 36 7 37 13 29) 10 (1 21 4 22 5 19 7 26 8 24 11 18 12 21 13 26 14 19 15 20) 4 (2 56 8 104 10 88 12 80) 7 (4 88 6 102 8 97 10 88 12 117 13 81 14 118)
19 11 6 (7 60 9 66 10 47 12 57 13 63 15 54) 9 (1 125 2 101 3 112 4 128 6 89 8 109 10 109 13 91 15 72) 3 (1 53 5 60 8 50) 5 (2 83 3 84 6 85 8 81 12 63) 2 (3 66 5 53) 4 (9 72 12 64 13 74 14 52) 6 (4 67 8 111 9 68 12 75 13 113 14 79) 7 (2 54 6 45 8 45 9 57 12 35 14 59 15 52) 9 (3 80 4 57 6 65 9 70 10 66 11 95 12 66 13 71 15 104) 4 (5 67 10 55 12 74 13 49) 3 (2 42 11 52 15 46) 8 10 (1 89 2 71 3 111 4 100 6 80 7 79 9 109 10 98 11 105 14 119) 10 (1 93 5 79 6 91 7 69 8 88 9 90 10 86 11 100 14 69 15 106) 9 (1 41 3 42 6 27 8 37 9 34 10 38 11 42 13 31 15 36) 7 (1 67 2 56 4 73 5 81 6 70 9 78 15 56) 6 (1 14 4 10 5 14 6 15 12 9 14 10) 8 (1 58 2 51 3 43 7 63 10 76 12 61 14 64 15 57) 8 (1 14 4 18 5 16 6 14 7 14 9 14 12 14 14 13) 3 (3 58 8 69 14 58)
21 11 7 (2 15 3 18 5 21 8 14 10 20 12 19 13 19) 3 (1 89 3 111 15 94) 10 (1 21 3 17 4 17 5 18 6 22 7 21 8 16 9 16 10 18 15 22) 7 (1 88 2 91 3 98 6 66 9 81 13 86 14 122) 9 (1 33 2 41 3 58 5 42 6 50 7 58 9 56 13 49 15 45) 9 (1 68 5 46 6 36 8 54 9 42 10 40 11 54 12 51 14 62) 2 (14 69 15 61) 7 (1 19 2 16 4 21 5 12 8 15 10 18 14 18) 4 (4 67 7 72 13 71 14 56) 6 (1 69 2 61 4 82 9 79 10 71 14 91) 3 (2 46 6 41 7 30) 10 4 (4 39 5 46 13 46 14 42) 5 (3 33 5 27 6 37 8 25 15 32) 7 (2 11 7 10 8 13 9 10 10 9 12 9 15 9) 8 (1 83 5 95 6 66 8 82 9 92 13 97 14 79 15 78) 2 (2 13 10 13) 2 (5 113 6 108) 10 (2 22 3 24 4 25 5 29 6 22 8 26 9 26 11 30 13 19 14 25) 2 (6 83 12 109) 5 (1 44 6 35 7 43 8 29 9 32) 8 (1 40 4 50 6 34 7 36 8 51 12 38 13 31 15 42)
16 16 9 (1 41 3 47 5 35 7 44 8 46 10 32 12 53 13 47 14 51) 4 (2 45 3 40 7 49 11 51) 8 (1 54 5 62 6 58 10 69 11 45 13 66 14 66 15 70) 6 (2 55 4 52 7 58 8 63 13 56 14 53) 6 (2 25 4 26 7 28 10 27 12 31 14 24) 10 (2 94 3 88 4 62 6 73 7 97 10 104 11 76 12 96 14 93 15 101) 7 (3 60 5 94 6 97 7 67 13 93 14 96 15 70) 4 (1 54 9 49 11 43 15 52) 5 (3 56 5 49 6 62 7 61 10 64) 5 (5 72 6 81 8 89 14 94 15 74) 4 (6 84 9 103 10 81 14 105) 10 (1 112 3 89 4 94 5 101 7 97 10 80 11 113 12 95 14 70 15 65) 10 (2 89 3 100 6 95 7 105 8 73 10 92 11 99 13 97 14 116 15 86) 8 (1 53 5 68 7 58 10 51 11 53 12 41 13 47 15 46) 4 (3 16 7 16 12 16 14 12) 3 (3 123 4 101 10 107)
16 12 7 (2 50 3 65 5 67 7 68 11 81 14 81 15 70) 2 (13 78 14 64) 7 (2 87 4 67 6 97 9 94 11 81 12 98 13 121) 3 (3 39 7 46 15 47) 2 (8 52 14 46) 7 (1 56 3 63 5 53 7 70 9 61 10 67 15 60) 3 (4 24 8 31 11 24) 4 (3 80 4 88 5 64 6 87) 9 (1 10 2 13 3 11 4 12 6 8 7 12 8 12 9 13 15 12) 8 (1 13 2 11 3 14 4 12 12 13 13 12 14 13 15 12) 8 (1 57 2 60 3 68 6 65 9 85 10 66 11 41 12 66) 5 (2 50 3 53 6 73 7 53 15 76) 4 10 (1 39 3 38 4 33 5 42 6 37 8 47 9 31 10 49 11 42 15 29) 6 (1 85 2 57 5 77 10 50 14 106 15 80) 2 (9 69 15 48) 5 (4 53 5 51 7 49 10 41 11 46)
25 24 4 (2 24 13 21 14 16 15 14) 3 (5 52 12 55 14 57) 3 (4 83 7 74 10 88) 6 (7 29 8 23 9 19 12 17 13 27 14 30) 6 (3 37 5 34 7 42 8 36 11 38 13 31) 6 (6 11 7 6 8 8 9 12 10 13 11 11) 4 (1 38 5 35 8 41 9 43) 4 (1 17 6 17 10 17 13 19) 5 (4 66 9 82 12 63 13 73 15 59) 10 (1 29 2 35 3 27 4 35 5 23 7 27 8 28 10 25 11 32 15 39) 4 (2 81 6 77 10 86 14 94) 5 (5 14 6 12 10 12 11 16 13 12) 8 (1 47 2 68 4 51 5 50 6 52 7 49 11 56 15 63) 7 (1 47 5 47 9 48 10 57 13 48 14 38 15 54) 5 (3 94 7 66 10 86 13 94 15 86) 7 (1 79 6 86 8 60 9 85 11 72 12 86 14 78) 3 (3 90 6 86 15 102) 9 (1 99 2 80 4 67 5 92 6 81 9 75 10 90 11 68 12 96) 5 (3 29 9 33 10 37 11 43 14 28) 10 (2 48 4 51 5 63 6 54 8 57 10 54 11 44 13 53 14 51 15 57) 9 (1 24 3 25 4 21 5 26 8 20 10 20 12 25 13 23 15 22) 2 (3 40 4 45) 3 (6 30 7 27 13 26) 3 (5 29 12 44 13 51) 1 9 (1 22 2 34 4 30 7 31 8 23 10 26 11 28 14 25 15 29)
