10 15
9 13 13 10 15 14 10 15 9 9 11 12 10 15 9
3 4 1 3 3 4 2 1 1 2 3 1 4 2 3
15 9 4 (1 55 3 44 10 41 11 42) 9 (1 65 2 56 3 71 7 73 8 65 9 53 11 65 13 65 14 46) 2 (8 21 15 19) 4 (5 12 6 17 7 14 9 15) 6 (3 89 6 87 8 97 9 88 12 83 13 79) 2 (2 24 5 20) 10 (3 49 5 64 7 58 8 68 9 76 10 50 11 46 12 66 13 57 15 75) 2 (1 27 8 37) 8 (2 55 3 103 5 99 6 82 7 74 10 72 12 61 15 70) 6 8 (1 23 2 18 4 24 6 27 7 24 8 26 9 24 10 24) 5 (4 56 9 76 13 78 14 63 15 70) 10 (1 37 3 26 4 33 6 27 9 26 10 22 11 32 12 38 13 34 14 27) 2 (10 13 11 16) 10 (1 60 4 64 5 79 6 76 8 51 10 65 12 77 13 71 14 73 15 63) 8 (1 104 2 95 3 97 7 110 8 88 10 103 12 109 15 109)
20 10 8 (2 40 4 39 5 47 6 37 8 43 9 46 10 43 13 41) 9 (3 86 5 89 6 69 7 83 8 85 10 88 11 108 13 80 14 101) 6 (4 66 6 57 9 60 12 76 13 71 14 64) 5 (6 43 7 47 8 45 9 39 14 40) 10 (1 78 2 93 4 86 5 76 6 92 7 111 10 95 11 102 12 93 15 87) 4 (1 78 3 82 5 76 11 79) 9 (5 29 6 33 7 39 9 32 10 26 11 30 12 29 14 38 15 29) 3 (1 105 6 72 13 112) 7 (3 11 5 12 6 9 7 12 9 13 14 11 15 10) 3 (3 20 4 21 14 17) 10 4 (2 64 5 87 9 103 12 123) 10 (2 21 3 22 4 18 5 19 6 22 8 18 9 23 10 24 13 19 15 21) 4 (2 74 9 95 11 95 14 88) 6 (4 32 6 41 7 31 11 36 13 30 14 35) 4 (4 55 6 57 7 53 10 68) 5 (3 36 6 44 7 68 12 48 15 38) 2 (4 65 15 61) 6 (8 37 10 33 11 44 12 47 13 39 14 37) 6 (1 57 3 25 8 59 10 42 13 51 14 57) 3 (1 60 7 58 13 53)
23 12 10 (1 73 2 67 3 86 5 64 7 83 9 71 10 63 11 89 13 70 14 74) 6 (4 83 5 73 6 86 10 81 14 86 15 75) 3 (6 73 10 81 14 78) 9 (3 41 4 31 5 36 6 31 9 37 10 42 11 43 12 42 15 41) 4 (4 91 5 102 8 92 13 92) 5 (1 73 6 80 10 55 11 75 12 69) 6 (2 31 4 28 5 21 6 30 8 30 9 30) 8 (2 53 3 88 5 106 7 77 10 73 13 67 14 84 15 89) 4 (1 98 4 80 7 54 11 90) 7 (3 49 5 51 6 45 8 40 9 48 13 30 14 46) 6 (3 50 4 55 7 62 12 55 13 67 15 64) 3 (5 61 13 56 14 44) 11 5 (1 37 5 44 6 27 12 30 15 35) 8 (2 103 5 103 7 101 8 98 9 103 12 103 13 126 14 79) 2 (3 35 7 41) 9 (1 55 2 54 3 68 8 52 9 69 12 58 13 49 14 53 15 46) 8 (2 73 3 53 8 58 9 47 11 85 13 85 14 64 15 68) 6 (1 63 4 66 6 70 11 65 12 56 13 47) 3 (2 52 9 72 14 58) 4 (5 30 7 34 10 25 13 28) 2 (2 19 14 14) 7 (2 33 3 39 4 39 6 50 10 37 12 38 14 37) 3 (3 79 12 65 15 85)
18 15 8 (1 61 2 65 5 74 6 66 7 78 8 65 12 86 15 80) 7 (6 68 8 72 10 57 11 56 12 79 13 62 14 83) 6 (1 65 3 59 6 78 7 57 9 55 12 71) 3 (6 48 11 23 13 50) 3 (1 61 12 44 15 62) 10 (1 51 2 82 6 59 7 49 8 64 10 57 12 71 13 69 14 65 15 62) 5 (3 58 4 48 7 85 9 69 12 63) 9 (3 101 5 116 6 93 8 90 10 94 11 89 12 83 14 89 15 92) 4 (1 30 2 28 7 23 13 25) 2 (1 79 8 71) 3 (3 18 8 20 10 16) 2 (1 62 2 60) 7 (5 41 6 37 8 33 9 42 10 42 13 31 14 25) 2 (3 86 4 87) 10 (1 28 2 34 3 29 4 29 7 41 10 26 11 33 12 36 13 38 14 26) 3 2 (1 88 10 113) 8 (1 40 2 35 8 25 9 38 10 42 11 36 13 38 14 45) 4 (1 65 6 62 11 56 15 69)
21 13 5 (2 107 4 76 8 91 11 97 15 83) 10 (2 66 4 88 5 82 6 67 7 72 8 61 9 66 10 74 14 79 15 65) 2 (5 90 7 113) 6 (4 38 8 38 10 43 11 46 12 44 14 46) 4 (5 31 12 30 14 34 15 38) 5 (1 50 3 58 10 56 12 47 14 55) 7 (5 108 9 84 10 82 11 71 13 59 14 86 15 74) 5 (6 46 7 43 8 50 10 33 14 41) 7 (2 92 4 86 5 78 9 82 10 85 12 93 14 88) 2 (6 42 7 39) 7 (3 101 5 109 8 74 9 84 12 94 14 96 15 117) 6 (4 68 5 64 8 78 11 68 12 62 13 60) 6 (4 137 5 94 8 114 10 99 12 95 13 85) 8 3 (2 51 5 46 6 30) 10 (2 29 4 27 5 26 6 28 7 24 8 25 10 29 11 27 14 25 15 17) 2 (9 65 11 56) 2 (1 59 6 74) 10 (1 69 2 77 5 59 6 100 7 55 8 61 9 54 10 76 11 73 14 69) 4 (1 60 4 73 8 72 14 46) 3 (8 105 9 137 12 89) 7 (3 51 4 49 9 41 10 42 12 46 14 51 15 32)
15 7 7 (1 128 2 103 4 104 6 74 12 95 14 113 15 107) 6 (2 76 7 65 9 74 11 77 12 70 15 68) 9 (1 103 3 85 5 81 6 88 9 83 10 95 12 84 13 71 14 62) 9 (4 39 5 54 6 71 7 59 8 85 9 82 10 85 11 61 13 70) 8 (1 17 4 17 9 13 11 19 12 16 13 12 14 18 15 20) 2 (2 24 7 26) 8 (2 31 3 25 6 29 9 30 11 31 13 29 14 24 15 33) 8 6 (2 24 3 20 4 17 7 22 10 16 15 17) 6 (1 112 4 129 6 93 8 65 10 82 15 110) 8 (3 71 4 122 5 85 6 85 7 85 8 72 12 78 15 91) 5 (2 72 3 84 4 58 9 51 12 55) 3 (3 15 11 18 15 15) 7 (1 94 2 76 3 82 4 89 8 82 9 124 14 86) 5 (9 45 10 38 11 32 13 40 15 39) 4 (2 68 6 72 12 89 13 68)
17 16 8 (1 24 2 37 3 32 4 38 6 46 10 30 11 50 12 41) 4 (2 99 3 108 7 101 13 111) 3 (2 21 8 22 10 25) 9 (3 34 4 42 5 32 7 23 9 31 10 21 11 34 12 37 14 26) 7 (1 89 4 81 8 88 9 105 11 77 13 83 15 98) 3 (5 57 9 57 12 76) 6 (5 93 7 83 8 92 10 56 12 101 13 103) 9 (2 58 3 54 6 32 7 47 8 47 9 47 10 51 11 44 13 52) 6 (5 44 7 46 9 45 10 40 13 38 15 24) 10 (1 48 2 46 3 50 4 56 5 54 6 51 8 45 9 30 10 38 11 42) 4 (1 78 3 84 7 66 10 75) 4 (3 66 7 59 12 53 15 63) 8 (1 68 3 116 5 100 8 106 9 90 10 94 12 115 14 99) 3 (5 72 7 70 12 66) 3 (5 82 9 100 11 74) 8 (3 10 4 11 6 14 7 10 9 10 11 8 13 11 14 9) 1 6 (1 37 4 34 5 34 12 37 14 22 15 29)
25 22 8 (1 62 2 49 3 56 4 65 8 60 9 66 10 48 13 47) 5 (1 54 3 49 8 59 10 43 15 47) 9 (1 24 3 23 5 20 6 22 7 21 9 17 11 21 12 23 14 21) 7 (2 41 3 60 7 58 8 61 9 54 11 54 12 55) 4 (6 107 8 80 10 95 14 107) 5 (5 46 6 46 7 38 12 55 14 54) 5 (4 73 5 70 7 87 8 69 12 86) 8 (4 34 5 32 9 32 10 29 11 29 12 29 14 32 15 29) 4 (1 47 2 50 4 35 14 51) 9 (2 57 3 54 5 55 8 50 9 42 10 52 11 52 12 51 15 53) 9 (1 43 3 50 4 40 5 35 6 33 7 41 12 37 14 44 15 29) 3 (1 82 5 67 7 73) 6 (1 45 4 34 6 41 7 42 10 41 14 35) 7 (1 63 3 67 4 87 7 65 10 60 14 78 15 74) 10 (1 67 3 52 4 81 6 82 9 67 10 74 12 69 13 62 14 67 15 67) 7 (2 45 4 41 8 37 9 48 10 42 12 43 13 48) 10 (1 16 3 12 4 19 5 15 6 14 7 16 10 13 13 17 14 18 15 17) 9 (1 35 3 28 4 25 5 21 7 36 8 29 10 26 11 33 14 34) 7 (1 31 2 28 6 47 8 43 9 46 13 49 15 44) 2 (11 99 13 109) 4 (3 44 6 54 9 40 14 55) 5 (1 26 2 35 3 40 4 37 9 35) 3 8 (1 48 3 77 4 73 5 65 9 63 10 70 11 63 13 70) 8 (1 20 3 18 5 20 7 23 8 24 9 21 10 27 11 23) 9 (2 28 3 20 4 21 5 19 6 28 8 26 10 25 12 32 13 24)
23 23 2 (3 70 5 82) 3 (3 59 14 75 15 60) 4 (7 52 9 52 12 58 15 71) 8 (1 36 5 37 6 45 8 34 10 35 12 37 13 35 14 42) 10 (1 53 2 50 3 33 4 32 5 50 6 54 8 44 12 49 13 55 15 54) 5 (1 107 5 77 6 79 12 88 15 79) 4 (1 45 4 35 7 43 9 51) 4 (1 66 4 83 13 65 15 93) 4 (3 62 10 56 12 59 14 47) 8 (1 75 2 83 5 92 9 94 10 67 11 90 13 57 15 92) 7 (1 31 2 34 4 35 6 33 10 31 11 36 12 34) 9 (1 80 2 94 6 79 8 84 9 80 10 83 11 91 14 65 15 74) 4 (1 49 3 32 5 48 10 53) 9 (1 75 3 60 4 75 5 64 7 65 9 58 13 65 14 91 15 71) 9 (1 44 4 41 7 38 9 44 11 31 12 40 13 37 14 47 15 36) 10 (1 28 4 16 5 20 6 18 7 17 8 17 9 13 10 17 13 22 15 17) 8 (2 54 3 59 4 56 7 54 8 57 11 81 14 74 15 72) 10 (1 114 2 100 3 90 5 92 6 84 7 126 8 123 12 79 14 108 15 127) 4 (1 17 7 21 8 14 14 13) 6 (1 28 3 34 5 33 13 31 14 34 15 43) 4 (6 113 7 86 8 110 14 86) 5 (1 76 3 57 9 96 10 86 14 95) 5 (3 55 6 54 9 45 12 50 15 50)
19 10 6 (1 86 9 93 10 89 12 100 13 74 15 74) 8 (1 34 2 44 4 45 5 42 6 47 9 42 14 44 15 33) 9 (1 50 2 43 3 60 4 47 5 61 6 76 8 61 12 63 15 51) 8 (4 44 7 67 8 48 9 56 10 48 11 49 12 58 15 46) 2 (1 33 4 26) 10 (1 53 2 64 3 61 4 65 5 68 7 75 8 50 12 72 13 67 14 58) 5 (2 44 5 62 8 55 10 58 11 45) 6 (3 103 6 76 7 109 9 100 10 81 15 102) 6 (8 33 10 32 12 44 13 30 14 35 15 38) 8 (2 75 3 61 4 80 8 75 9 81 12 84 13 69 15 64) 9 3 (2 45 12 36 13 33) 6 (2 28 3 34 6 33 8 27 13 34 15 32) 6 (3 40 5 43 6 28 9 39 12 41 13 36) 4 (1 82 6 87 7 106 14 86) 5 (1 92 3 68 7 66 8 64 13 58) 4 (3 65 4 53 10 64 11 65) 7 (4 86 5 65 7 74 9 72 11 98 12 77 13 54) 4 (2 25 6 19 10 25 15 29) 4 (3 38 12 39 13 59 15 73)
