20 15
11 14 8 13 14 14 15 11 13 12 14 9 11 13 9
3 3 2 3 1 4 2 1 4 4 2 4 2 2 3
10 6 4 (4 40 5 41 13 48 15 30) 8 (2 29 3 27 4 29 6 23 7 25 9 30 10 23 15 23) 9 (1 83 3 74 6 70 7 82 10 82 11 66 13 59 14 53 15 71) 8 (2 17 3 16 5 13 6 15 10 15 11 19 13 16 14 20) 7 (1 36 4 38 5 36 7 38 9 35 13 29 14 38) 4 (6 26 9 18 11 25 15 20) 4 9 (1 104 3 95 4 111 6 89 8 117 10 81 11 69 14 75 15 121) 9 (1 21 3 19 4 19 5 20 8 20 10 14 11 27 12 25 13 23) 3 (4 64 5 55 15 47) 7 (1 54 5 67 8 46 9 53 10 48 12 63 15 57)
10 5 10 (2 47 3 39 5 61 6 70 7 42 10 52 11 61 12 66 13 50 14 66) 3 (3 101 4 68 14 98) 7 (2 46 4 39 5 38 6 40 7 33 8 39 15 41) 2 (1 102 12 70) 8 (1 14 2 13 3 12 4 11 8 15 10 11 11 11 12 12) 5 5 (4 55 5 80 6 62 11 85 15 62) 7 (2 90 6 93 8 72 9 90 12 67 13 87 15 91) 3 (1 65 10 54 14 67) 6 (1 29 3 30 4 44 7 27 9 28 15 27) 3 (3 33 9 44 10 34)
10 10 4 (1 34 9 30 12 36 13 24) 5 (2 97 5 68 7 70 8 106 10 77) 8 (2 65 4 84 5 67 6 59 8 57 10 77 12 84 14 56) 7 (4 54 6 45 7 47 9 65 11 58 12 55 15 64) 10 (1 17 3 19 4 20 5 20 6 15 7 16 9 22 10 13 12 16 13 22) 3 (3 44 13 41 14 42) 4 (3 79 8 71 11 61 13 83) 3 (4 37 7 31 15 35) 9 (1 84 4 68 7 90 8 67 9 75 11 76 12 95 13 77 14 58) 5 (1 75 3 82 8 70 9 62 14 66)
10 9 5 (3 91 4 83 6 85 8 103 15 87) 5 (4 74 5 85 6 87 12 78 15 88) 9 (1 76 2 76 3 91 4 106 8 95 11 103 12 102 14 90 15 81) 10 (1 69 3 60 4 72 5 59 6 76 8 74 9 89 10 88 11 58 15 88) 4 (3 56 7 85 9 96 11 112) 8 (2 23 3 34 5 45 6 24 9 39 11 40 12 36 15 44) 10 (2 22 4 21 5 24 6 23 8 38 9 17 11 29 12 20 13 26 15 19) 5 (3 35 6 28 7 29 8 48 13 40) 8 (2 87 5 82 7 84 9 92 12 66 13 77 14 79 15 84) 1 7 (1 55 2 52 7 59 9 43 11 59 12 55 15 47)
10 8 9 (4 106 6 88 7 92 8 103 11 74 12 96 13 89 14 117 15 84) 5 (2 29 7 30 10 17 12 24 14 30) 7 (1 84 5 82 7 91 10 92 11 70 14 78 15 84) 5 (1 95 4 94 8 94 11 115 12 89) 10 (1 49 2 55 5 41 7 66 8 47 10 61 11 55 12 34 13 48 14 40) 6 (1 14 3 13 11 14 12 12 13 16 15 15) 5 (9 73 10 74 11 63 14 79 15 66) 3 (1 53 7 36 12 47) 2 9 (1 34 4 42 5 45 6 46 9 33 10 40 11 50 13 61 14 47) 8 (2 104 3 94 5 87 8 87 9 107 13 104 14 97 15 99)
10 10 5 (1 7 3 6 6 6 11 8 15 7) 4 (2 49 6 58 9 77 10 63) 7 (3 99 5 124 6 77 10 106 11 95 13 106 14 105) 2 (8 39 15 40) 2 (2 10 9 12) 3 (6 28 11 40 13 42) 7 (4 31 6 26 9 26 10 29 11 22 12 26 13 24) 9 (3 60 4 99 6 68 7 82 9 69 10 74 12 59 14 71 15 82) 6 (2 92 4 108 6 111 11 84 12 113 15 74) 9 (1 8 4 10 7 9 8 11 9 8 11 8 12 8 13 9 14 9)
10 7 9 (2 54 3 55 4 52 5 50 7 55 10 62 11 67 12 65 13 58) 4 (1 44 2 43 3 44 13 32) 3 (1 51 3 33 14 52) 8 (3 25 4 31 5 31 8 21 9 22 10 27 12 22 14 25) 3 (3 59 9 44 10 53) 10 (1 14 7 16 8 14 9 18 10 15 11 15 12 16 13 13 14 12 15 16) 6 (1 58 2 63 3 70 9 61 10 48 11 48) 3 4 (1 78 3 132 5 81 8 60) 8 (1 50 2 53 4 38 8 43 9 61 11 48 13 54 15 49) 5 (1 26 4 24 6 23 12 27 15 30)
10 8 10 (2 10 3 9 5 9 6 8 7 10 8 10 9 10 10 9 11 8 12 8) 9 (2 39 3 49 5 20 6 41 7 29 8 45 11 40 12 53 14 46) 5 (2 12 7 15 11 11 12 15 14 14) 4 (7 70 9 51 12 68 15 65) 7 (4 21 5 17 6 21 9 23 11 14 13 20 14 18) 10 (1 53 3 35 4 64 7 46 8 67 9 49 10 60 11 51 14 64 15 70) 6 (2 49 3 44 6 44 9 42 10 47 13 31) 8 (2 73 3 88 5 91 6 93 7 96 8 82 9 92 14 102) 2 2 (5 40 11 38) 4 (1 36 9 36 12 46 13 42)
10 6 2 (1 29 7 24) 2 (4 71 8 75) 5 (7 86 8 107 12 91 13 85 14 54) 4 (3 40 6 38 11 48 15 42) 5 (5 43 7 43 8 46 10 43 12 35) 6 (2 29 3 23 4 29 7 28 8 29 9 22) 4 5 (3 37 5 29 6 31 10 36 13 32) 7 (3 107 5 85 6 78 10 73 11 111 12 88 13 73) 4 (3 21 8 26 11 31 14 37) 6 (1 10 4 8 6 9 7 9 8 8 13 8)
10 5 3 (3 93 13 88 15 81) 5 (5 30 8 25 9 28 10 30 13 29) 8 (4 100 7 62 8 85 9 86 10 73 13 81 14 70 15 75) 8 (1 117 2 91 4 75 7 98 8 96 10 71 13 50 15 73) 7 (1 79 2 116 3 95 8 92 12 103 13 86 14 83) 5 5 (2 77 3 74 4 86 10 57 11 53) 7 (2 51 3 78 5 79 7 76 8 69 11 72 12 58) 2 (3 78 4 72) 6 (1 36 3 48 5 52 7 47 13 59 15 42) 6 (3 60 7 78 11 73 12 69 13 70 15 57)
10 7 8 (1 20 3 16 9 22 10 25 11 24 13 22 14 26 15 19) 8 (1 27 2 30 4 35 8 31 10 36 11 29 13 30 14 34) 5 (3 25 5 22 7 20 8 19 10 24) 4 (7 14 8 19 12 19 14 18) 9 (2 78 3 85 4 84 5 81 7 96 9 83 10 75 14 94 15 89) 4 (5 64 11 69 13 64 14 77) 5 (2 82 5 73 9 72 13 65 15 82) 3 9 (3 19 4 20 7 16 8 20 9 20 10 15 12 20 13 18 14 22) 3 (4 30 7 33 11 37) 8 (1 20 2 19 4 19 8 18 12 22 13 21 14 20 15 21)
10 10 4 (2 83 3 98 6 92 13 94) 10 (1 30 3 25 4 29 6 17 7 25 8 30 10 32 11 29 13 29 14 23) 8 (1 59 3 57 5 58 7 67 10 91 11 68 12 73 14 84) 10 (1 72 2 74 3 86 4 76 5 91 6 82 8 108 9 102 11 105 13 96) 6 (2 20 3 25 4 26 7 23 8 21 13 16) 5 (1 71 3 91 5 82 6 113 8 121) 5 (1 73 10 43 12 80 13 51 14 71) 4 (5 104 6 98 8 109 14 85) 4 (4 52 8 38 12 37 15 45) 6 (3 59 5 65 6 63 8 49 11 70 14 68)
10 5 3 (5 16 7 18 15 17) 8 (1 86 3 102 4 94 6 91 8 111 10 88 11 109 15 105) 5 (2 50 6 47 12 49 13 51 15 51) 5 (5 49 9 45 11 66 12 40 14 48) 10 (1 33 2 31 4 22 6 24 7 25 8 23 9 24 10 24 12 20 15 22) 5 5 (2 78 4 91 7 81 9 52 15 64) 10 (1 66 2 61 3 74 4 44 8 64 10 68 11 59 13 64 14 54 15 58) 8 (2 38 4 45 6 48 7 42 9 29 10 39 12 44 15 41) 9 (2 61 4 46 5 41 8 42 9 52 10 51 12 46 14 49 15 54) 6 (2 28 3 22 6 29 9 29 10 37 13 30)
10 10 2 (3 71 4 76) 8 (2 55 4 51 5 44 6 48 7 62 10 32 12 59 14 39) 9 (1 19 2 18 4 23 7 18 8 17 9 19 10 20 11 18 14 22) 5 (4 86 7 101 9 117 11 97 15 111) 7 (3 28 5 27 9 25 10 24 12 27 14 30 15 23) 8 (1 50 2 49 5 50 6 56 7 52 13 52 14 55 15 51) 10 (1 87 2 108 4 81 5 123 7 90 8 98 9 97 11 96 12 97 14 96) 3 (1 67 6 84 11 60) 3 (7 10 14 11 15 14) 3 (5 97 12 100 15 70)
10 8 7 (1 70 5 71 7 74 8 74 10 73 12 82 13 80) 10 (1 80 4 81 5 94 6 88 7 66 8 87 10 73 12 85 13 89 15 81) 4 (1 65 2 63 5 73 8 70) 10 (1 77 3 66 4 61 5 79 8 80 9 70 10 99 13 58 14 70 15 90) 2 (1 40 7 43) 5 (4 61 7 59 9 44 10 56 14 39) 8 (1 16 2 12 4 13 5 12 8 11 10 14 12 12 13 11) 3 (1 58 8 62 14 47) 2 6 (1 16 4 12 7 15 9 25 10 15 14 19) 8 (1 43 4 51 6 48 7 30 9 45 10 43 11 34 12 43)
10 7 9 (2 105 3 107 4 101 5 121 6 95 7 98 9 98 12 114 15 100) 10 (1 16 2 13 3 17 4 16 5 15 9 15 10 12 13 13 14 13 15 17) 4 (1 65 4 67 5 66 13 53) 6 (1 53 2 57 8 55 9 41 10 56 15 46) 6 (1 72 3 61 4 80 6 62 14 72 15 45) 3 (1 79 3 72 4 69) 7 (4 64 6 74 7 93 9 78 11 66 13 63 14 82) 3 7 (5 84 7 73 8 60 12 63 13 64 14 83 15 55) 2 (9 52 10 35) 4 (4 24 9 30 10 17 15 22)
10 7 2 (4 29 9 39) 3 (3 66 8 46 13 53) 7 (4 62 6 57 7 55 9 37 10 60 11 44 14 56) 9 (1 37 3 20 4 22 5 31 6 28 8 35 10 31 12 23 15 28) 3 (3 50 9 37 10 48) 3 (3 78 8 49 11 63) 2 (9 38 11 32) 3 2 (2 34 6 34) 7 (4 70 5 78 7 71 8 61 10 52 13 66 14 55) 10 (1 44 3 60 4 48 6 51 8 57 9 33 11 57 13 47 14 48 15 54)
10 6 6 (2 46 3 30 10 47 11 30 13 30 14 39) 10 (1 41 2 36 4 39 5 41 6 39 8 44 11 39 13 42 14 50 15 42) 2 (2 16 6 13) 5 (6 76 7 48 8 53 9 62 12 67) 4 (3 50 5 55 8 71 15 83) 3 (6 13 12 16 13 13) 4 8 (3 26 4 31 6 30 9 32 10 30 11 24 13 29 15 25) 10 (2 31 5 35 6 38 7 41 9 33 10 35 12 40 13 44 14 39 15 49) 8 (2 7 4 8 5 8 7 9 10 9 11 9 13 8 14 7) 2 (3 96 12 96)
10 9 7 (1 53 3 66 8 58 11 45 12 77 14 60 15 58) 9 (1 65 3 54 8 60 9 53 10 45 11 51 13 32 14 65 15 41) 6 (2 53 4 63 6 62 8 67 9 53 11 70) 8 (1 89 2 77 7 85 8 66 9 89 10 76 14 103 15 86) 10 (2 62 4 58 6 66 7 56 9 59 10 52 11 56 13 61 14 52 15 58) 4 (4 17 8 22 11 18 15 16) 10 (1 64 6 50 7 58 9 76 10 43 11 47 12 63 13 45 14 55 15 68) 4 (1 32 3 42 11 40 12 37) 10 (1 39 3 33 5 45 7 31 9 41 10 39 11 45 12 42 13 35 15 42) 1 3 (5 20 6 18 9 20)
10 6 5 (3 81 6 117 9 102 11 87 13 86) 2 (11 88 13 74) 2 (7 69 13 53) 7 (3 48 4 51 5 49 6 58 9 56 10 64 11 78) 9 (2 15 5 16 6 16 8 17 10 13 12 17 13 17 14 16 15 16) 5 (1 64 3 74 6 50 7 75 14 75) 4 2 (3 39 6 27) 4 (1 102 7 105 10 72 13 77) 2 (5 80 10 52) 5 (4 18 5 20 9 17 11 21 14 21)
