20 15
11 12 11 11 8 9 11 12 14 13 13 13 11 8 14
1 2 2 2 2 1 1 2 1 3 3 2 1 2 1
15 11 7 (3 13 4 11 5 16 9 15 12 10 14 16 15 13) 6 (1 20 6 21 9 22 12 17 13 20 14 19) 4 (1 14 5 14 8 9 11 12) 3 (7 12 12 15 15 9) 10 (1 7 2 14 4 12 6 10 7 13 8 12 10 12 12 8 13 10 15 10) 6 (4 40 6 42 7 33 8 31 11 34 15 33) 3 (10 19 12 15 14 13) 5 (3 18 5 16 6 14 8 22 9 18) 10 (2 18 3 22 4 22 6 20 7 12 8 16 9 16 10 23 12 18 14 21) 6 (2 9 4 10 7 13 8 13 10 10 15 9) 5 (6 28 9 21 10 16 12 24 13 21) 4 10 (1 13 2 13 3 14 4 10 8 15 9 9 11 8 12 16 13 13 15 13) 2 (8 13 15 19) 5 (2 13 4 11 5 12 8 12 10 11) 9 (3 27 6 31 7 35 8 37 10 35 12 30 13 32 14 30 15 31)
15 10 5 (1 41 2 45 6 35 8 40 11 25) 8 (1 31 2 34 5 28 6 23 7 30 8 26 9 25 14 36) 5 (3 15 8 15 10 13 14 9 15 13) 8 (4 23 5 23 7 22 8 28 9 23 10 27 14 32 15 22) 8 (1 15 2 9 5 16 6 15 7 13 11 13 12 15 14 15) 2 (1 15 6 18) 4 (2 50 5 40 10 38 11 55) 2 (2 15 11 21) 8 (1 21 2 21 3 17 6 19 8 21 10 15 11 18 13 18) 7 (1 13 2 13 3 13 5 12 6 10 7 11 8 10) 5 3 (3 18 6 15 14 13) 9 (1 41 2 37 3 39 5 33 9 36 11 41 12 30 14 40 15 38) 8 (4 13 5 15 6 14 7 12 8 15 9 17 12 14 13 15) 7 (1 17 3 14 4 12 7 14 12 13 13 12 15 12) 4 (5 13 11 12 13 15 15 16)
15 14 9 (3 28 4 29 6 33 7 30 8 30 9 21 11 28 14 25 15 30) 2 (11 29 15 33) 9 (2 40 3 32 5 39 7 41 8 45 9 42 12 43 13 28 15 43) 3 (2 30 7 37 15 36) 3 (7 30 8 21 12 28) 6 (2 21 5 21 6 21 7 20 12 16 13 18) 5 (1 25 7 28 9 28 10 21 14 22) 7 (1 37 6 33 7 35 8 34 12 45 13 31 15 32) 2 (4 31 5 50) 9 (1 35 2 32 3 43 4 39 6 36 7 40 8 46 11 41 15 39) 10 (1 32 2 23 3 28 4 22 5 26 6 24 8 27 9 20 14 21 15 28) 2 (1 10 3 10) 8 (2 36 3 38 5 47 8 38 10 41 11 40 12 39 14 38) 2 (6 31 8 36) 1 4 (4 16 9 16 14 20 15 12)
15 15 5 (1 36 4 36 9 55 10 38 15 33) 10 (2 15 3 19 4 18 6 18 7 25 8 20 12 18 13 22 14 17 15 17) 5 (1 11 3 11 4 12 10 16 13 14) 8 (1 20 3 24 4 23 6 18 7 26 9 24 13 24 15 25) 10 (1 22 3 28 4 25 5 22 7 13 9 24 11 29 12 24 13 22 14 24) 3 (5 14 7 17 13 13) 9 (3 16 4 16 5 14 6 13 7 18 8 16 9 15 10 14 12 15) 3 (1 13 6 17 10 13) 9 (2 27 3 19 5 27 6 21 8 21 9 20 10 15 11 26 15 25) 6 (1 12 2 12 8 12 11 13 13 13 14 12) 4 (5 16 6 17 14 16 15 15) 3 (1 33 2 31 14 42) 6 (2 42 3 45 4 45 7 39 13 52 15 38) 6 (2 27 5 19 7 25 11 24 14 28 15 30) 4 (1 36 6 26 8 28 15 26)
15 11 5 (3 29 6 30 8 28 10 41 14 34) 6 (2 17 5 15 6 14 9 14 13 17 14 17) 9 (1 35 3 29 4 30 5 32 7 35 8 25 10 35 13 31 15 33) 4 (2 31 3 25 9 28 12 26) 7 (1 29 2 30 3 30 4 29 6 29 8 28 11 30) 2 (13 27 14 32) 10 (1 32 2 25 3 32 4 21 5 30 7 27 11 28 12 23 13 23 15 24) 7 (2 23 3 25 7 27 9 31 12 33 13 27 15 30) 7 (1 47 4 39 8 44 10 32 11 34 12 39 13 34) 7 (1 11 3 12 6 13 7 12 9 13 12 9 14 12) 6 (2 23 3 23 5 23 6 26 8 20 9 19) 4 6 (1 16 2 15 3 14 6 13 10 18 14 18) 8 (2 22 4 24 5 29 6 28 7 25 10 30 11 31 15 34) 5 (4 46 8 23 11 41 12 44 14 39) 2 (11 28 15 33)
15 11 10 (1 31 2 36 3 38 5 24 6 30 7 39 8 37 9 29 12 34 15 35) 10 (1 34 2 27 4 32 5 37 7 29 10 21 12 38 13 29 14 41 15 31) 4 (2 19 6 14 7 21 14 16) 2 (1 47 9 41) 10 (1 20 3 20 4 20 5 22 6 17 9 18 11 19 12 15 13 21 15 19) 10 (2 31 4 37 5 29 6 26 7 41 8 28 9 34 12 32 13 36 15 37) 3 (1 33 10 25 12 23) 5 (1 31 3 28 6 32 14 31 15 30) 10 (2 32 3 29 5 28 6 22 7 26 11 24 12 29 13 22 14 34 15 23) 8 (4 33 8 35 9 40 11 42 12 36 13 39 14 32 15 31) 8 (1 44 2 34 4 34 5 35 6 36 7 38 10 41 12 37) 4 9 (3 22 5 24 7 26 8 20 9 25 10 19 13 24 14 19 15 16) 4 (7 31 9 25 13 19 14 24) 5 (3 36 7 33 9 31 13 35 15 28) 7 (1 32 3 35 4 37 7 42 11 40 12 40 15 36)
15 13 4 (2 29 3 27 11 22 14 20) 7 (1 32 2 36 3 31 4 37 5 31 9 27 15 31) 5 (5 38 7 33 8 42 9 34 11 43) 3 (4 18 12 23 13 20) 3 (7 38 13 32 14 28) 4 (1 30 4 31 5 28 9 25) 3 (1 17 2 15 11 15) 10 (1 30 3 35 4 36 6 38 8 33 9 43 10 37 11 37 14 36 15 34) 4 (3 15 10 15 13 9 15 12) 3 (1 38 12 34 15 35) 4 (3 20 7 26 9 24 10 24) 3 (1 29 14 29 15 26) 7 (1 17 3 14 4 21 6 15 7 17 9 15 10 18) 2 9 (1 21 4 23 5 32 7 24 9 23 10 23 12 32 14 29 15 27) 9 (1 17 4 18 6 19 7 18 9 17 11 18 13 16 14 23 15 16)
15 11 7 (2 13 4 15 8 15 12 18 13 17 14 16 15 14) 2 (7 30 14 36) 9 (4 31 6 35 7 37 8 32 9 37 10 29 11 30 12 32 14 31) 5 (1 27 2 34 11 34 12 30 13 38) 7 (1 46 2 34 5 40 7 34 9 45 11 48 14 37) 8 (2 13 4 11 9 14 11 12 12 9 13 8 14 11 15 11) 3 (8 23 11 28 13 30) 3 (3 24 7 21 12 30) 2 (2 15 6 12) 4 (4 23 5 21 10 14 15 20) 6 (2 28 5 33 7 33 8 39 13 39 15 48) 4 6 (2 33 3 36 4 31 7 31 8 37 15 32) 3 (6 16 13 16 15 16) 4 (1 29 4 34 7 35 14 37) 6 (1 34 2 36 8 37 12 33 13 28 14 27)
15 10 9 (2 15 3 15 7 18 8 13 10 14 11 13 12 13 13 19 14 20) 10 (1 17 2 14 3 14 5 15 6 16 7 17 9 16 12 17 13 15 15 20) 9 (1 19 2 20 4 19 5 17 8 17 10 23 11 21 13 18 15 28) 10 (1 23 3 21 6 20 7 28 8 18 11 21 12 21 13 26 14 33 15 28) 2 (3 21 5 29) 3 (7 42 8 40 9 39) 3 (6 20 12 18 15 22) 9 (3 16 6 16 8 16 9 11 10 15 11 13 12 12 13 15 14 11) 9 (1 11 2 13 3 10 6 14 8 9 10 13 11 10 13 8 15 11) 2 (3 21 4 20) 5 9 (2 22 3 17 4 23 6 30 7 22 8 28 9 21 12 14 13 19) 9 (2 25 6 24 7 28 9 33 10 30 12 31 13 29 14 29 15 32) 7 (2 29 3 32 5 23 7 20 9 25 10 24 15 22) 9 (1 14 2 17 3 15 4 14 7 14 8 15 12 15 14 13 15 16) 10 (1 43 3 37 6 41 7 40 8 41 9 35 10 36 12 50 13 32 14 36)
15 8 2 (2 28 5 26) 8 (1 40 5 34 6 36 7 36 9 32 10 36 11 41 14 37) 3 (1 42 8 47 14 46) 2 (9 11 15 19) 10 (1 29 3 27 4 26 5 22 6 23 7 24 8 26 9 20 11 19 13 23) 6 (1 24 2 24 11 23 12 26 13 38 15 30) 3 (9 37 12 35 14 37) 5 (3 9 4 13 6 12 11 13 12 11) 7 3 (9 15 14 16 15 13) 6 (1 29 2 32 4 44 8 44 10 33 13 26) 3 (2 32 12 33 15 36) 10 (1 11 2 13 3 10 5 8 7 16 8 12 10 12 13 11 14 12 15 14) 3 (10 30 14 29 15 25) 5 (2 25 7 24 9 31 12 36 15 29) 4 (9 22 12 26 13 26 15 20)
15 9 5 (2 22 5 30 9 15 11 23 12 26) 7 (4 26 6 17 8 20 10 22 12 23 13 17 15 22) 3 (2 27 6 31 8 28) 9 (1 15 2 17 3 14 4 12 5 17 8 16 9 13 11 10 12 16) 2 (4 21 7 21) 5 (5 24 9 18 12 18 13 19 14 20) 2 (4 13 12 19) 2 (4 12 14 14) 3 (3 14 6 16 9 20) 6 10 (3 18 5 18 6 18 7 8 9 19 10 20 12 16 13 14 14 21 15 17) 10 (1 22 2 31 4 27 5 24 6 23 7 25 8 33 10 29 12 26 14 27) 3 (1 17 3 23 8 23) 5 (4 27 6 23 10 21 11 25 15 22) 8 (6 29 7 26 8 25 11 31 12 36 13 18 14 20 15 29) 10 (1 21 2 18 3 23 4 25 5 18 6 17 8 21 9 15 12 23 15 22)
15 9 2 (3 40 6 34) 8 (1 13 2 16 3 15 6 18 7 17 12 11 13 18 14 18) 10 (1 26 3 24 4 25 5 20 7 28 9 23 10 22 11 20 14 20 15 19) 6 (3 28 4 32 5 24 7 30 12 25 14 33) 10 (1 44 3 34 4 24 6 31 7 31 8 35 9 22 10 40 12 38 14 33) 5 (4 36 5 46 7 45 13 27 14 32) 10 (2 22 3 15 5 16 6 15 7 20 9 14 10 21 11 15 12 23 13 14) 5 (1 33 2 25 7 32 12 34 13 30) 8 (1 20 4 19 9 19 10 21 11 21 12 19 13 16 14 18) 6 10 (1 43 2 31 3 44 4 40 5 40 7 38 8 39 9 39 11 34 15 36) 6 (2 27 3 38 5 33 6 34 7 27 15 31) 9 (5 17 7 14 8 21 9 17 10 14 11 14 13 16 14 17 15 15) 3 (2 36 3 39 8 36) 8 (1 31 2 36 3 31 7 38 12 34 13 34 14 32 15 30) 7 (2 15 3 15 4 11 5 12 6 14 9 10 13 12)
15 7 3 (7 10 8 12 10 13) 7 (3 31 5 26 6 20 8 26 9 26 10 26 12 29) 5 (5 19 7 16 10 17 11 10 14 16) 7 (1 23 2 19 3 26 6 21 8 28 14 22 15 23) 3 (9 11 11 12 12 11) 5 (1 19 6 15 7 17 8 19 15 20) 7 (2 13 4 11 5 8 6 11 8 16 12 10 14 10) 8 2 (9 18 14 17) 4 (4 22 5 22 11 25 14 23) 4 (2 13 7 14 10 15 14 10) 8 (2 29 3 28 7 39 8 28 9 27 11 30 14 33 15 31) 8 (1 35 4 29 8 34 9 34 10 26 11 31 12 29 14 36) 5 (2 25 6 28 8 24 11 33 13 30) 9 (1 10 4 12 5 12 7 9 11 13 12 12 13 10 14 15 15 13) 6 (1 23 3 18 10 21 11 24 12 19 14 25)
15 8 8 (3 26 7 17 9 23 10 21 11 22 12 19 13 22 15 27) 10 (1 12 2 16 4 16 5 17 7 13 9 14 10 12 12 14 14 18 15 16) 6 (3 16 4 21 7 17 10 18 13 17 15 16) 9 (2 31 3 32 6 25 7 27 10 26 11 27 13 41 14 44 15 32) 8 (1 20 2 18 5 21 7 16 8 19 11 20 12 16 13 21) 10 (1 23 2 23 7 23 8 17 9 26 11 21 12 20 13 17 14 21 15 26) 6 (4 9 5 11 6 15 9 10 12 14 14 12) 2 (2 19 3 17) 7 10 (2 34 4 35 7 35 8 29 9 28 10 30 11 32 12 33 13 28 15 25) 7 (6 28 8 30 9 24 10 42 11 27 14 30 15 29) 10 (1 27 3 29 4 30 5 37 7 26 8 25 9 29 11 25 13 28 15 32) 2 (4 25 8 20) 9 (2 35 3 38 5 32 6 29 8 30 9 31 10 41 14 42 15 34) 5 (4 32 6 37 10 37 13 32 15 30) 10 (2 13 3 20 4 17 6 20 7 20 8 20 9 18 11 16 12 22 13 16)
15 11 2 (12 23 14 29) 7 (2 28 8 22 9 23 10 29 11 31 13 24 15 26) 5 (1 30 4 37 6 28 13 17 14 31) 6 (1 36 7 38 9 37 12 37 13 39 14 27) 10 (1 17 6 16 7 19 8 22 10 19 11 22 12 17 13 16 14 20 15 15) 5 (1 12 2 10 4 14 12 12 15 10) 5 (2 14 4 11 7 8 8 14 10 9) 4 (5 25 8 23 12 28 13 28) 4 (4 17 5 27 11 32 15 21) 3 (8 49 11 32 14 38) 7 (1 19 3 18 4 18 9 22 11 21 13 20 14 20) 4 4 (7 25 10 22 11 19 13 24) 9 (3 15 4 21 5 15 7 15 8 19 9 18 11 12 13 19 14 13) 3 (8 13 12 10 15 11) 3 (3 40 14 27 15 42)
15 13 8 (1 15 3 13 4 13 5 18 6 15 9 18 13 17 14 17) 5 (4 27 7 19 9 29 14 28 15 27) 9 (2 22 3 27 4 16 5 28 6 25 7 24 9 26 13 23 15 20) 7 (1 35 3 42 4 38 5 34 6 29 7 24 13 30) 8 (1 14 4 7 5 14 8 13 9 17 12 12 13 12 15 14) 8 (1 35 3 38 4 39 6 41 7 45 9 35 11 37 14 45) 9 (1 10 3 10 6 12 7 9 8 13 10 11 11 9 12 8 15 10) 4 (4 29 5 31 8 40 13 39) 10 (2 21 3 22 4 29 6 23 8 29 9 30 10 27 11 26 12 30 14 27) 8 (1 23 2 22 3 20 5 11 7 19 8 18 10 18 11 22) 8 (1 33 2 36 3 38 4 35 7 37 8 25 9 28 15 33) 6 (4 22 8 23 9 24 11 17 12 18 15 27) 2 (9 17 14 13) 2 5 (1 16 2 18 9 21 11 15 12 17) 5 (1 18 2 21 5 21 7 18 15 22)
15 11 9 (2 12 4 15 5 16 6 14 8 10 10 16 12 14 13 16 15 16) 10 (1 14 2 11 3 14 6 15 8 11 10 12 11 12 12 13 13 11 15 13) 10 (1 34 2 39 4 29 5 32 6 32 7 23 8 31 12 32 13 40 14 43) 3 (5 16 7 14 15 14) 4 (7 25 9 21 11 21 12 18) 9 (3 23 5 30 6 26 8 22 9 27 10 15 11 18 13 29 15 29) 9 (1 25 2 31 3 32 4 23 9 31 10 24 13 33 14 26 15 29) 3 (9 28 12 25 13 21) 8 (1 39 3 32 5 34 6 30 9 36 10 39 13 33 15 33) 7 (1 23 3 20 5 21 6 24 10 23 13 22 15 24) 2 (3 19 7 9) 4 9 (1 23 3 42 4 36 5 32 7 26 8 34 9 31 10 21 12 34) 3 (5 24 9 27 15 32) 2 (9 13 10 14) 7 (2 33 6 28 7 42 10 35 11 38 12 31 13 38)
15 9 5 (2 38 4 31 7 50 8 41 15 36) 7 (4 35 5 30 9 35 10 24 11 23 12 23 14 32) 9 (2 33 4 28 5 31 6 29 8 27 10 28 11 26 14 24 15 29) 10 (2 21 5 26 6 16 7 21 8 19 10 16 11 20 12 17 14 23 15 19) 4 (1 34 9 30 12 33 14 24) 9 (3 34 4 31 6 35 7 33 8 38 9 30 10 38 12 29 15 26) 2 (2 33 13 34) 7 (1 23 3 27 5 34 6 30 8 32 11 38 13 35) 9 (2 17 3 19 4 23 5 21 8 24 10 21 11 17 12 23 14 15) 6 7 (3 13 4 9 7 13 9 15 11 12 14 8 15 12) 9 (1 25 3 18 4 35 6 25 7 26 8 30 10 34 11 28 15 21) 9 (1 10 2 9 3 15 5 11 6 10 8 12 9 9 11 12 14 15) 9 (2 34 5 29 6 41 7 40 8 30 11 39 13 37 14 39 15 43) 9 (2 16 3 13 5 9 6 13 7 13 8 16 11 12 13 15 14 12) 3 (3 33 13 38 15 35)
15 15 10 (1 18 2 26 5 25 6 21 7 30 8 26 9 22 11 25 12 25 14 23) 6 (1 31 5 43 6 33 7 23 8 26 10 37) 8 (2 41 3 41 5 43 7 41 8 36 10 41 12 39 14 33) 6 (1 39 4 39 9 48 10 45 11 31 12 29) 6 (5 15 6 17 8 16 11 23 12 26 13 21) 3 (2 37 10 35 14 34) 4 (4 33 8 26 9 19 11 29) 9 (3 33 6 22 7 27 9 23 11 23 12 26 13 30 14 29 15 28) 3 (1 32 2 42 15 40) 5 (2 13 8 13 10 13 12 12 13 13) 6 (1 13 2 14 6 13 7 10 9 18 14 13) 5 (3 28 5 33 8 24 10 28 11 29) 10 (1 14 2 19 3 25 5 18 6 11 8 16 10 18 11 23 12 20 14 18) 8 (4 26 6 21 8 21 9 23 12 22 13 23 14 35 15 22) 5 (3 17 5 16 7 14 10 16 13 12)
15 7 4 (4 32 7 40 8 38 14 31) 5 (1 34 9 33 10 39 13 26 15 35) 7 (3 37 4 30 5 36 6 27 11 33 13 26 15 34) 3 (6 15 8 21 15 14) 10 (1 34 2 42 3 34 5 40 6 38 9 39 11 42 12 31 13 36 14 44) 6 (2 34 3 35 5 33 9 34 12 42 14 38) 4 (3 16 6 17 7 15 11 19) 8 7 (1 20 5 21 8 25 10 28 11 25 12 22 13 32) 4 (1 29 9 27 14 29 15 34) 5 (3 17 4 12 6 14 9 14 12 16) 9 (5 16 6 16 8 15 9 15 10 17 11 13 12 21 14 14 15 18) 4 (2 21 5 18 7 20 10 19) 7 (1 40 4 43 6 37 9 41 12 42 14 37 15 34) 6 (3 40 5 39 6 44 10 32 13 25 15 29) 4 (4 45 5 39 13 32 15 47)
