15 15
13 13 15 10 9 10 9 12 15 9 12 8 12 9 10
1 1 4 3 2 2 2 1 3 1 4 2 2 3 2
15 11 5 (3 25 7 18 8 36 10 24 14 22) 9 (1 59 4 61 5 58 6 68 9 74 11 42 12 54 13 57 14 69) 8 (1 37 4 40 5 39 6 42 7 33 8 38 9 37 10 40) 5 (1 85 4 91 9 74 11 78 12 77) 6 (1 25 2 20 5 23 9 25 11 21 13 30) 9 (1 63 2 72 5 52 7 73 8 68 10 85 12 75 14 53 15 78) 10 (1 26 3 32 4 31 5 28 8 26 9 26 11 29 13 27 14 33 15 32) 9 (1 13 3 17 4 12 5 15 8 18 11 12 12 15 13 17 15 16) 3 (1 60 2 52 4 47) 3 (4 98 6 95 13 97) 7 (2 40 3 38 5 39 6 37 11 47 14 36 15 35) 4 4 (2 88 3 76 5 66 7 92) 4 (1 79 8 65 9 63 13 65) 8 (1 42 3 52 4 46 5 39 7 42 8 60 12 29 14 49) 2 (2 101 10 92)
20 15 9 (2 83 3 56 5 77 7 86 8 73 9 88 11 72 13 79 15 45) 6 (4 42 5 29 8 32 11 22 13 35 15 40) 6 (6 82 7 101 10 128 11 105 13 82 14 87) 6 (3 15 4 11 6 14 10 14 13 17 15 17) 3 (2 22 12 21 15 25) 5 (3 85 8 93 10 95 11 86 12 110) 3 (4 24 10 16 13 22) 2 (2 64 11 64) 3 (7 40 12 35 13 40) 8 (3 66 6 61 7 64 8 89 9 46 10 46 11 56 15 60) 7 (1 56 4 39 7 43 8 49 10 44 13 48 14 44) 9 (1 45 2 61 5 48 8 51 10 63 11 50 13 53 14 60 15 57) 4 (4 42 8 40 9 44 10 33) 5 (5 54 6 39 9 56 10 44 15 50) 5 (1 67 5 68 11 77 12 78 13 63) 5 10 (1 75 2 84 4 67 7 76 8 53 9 53 10 71 11 49 12 62 15 81) 8 (4 88 6 76 7 85 8 84 9 64 10 89 14 80 15 94) 4 (1 79 4 90 12 75 13 79) 9 (4 55 6 43 7 50 8 42 9 40 10 48 11 40 13 41 14 52) 8 (2 71 4 111 6 88 8 73 9 77 10 103 12 101 15 106)
23 18 8 (1 56 2 69 3 85 6 72 7 86 9 73 12 74 15 75) 10 (2 20 4 31 6 27 7 23 8 18 10 26 11 20 13 27 14 27 15 30) 9 (1 59 2 93 4 123 6 78 10 87 11 84 13 90 14 94 15 87) 6 (3 79 4 77 7 59 10 108 14 84 15 66) 2 (4 54 9 52) 9 (1 51 2 69 3 67 4 50 5 49 6 70 8 44 9 71 10 51) 10 (1 56 3 64 6 57 7 48 8 65 9 53 11 44 12 56 13 54 15 56) 4 (4 34 8 30 12 38 13 34) 8 (1 79 2 79 4 78 5 93 7 95 8 118 11 85 14 96) 6 (1 40 2 42 4 36 8 44 13 26 15 35) 4 (3 57 5 66 10 67 14 44) 8 (1 75 2 90 4 57 7 64 9 74 10 88 11 65 12 64) 9 (1 55 2 79 4 59 6 63 8 56 10 53 11 66 13 45 14 63) 6 (1 58 3 62 4 47 6 63 7 48 15 56) 5 (2 28 4 36 5 35 9 39 14 32) 7 (1 23 5 23 6 24 7 21 9 23 11 28 14 23) 3 (1 34 9 38 12 40) 7 (1 65 3 67 5 70 8 75 10 76 11 58 14 74) 5 3 (4 87 6 68 15 86) 5 (1 66 3 45 8 72 9 82 13 66) 5 (6 58 9 69 11 88 12 66 14 74) 6 (3 37 5 37 6 48 7 41 9 39 10 38) 8 (5 65 6 64 8 60 9 57 10 59 12 52 13 68 15 47)
18 12 2 (3 56 4 70) 2 (5 66 12 70) 8 (1 105 2 110 4 82 8 96 9 80 11 98 12 89 15 94) 5 (1 30 6 38 9 24 11 30 12 31) 4 (6 68 10 39 12 75 14 56) 6 (2 18 3 25 4 28 8 25 9 19 15 19) 6 (2 60 5 58 7 58 10 54 13 54 15 54) 2 (7 36 13 36) 10 (2 72 3 96 5 84 6 99 8 89 9 105 10 76 11 101 13 94 14 99) 10 (1 28 2 35 3 38 5 37 7 33 9 30 11 35 12 36 14 34 15 34) 5 (3 82 6 54 7 58 9 76 13 65) 8 (2 37 3 38 6 33 8 47 10 42 13 45 14 40 15 33) 6 5 (1 63 6 85 8 63 10 62 14 70) 2 (2 125 14 116) 4 (2 65 8 66 11 59 15 54) 8 (2 85 3 83 4 72 5 100 8 83 9 102 12 80 13 92) 4 (2 46 4 48 7 48 13 64) 6 (1 38 3 29 4 31 6 36 8 35 13 40)
21 10 7 (1 48 2 52 4 58 7 49 12 48 14 61 15 50) 2 (1 115 7 83) 6 (5 49 9 52 10 43 11 34 12 38 14 55) 6 (5 59 7 61 8 102 10 86 11 69 15 96) 10 (1 32 2 50 3 41 4 36 5 50 7 39 8 37 9 31 12 35 13 48) 8 (2 95 4 90 5 97 7 100 11 67 12 90 14 101 15 96) 6 (1 57 3 48 4 53 8 50 11 51 15 55) 7 (1 105 2 93 3 80 4 85 6 93 10 87 14 103) 9 (2 52 3 75 4 54 5 52 6 56 9 49 11 57 13 56 14 54) 5 (2 36 6 30 9 32 10 33 13 42) 11 8 (1 50 5 63 6 56 7 47 8 54 9 52 10 71 13 41) 2 (13 95 15 108) 9 (1 63 2 58 4 73 5 65 6 78 7 72 11 68 13 70 14 70) 8 (3 60 5 52 6 79 7 73 8 50 9 52 10 66 11 69) 6 (1 102 5 105 8 103 9 99 13 111 15 76) 4 (3 56 6 35 12 58 15 39) 10 (1 105 4 101 5 104 7 101 9 98 10 94 11 87 12 110 14 90 15 97) 2 (11 36 13 50) 5 (4 88 5 79 9 92 10 79 15 89) 5 (2 67 3 60 6 67 7 82 11 68) 6 (5 18 6 23 7 23 11 23 13 19 14 22)
15 10 7 (1 27 3 30 4 29 5 16 6 26 13 31 14 26) 10 (1 33 4 35 6 23 8 30 9 18 10 25 11 19 12 29 13 38 14 34) 9 (1 21 2 23 3 18 4 18 6 22 7 17 11 24 12 20 13 25) 2 (8 96 11 78) 8 (2 78 3 89 4 108 9 82 11 103 12 90 14 89 15 89) 9 (1 55 3 63 5 73 6 60 8 52 9 63 13 71 14 78 15 58) 2 (6 18 15 20) 7 (1 69 2 62 7 108 8 73 11 73 12 90 15 105) 9 (2 24 4 38 5 52 6 43 7 45 8 29 9 36 12 35 13 38) 3 (6 46 8 78 15 66) 5 10 (1 41 4 48 5 49 6 41 8 37 9 39 10 31 11 49 12 50 14 46) 10 (1 66 5 89 6 101 7 77 8 75 9 82 11 86 13 102 14 102 15 93) 6 (1 28 2 27 4 27 6 25 10 21 13 21) 6 (2 34 4 34 9 29 12 37 13 34 14 33) 3 (4 78 8 75 15 95)
17 16 3 (2 89 3 77 14 74) 10 (1 92 3 73 6 85 7 82 8 84 10 77 11 101 13 97 14 78 15 93) 2 (1 67 9 49) 6 (1 34 3 31 4 37 7 43 8 32 12 39) 9 (1 45 5 40 6 54 7 54 8 44 9 54 10 54 11 43 15 52) 5 (1 61 4 59 12 66 13 54 15 54) 7 (2 57 5 56 7 70 9 47 10 60 11 50 14 42) 8 (1 114 5 64 6 93 8 94 9 98 10 104 13 89 14 100) 10 (2 70 3 58 4 70 5 64 7 53 10 84 11 56 12 64 13 58 14 76) 7 (1 71 3 83 5 67 6 98 9 61 10 84 15 66) 2 (2 18 10 15) 2 (5 40 15 37) 3 (1 53 2 71 8 45) 3 (1 51 8 40 13 32) 4 (1 19 2 24 13 24 15 15) 8 (4 52 5 56 6 56 9 36 11 61 12 50 13 48 15 67) 1 6 (2 84 4 73 6 105 8 87 11 78 13 82)
25 24 4 (1 48 3 50 7 51 11 53) 8 (1 86 2 77 3 63 5 69 6 94 11 82 12 84 15 83) 3 (8 27 9 35 14 36) 6 (7 72 8 45 9 57 11 43 13 52 15 63) 6 (1 39 2 47 3 41 7 69 8 47 15 50) 6 (3 47 5 37 6 38 7 37 9 44 13 39) 9 (1 75 2 75 4 82 5 61 9 52 11 79 12 84 14 75 15 69) 6 (6 39 7 51 8 43 11 33 12 33 14 39) 6 (2 74 3 78 8 63 9 80 10 75 12 70) 10 (1 52 2 64 5 68 6 57 7 73 9 70 10 44 13 61 14 69 15 53) 5 (1 41 5 39 7 45 10 54 14 46) 3 (2 14 7 15 10 17) 10 (2 31 3 33 5 26 6 33 7 32 8 32 9 34 12 27 13 35 14 41) 8 (4 48 5 33 6 43 8 46 9 38 10 44 14 40 15 42) 8 (2 51 3 92 4 75 5 80 6 81 9 83 13 83 14 104) 5 (2 48 3 49 7 76 14 75 15 56) 10 (1 35 4 46 6 43 7 38 8 42 10 41 11 49 12 46 13 32 15 37) 10 (1 73 3 72 4 67 5 73 6 75 7 65 9 56 10 58 12 88 14 62) 6 (3 37 6 34 7 29 11 24 12 30 13 25) 2 (12 22 13 29) 2 (3 66 5 74) 2 (10 52 11 59) 9 (1 67 2 63 4 79 7 59 8 44 9 78 11 60 13 48 14 58) 4 (1 40 3 38 5 55 7 39) 1 6 (3 46 4 45 5 43 7 45 13 37 15 50)
23 16 2 (1 77 14 72) 9 (3 39 4 53 6 29 8 44 9 37 10 49 11 43 13 43 14 40) 2 (6 91 12 59) 6 (1 62 2 42 3 55 7 49 14 34 15 62) 10 (1 65 4 69 5 68 6 79 8 76 9 85 12 89 13 101 14 73 15 84) 3 (3 37 8 32 12 34) 2 (5 81 6 75) 6 (3 41 5 39 7 40 8 41 9 31 13 40) 4 (7 71 8 85 11 94 12 87) 5 (2 38 3 59 4 43 9 44 12 36) 4 (3 20 5 28 6 23 11 25) 7 (2 60 7 51 8 70 10 43 11 49 12 52 13 84) 5 (1 96 7 80 8 93 10 108 14 94) 10 (2 21 3 22 4 20 5 22 6 16 8 24 9 21 10 22 11 28 13 24) 4 (1 37 5 40 9 38 11 31) 2 (1 87 9 88) 7 2 (13 80 15 88) 9 (3 47 4 55 5 52 8 40 9 55 10 49 11 40 13 64 15 40) 9 (1 60 2 83 3 76 4 90 9 77 10 68 11 98 13 95 15 70) 4 (2 42 8 37 9 42 11 46) 3 (1 41 2 55 3 53) 6 (5 61 9 58 10 39 11 64 12 61 14 67) 5 (3 30 5 34 9 31 11 24 15 32)
19 11 9 (1 70 3 71 4 51 8 76 9 69 10 56 13 75 14 62 15 64) 8 (2 60 3 56 4 40 7 54 8 49 9 60 11 57 15 55) 10 (1 105 4 68 5 64 6 83 7 100 8 101 10 78 11 93 14 103 15 108) 5 (1 34 4 31 5 32 9 38 12 37) 6 (1 90 3 66 4 90 6 92 7 78 12 86) 10 (1 53 2 49 4 40 5 44 6 52 7 36 10 48 12 45 13 54 15 41) 9 (3 40 4 44 5 42 6 44 7 44 8 38 10 42 14 37 15 41) 6 (1 47 3 34 4 36 8 46 12 46 15 53) 3 (5 90 7 73 15 108) 6 (2 69 5 58 10 74 11 73 13 57 14 63) 10 (1 57 4 66 5 63 7 54 8 60 10 60 11 59 13 57 14 65 15 70) 8 4 (3 82 7 66 8 84 11 84) 6 (2 21 3 30 9 28 10 33 12 20 15 24) 6 (2 52 6 56 7 53 9 52 11 55 14 53) 9 (1 22 4 23 5 27 7 22 8 20 9 21 10 21 12 25 15 26) 7 (1 43 3 46 6 51 7 42 8 45 10 38 14 35) 2 (3 30 8 29) 7 (1 79 3 86 4 82 6 86 10 71 12 66 13 61) 6 (3 87 4 84 5 100 7 95 8 88 10 97)
19 16 10 (1 66 2 79 3 86 5 77 6 73 8 59 10 76 13 71 14 55 15 77) 9 (1 104 4 101 5 95 6 71 7 107 9 93 10 99 12 90 14 80) 7 (1 55 2 45 5 57 6 37 10 38 11 59 13 51) 10 (1 72 2 72 4 97 8 67 9 70 10 78 11 87 13 88 14 84 15 79) 4 (7 80 12 64 13 55 15 56) 5 (2 53 5 61 11 64 12 62 13 60) 3 (8 75 13 93 15 73) 3 (1 58 2 49 5 50) 8 (1 99 2 82 7 80 9 88 11 77 12 100 13 84 14 84) 9 (2 61 4 67 5 70 7 60 9 68 10 75 11 51 12 70 14 68) 4 (2 32 5 41 8 46 15 53) 9 (1 81 2 95 4 99 5 111 7 93 8 98 9 80 11 81 15 96) 5 (3 90 4 96 7 86 12 75 14 86) 6 (2 26 4 36 6 40 8 31 12 39 15 49) 7 (1 67 2 54 3 73 8 64 9 62 12 81 14 73) 6 (2 18 4 17 5 23 10 20 12 12 14 19) 3 2 (9 71 11 46) 4 (1 22 4 16 9 21 14 21) 4 (4 62 9 59 12 44 15 50)
21 15 5 (1 24 2 25 11 17 13 24 15 30) 4 (1 106 9 91 10 102 12 68) 7 (2 22 3 20 5 23 7 18 8 24 14 16 15 21) 4 (3 68 7 82 11 82 14 72) 3 (8 48 11 65 14 44) 3 (2 43 3 60 9 51) 3 (3 74 11 49 15 54) 6 (1 18 3 25 5 23 7 17 14 29 15 20) 10 (2 52 4 54 6 78 7 75 8 58 10 81 11 70 13 83 14 79 15 56) 6 (1 64 2 66 3 59 6 76 9 92 12 81) 7 (4 49 5 47 6 41 11 43 12 42 13 46 14 50) 5 (1 60 2 36 5 46 12 55 15 51) 2 (5 30 8 39) 7 (1 17 5 17 7 16 8 14 12 15 14 15 15 15) 6 (2 93 3 51 8 93 13 86 14 80 15 84) 6 9 (1 8 2 12 4 6 6 13 8 15 10 14 12 11 13 11 14 13) 8 (1 104 3 90 4 60 5 82 6 79 8 95 14 98 15 88) 5 (4 32 7 21 10 28 11 25 15 25) 9 (3 71 4 90 5 84 6 81 8 88 9 92 11 83 12 67 14 77) 3 (8 40 11 46 12 50) 4 (2 32 3 37 5 50 8 38)
16 12 6 (1 41 3 48 10 41 13 53 14 29 15 48) 8 (1 37 3 49 5 56 9 48 10 61 11 46 12 47 14 74) 8 (1 49 3 62 4 59 5 47 6 53 8 45 13 61 14 70) 5 (2 63 3 70 5 68 9 65 12 66) 2 (2 23 12 30) 10 (1 103 3 87 4 113 5 107 6 106 7 117 9 101 11 78 12 74 15 96) 2 (2 90 12 90) 2 (13 36 15 51) 2 (9 56 13 65) 6 (1 78 2 44 3 71 11 94 12 96 13 73) 2 (3 79 7 92) 5 (2 96 6 76 8 85 11 52 15 88) 4 6 (1 78 2 91 3 95 8 96 11 83 15 87) 10 (3 46 4 64 5 62 6 45 7 59 8 47 9 55 10 54 12 45 13 65) 2 (9 19 15 16) 6 (3 76 5 80 7 103 8 100 10 87 13 87)
16 16 3 (2 62 3 66 7 49) 10 (1 60 6 61 7 66 8 88 10 86 11 62 12 51 13 89 14 78 15 90) 2 (3 91 10 102) 7 (1 46 2 48 4 43 9 53 12 38 13 42 14 46) 5 (3 47 5 65 6 57 9 58 15 65) 10 (1 60 3 71 4 49 6 57 7 71 8 64 9 62 10 51 11 55 12 67) 6 (2 24 7 34 9 27 11 29 14 34 15 21) 4 (1 55 6 105 8 79 13 91) 6 (1 20 2 21 6 18 9 22 12 23 15 21) 8 (3 16 4 20 6 14 7 17 10 14 11 20 14 18 15 18) 2 (8 72 10 65) 4 (4 61 5 69 10 63 14 55) 10 (1 32 3 50 5 58 6 43 7 47 8 51 9 43 10 50 13 38 14 45) 4 (1 53 11 55 12 59 14 57) 5 (2 84 7 67 12 75 14 81 15 66) 10 (1 60 3 69 4 66 6 45 8 61 9 55 10 52 11 47 12 52 15 50)
25 21 6 (1 30 3 24 5 28 8 27 10 36 13 25) 7 (5 48 7 64 9 30 10 51 11 54 12 66 15 41) 4 (2 84 6 84 9 62 13 58) 6 (1 24 2 30 3 24 4 22 5 33 7 19) 8 (2 31 7 34 9 39 10 33 11 44 12 36 13 35 14 41) 10 (2 14 5 11 6 14 7 15 9 16 10 13 11 15 13 13 14 14 15 13) 4 (6 47 10 44 12 43 14 37) 7 (3 27 4 22 5 25 6 23 9 25 11 19 14 20) 8 (6 55 7 79 8 77 9 77 10 72 11 70 12 81 13 86) 7 (1 30 3 37 4 31 5 47 7 34 12 27 13 50) 6 (1 110 4 101 7 81 8 74 9 77 14 87) 3 (8 20 10 19 11 16) 4 (1 64 2 47 12 41 14 57) 10 (1 41 2 38 3 48 4 48 5 38 9 47 10 36 12 58 13 52 14 39) 8 (1 73 3 89 6 65 7 96 8 103 9 88 12 96 14 69) 10 (1 72 2 72 3 79 5 77 6 79 8 86 10 82 12 62 14 56 15 87) 5 (1 69 4 82 7 59 10 67 13 79) 6 (1 100 2 75 6 81 9 77 11 72 13 82) 8 (1 36 4 39 7 40 8 33 9 27 11 43 12 38 14 34) 7 (1 57 3 44 5 55 7 57 11 52 13 60 14 67) 2 (3 28 6 18) 4 6 (5 51 7 53 11 32 12 47 14 42 15 50) 5 (4 33 5 35 6 29 13 41 15 32) 5 (7 49 9 54 10 47 12 52 14 49) 6 (1 37 4 41 5 37 7 35 14 31 15 34)
