15 15
11 9 15 10 9 10 13 9 14 13 10 14 15 12 11
2 3 4 2 2 2 3 3 3 1 4 4 3 3 2
15 14 5 (4 36 8 30 10 32 12 36 15 28) 4 (4 60 8 42 13 61 14 71) 7 (1 37 4 39 7 35 10 33 11 38 13 30 15 33) 10 (1 67 3 92 4 49 8 83 9 85 10 94 11 97 13 63 14 93 15 75) 4 (2 24 9 27 10 21 12 22) 10 (1 66 2 83 3 67 7 69 8 73 9 71 10 67 11 62 13 45 15 68) 3 (2 33 12 33 15 27) 7 (3 8 4 15 5 14 10 15 11 15 14 9 15 9) 6 (4 60 6 71 9 66 10 58 11 65 15 68) 2 (1 85 7 106) 9 (1 43 4 41 7 40 8 36 9 48 10 44 11 59 14 42 15 42) 9 (1 115 2 87 5 69 6 108 7 83 9 94 10 97 12 68 14 95) 2 (8 57 15 78) 9 (2 41 3 42 5 45 6 46 7 41 9 38 10 59 11 56 14 48) 1 7 (2 87 5 90 6 107 8 95 9 88 10 100 15 93)
20 17 10 (1 88 3 102 6 69 7 80 8 69 9 72 10 85 11 46 12 85 13 78) 10 (1 33 2 35 3 25 4 24 5 26 6 27 7 29 9 27 13 28 15 27) 8 (1 110 2 94 3 85 9 92 11 62 13 94 14 114 15 88) 3 (5 15 6 16 12 13) 7 (2 25 3 25 6 22 8 24 9 23 12 26 15 21) 10 (1 77 2 93 3 71 7 90 8 86 10 66 11 93 13 101 14 104 15 90) 9 (1 21 2 32 3 22 5 27 6 25 7 29 11 28 13 17 14 20) 8 (1 55 2 76 7 66 9 73 10 99 11 84 12 79 15 72) 9 (1 35 3 41 6 34 7 30 8 30 9 35 11 35 13 31 14 34) 7 (2 67 3 85 5 71 6 67 8 59 9 70 10 57) 7 (3 50 6 35 7 44 10 36 11 52 12 50 13 49) 4 (5 61 8 51 9 48 15 62) 5 (1 37 3 35 7 37 9 43 15 38) 7 (1 45 3 53 4 50 5 47 10 48 12 40 13 40) 2 (6 74 8 77) 6 (3 79 8 75 9 63 12 70 13 96 15 69) 7 (3 63 6 86 9 58 10 86 12 70 13 50 14 80) 3 4 (3 85 7 74 12 82 15 80) 10 (1 43 2 41 3 45 4 30 6 38 8 44 10 38 12 40 13 35 15 40) 6 (1 88 4 82 8 73 12 85 13 115 14 66)
23 18 2 (3 62 4 79) 7 (1 21 3 30 4 24 8 23 9 24 13 31 15 27) 10 (1 72 2 85 3 72 4 92 6 108 7 72 9 60 11 76 14 92 15 87) 3 (4 68 5 63 7 70) 8 (4 35 5 50 7 41 9 36 11 46 13 33 14 33 15 40) 9 (3 58 4 55 5 60 6 70 9 65 10 64 11 60 13 68 14 67) 10 (2 56 3 51 4 57 5 56 7 52 9 56 12 63 13 44 14 63 15 51) 9 (2 35 4 28 6 29 9 39 11 39 12 35 13 35 14 37 15 34) 3 (1 128 10 84 13 73) 10 (1 43 2 34 3 29 5 38 8 41 10 28 12 37 13 34 14 28 15 46) 4 (8 61 10 59 12 70 14 65) 3 (1 70 2 94 12 68) 9 (3 62 4 66 7 67 8 67 9 56 11 81 12 53 13 57 14 55) 3 (3 59 11 73 12 58) 5 (1 30 2 24 6 24 8 24 12 28) 7 (2 20 4 27 7 30 10 24 11 22 12 26 14 21) 10 (1 30 2 36 3 44 4 34 7 42 11 32 12 29 13 36 14 37 15 39) 8 (1 61 2 76 5 90 6 76 10 77 12 74 13 70 14 72) 5 5 (2 59 3 60 6 84 11 94 13 84) 9 (1 96 5 70 6 60 8 75 9 80 10 58 11 85 14 72 15 70) 10 (1 53 3 60 4 61 5 66 6 68 8 57 9 58 12 62 13 51 14 58) 8 (1 41 5 53 6 55 10 40 11 46 13 40 14 43 15 40) 7 (1 61 3 55 6 61 11 56 12 67 14 59 15 54)
18 14 9 (1 53 2 83 3 64 6 65 7 50 10 67 11 83 13 50 15 56) 6 (1 63 2 50 6 58 8 56 14 65 15 80) 2 (11 96 14 101) 4 (1 42 2 29 8 33 14 21) 5 (3 80 4 55 7 50 11 60 13 64) 10 (1 14 2 22 3 23 4 28 5 23 6 20 7 24 8 18 11 23 15 24) 6 (1 61 2 68 3 67 4 61 8 59 14 55) 6 (1 36 6 31 8 36 9 24 10 33 15 37) 5 (1 97 2 113 9 85 11 87 14 82) 10 (1 32 5 33 6 35 8 35 9 41 10 25 12 35 13 38 14 34 15 41) 2 (10 52 12 76) 4 (5 36 8 42 9 45 14 48) 7 (4 44 5 48 6 65 7 66 8 51 9 55 14 75) 9 (1 82 2 113 6 96 8 117 10 114 11 84 12 91 13 79 14 101) 4 10 (2 73 3 57 4 67 5 87 6 52 7 77 8 74 12 86 13 49 14 62) 3 (4 111 11 89 15 77) 6 (4 39 8 34 9 42 11 42 14 39 15 41) 9 (1 44 4 40 5 22 6 37 8 33 9 34 10 37 11 32 15 35)
21 14 5 (7 50 8 51 9 48 14 54 15 51) 4 (1 90 3 93 4 85 10 69) 9 (1 43 3 29 5 47 8 30 9 43 11 36 13 41 14 32 15 39) 5 (1 87 3 71 4 77 7 74 15 70) 3 (8 33 11 50 14 38) 5 (3 104 6 103 7 84 14 89 15 66) 6 (2 64 5 61 11 52 12 50 13 63 14 71) 7 (5 80 6 94 11 109 12 87 13 91 14 82 15 119) 10 (3 40 4 41 5 56 6 50 7 39 8 60 9 48 10 48 14 49 15 41) 3 (1 19 2 37 10 32) 10 (1 66 3 51 5 61 6 58 7 59 8 59 9 47 10 46 11 51 13 57) 6 (1 102 2 107 5 77 9 111 12 85 14 62) 9 (1 66 2 61 3 76 4 72 6 73 7 81 8 69 11 71 12 68) 6 (3 60 4 50 7 51 9 55 10 49 13 69) 7 7 (1 102 5 106 7 100 8 90 10 104 11 92 15 105) 4 (4 34 6 33 10 31 15 34) 2 (4 91 6 83) 3 (6 59 11 68 12 89) 6 (2 78 8 85 9 72 12 91 13 69 14 106) 2 (5 85 9 80) 6 (2 22 7 23 8 18 10 17 11 16 15 22)
15 13 9 (1 37 2 24 3 37 6 33 9 39 11 26 12 30 13 24 15 34) 9 (1 25 6 24 7 42 10 34 11 34 12 27 13 22 14 36 15 28) 9 (1 27 7 25 8 8 10 26 11 21 12 25 13 23 14 26 15 24) 2 (1 79 13 102) 5 (1 82 6 83 8 84 11 82 12 80) 2 (4 57 14 61) 6 (1 26 2 21 3 17 5 15 7 23 9 17) 10 (3 82 4 88 5 93 6 47 8 100 10 80 11 77 12 97 13 77 15 87) 2 (11 36 14 44) 8 (1 69 5 55 6 83 7 80 9 50 13 79 14 74 15 68) 8 (1 37 3 35 4 37 5 39 7 46 10 44 13 36 14 44) 6 (1 101 4 123 8 108 12 101 13 127 15 77) 5 (1 22 5 35 10 23 14 24 15 31) 2 4 (5 37 8 34 11 34 15 29) 7 (2 82 4 90 9 88 10 89 11 87 13 109 15 74)
17 13 8 (1 71 3 74 4 77 6 62 7 63 9 65 13 60 15 59) 10 (2 94 4 71 5 84 7 72 8 58 9 80 10 88 13 83 14 57 15 101) 8 (2 58 3 45 5 34 7 62 8 45 11 41 12 65 14 57) 2 (1 39 8 33) 4 (5 49 8 66 10 48 14 53) 4 (9 63 10 50 13 56 14 92) 2 (1 62 12 63) 6 (3 72 5 99 6 79 7 94 10 90 12 102) 9 (1 70 4 61 5 81 6 61 7 61 8 66 11 94 13 77 15 71) 5 (1 72 4 87 13 78 14 70 15 88) 2 (9 20 15 18) 3 (8 28 14 40 15 26) 9 (1 40 2 53 3 42 5 54 6 53 9 64 12 56 13 70 15 53) 4 6 (1 65 2 61 11 42 13 68 14 45 15 55) 10 (1 25 2 23 5 14 6 23 7 25 8 22 11 23 12 21 13 21 14 23) 10 (1 42 2 66 4 60 5 48 9 70 10 61 11 56 12 50 13 49 14 58) 2 (4 48 7 84)
25 22 9 (1 48 3 53 6 56 8 47 10 51 12 33 13 34 14 50 15 38) 3 (3 65 6 83 11 74) 4 (4 34 5 42 13 46 14 35) 6 (3 44 4 44 7 45 8 51 13 48 15 55) 8 (4 38 5 48 8 46 10 51 11 56 12 56 14 41 15 55) 10 (1 46 2 49 3 48 4 34 6 43 8 44 9 25 10 40 11 38 12 43) 6 (1 70 2 69 4 69 7 53 10 69 15 78) 10 (2 51 3 33 4 29 5 41 6 35 8 40 9 37 11 45 12 33 13 41) 9 (1 63 2 68 5 62 6 59 8 76 9 62 10 57 12 83 14 55) 7 (2 72 4 61 7 47 9 66 10 55 14 59 15 66) 2 (4 39 5 25) 2 (10 18 13 19) 9 (1 27 2 28 3 24 4 35 5 40 6 33 7 37 12 22 14 38) 7 (1 59 2 65 3 49 4 57 9 60 10 37 13 47) 8 (1 106 4 86 9 89 10 85 11 105 12 104 14 76 15 74) 6 (1 68 4 57 6 56 8 67 10 67 12 47) 5 (2 38 4 42 5 34 14 38 15 30) 4 (2 76 3 62 4 54 10 65) 2 (10 23 14 25) 7 (3 27 4 22 8 37 10 27 11 32 13 29 14 32) 10 (1 52 2 54 3 76 4 69 5 71 6 54 7 52 8 73 10 60 12 60) 6 (1 58 3 57 4 48 11 63 13 65 14 57) 3 9 (2 62 5 65 6 51 7 76 9 81 10 71 12 60 13 50 14 58) 7 (2 37 5 48 6 45 7 38 9 51 11 53 13 31) 3 (2 53 3 43 9 52)
23 19 5 (2 77 3 59 8 69 11 66 13 86) 8 (2 55 3 52 6 54 7 33 11 42 13 39 14 48 15 47) 4 (1 105 2 77 12 80 14 63) 3 (6 50 10 40 11 43) 6 (6 83 8 92 10 89 11 82 13 72 14 76) 10 (1 36 4 37 5 34 6 42 8 43 9 43 10 57 11 38 14 32 15 40) 4 (2 92 3 77 11 92 12 64) 5 (2 41 5 49 6 52 7 47 9 59) 4 (4 61 5 74 14 83 15 67) 10 (1 39 2 51 4 35 5 39 6 45 9 45 10 36 11 32 12 45 13 48) 7 (2 17 3 17 4 16 6 15 7 19 11 21 15 19) 9 (1 44 2 67 4 59 5 43 6 66 9 55 11 54 12 50 15 62) 4 (1 125 5 109 8 89 12 114) 3 (2 21 10 17 14 22) 10 (1 37 2 40 3 40 4 37 5 43 6 44 7 43 8 25 9 33 15 47) 5 (1 105 2 97 7 102 13 93 14 63) 10 (1 71 2 76 4 88 5 82 6 83 7 88 8 63 10 65 11 70 14 88) 4 (1 39 5 40 9 45 10 44) 8 (4 74 7 79 9 96 10 86 11 93 12 89 14 70 15 57) 4 3 (7 47 9 37 15 45) 7 (1 52 3 44 6 51 7 61 8 66 12 61 13 62) 9 (1 66 3 56 4 59 5 69 8 72 9 52 12 60 13 42 14 67) 4 (4 37 5 22 9 32 12 34)
19 18 4 (8 69 11 79 12 64 13 66) 7 (2 51 4 54 7 44 10 35 11 62 13 48 14 51) 6 (2 105 6 89 7 86 9 86 10 99 13 109) 8 (1 41 2 32 5 39 6 32 10 33 11 47 12 38 13 36) 2 (2 76 13 69) 5 (5 46 7 51 13 45 14 46 15 40) 7 (3 29 4 34 5 39 6 27 8 28 11 31 14 28) 6 (2 53 4 36 7 44 10 41 11 33 14 30) 9 (1 64 2 64 6 55 7 70 8 88 10 51 11 70 13 96 15 96) 3 (3 77 9 75 10 57) 4 (1 53 3 73 4 75 15 49) 3 (5 78 7 72 13 66) 2 (1 32 13 27) 6 (1 65 2 48 8 61 12 54 13 48 15 48) 9 (1 19 3 16 4 18 5 18 6 22 9 14 11 13 13 16 14 11) 7 (4 37 5 48 8 48 9 41 11 37 13 32 15 43) 9 (1 20 4 24 5 11 6 18 7 28 8 23 10 24 11 21 14 22) 8 (1 59 2 69 4 65 6 83 8 72 10 81 13 53 14 90) 1 7 (2 97 5 102 6 94 7 102 10 85 11 93 14 90)
19 11 4 (1 73 4 70 11 64 15 54) 8 (1 94 2 85 4 93 9 103 10 80 12 87 13 85 15 96) 7 (4 53 5 53 7 42 12 44 13 30 14 64 15 50) 3 (3 75 6 92 11 74) 8 (2 59 4 51 5 58 8 54 10 60 13 50 14 52 15 58) 4 (1 56 5 63 6 59 13 50) 7 (1 90 2 104 3 76 5 95 7 107 9 104 12 85) 10 (3 45 4 55 6 57 7 50 8 48 9 53 11 59 12 44 13 43 15 44) 6 (3 92 6 65 7 65 9 97 10 80 13 100) 8 (1 63 2 60 3 66 7 67 8 51 13 63 14 77 15 64) 8 (2 45 5 44 6 49 7 47 8 39 9 50 11 47 14 47) 8 7 (3 109 6 82 8 91 12 113 13 95 14 105 15 102) 6 (2 70 3 66 7 87 11 95 12 95 15 80) 5 (3 35 9 35 12 43 13 22 14 37) 5 (3 74 4 74 6 80 10 67 12 74) 3 (4 16 8 12 10 15) 2 (2 61 4 63) 3 (6 23 12 18 15 17) 4 (6 80 8 65 13 56 15 46)
21 12 9 (2 23 4 22 5 22 6 16 8 22 9 25 10 22 13 23 14 19) 10 (1 93 3 81 4 72 5 68 7 113 10 98 12 90 13 84 14 67 15 99) 6 (1 27 3 28 6 21 7 21 12 29 14 22) 9 (2 88 3 86 4 68 6 79 8 83 10 76 11 95 14 72 15 86) 5 (7 49 9 63 11 36 14 55 15 53) 6 (2 57 4 60 7 51 8 47 12 51 15 54) 9 (1 53 2 68 3 58 4 72 8 78 9 62 11 62 13 55 14 68) 2 (8 19 9 23) 5 (1 54 7 44 9 63 11 57 12 66) 3 (5 48 6 76 11 80) 8 (2 37 3 43 4 52 7 50 8 37 9 33 10 45 12 49) 2 (6 30 13 55) 9 5 (5 48 6 52 11 41 14 40 15 39) 4 (1 19 2 14 7 13 15 18) 10 (1 89 3 109 6 84 8 85 9 63 10 84 12 90 13 97 14 67 15 72) 10 (1 16 2 14 3 14 6 15 9 16 10 19 11 16 12 18 13 13 14 16) 8 (4 94 5 82 6 82 7 73 9 96 10 102 13 122 15 59) 3 (5 35 10 30 12 38) 10 (1 81 3 82 4 88 5 90 6 77 7 85 9 78 11 71 13 84 14 65) 4 (2 36 4 25 12 37 15 42) 4 (1 59 4 42 10 46 12 34)
16 16 10 (1 33 3 45 4 43 6 51 7 42 10 48 11 40 12 49 14 57 15 36) 8 (1 40 2 50 4 49 6 51 7 57 10 45 11 37 14 39) 8 (1 71 2 54 6 51 7 63 8 69 11 46 14 70 15 56) 5 (7 57 9 59 12 44 13 76 14 63) 4 (2 36 6 36 14 34 15 32) 5 (3 97 6 77 7 108 12 91 14 117) 4 (1 76 4 77 5 91 13 89) 2 (1 37 3 57) 6 (4 56 9 63 11 72 12 60 13 66 15 71) 2 (3 77 11 115) 10 (1 90 5 84 6 77 8 92 9 98 10 109 11 81 13 84 14 63 15 114) 6 (2 89 4 105 6 98 7 97 13 83 14 116) 7 (1 76 3 85 4 80 8 86 10 70 11 100 12 88) 4 (3 54 4 61 5 51 10 50) 5 (3 13 5 18 6 15 10 13 13 12) 3 (2 116 7 64 9 89)
16 9 9 (3 54 4 67 5 73 8 70 10 69 11 63 12 66 13 61 15 44) 7 (2 39 6 57 9 66 11 77 12 60 13 67 14 69) 9 (1 104 3 92 5 116 6 82 8 100 9 91 12 93 14 74 15 103) 7 (3 28 4 39 9 47 10 45 11 28 12 53 13 36) 8 (1 48 2 39 5 49 7 64 8 48 9 46 13 54 15 37) 7 (2 58 3 69 4 49 7 76 9 64 13 66 14 50) 2 (1 27 8 27) 8 (1 80 4 82 6 100 9 121 10 90 11 99 13 86 14 107) 4 (3 19 4 17 8 20 11 20) 7 7 (4 18 5 22 6 16 7 13 9 21 12 12 15 19) 7 (2 61 4 80 6 69 8 82 10 59 11 65 13 74) 8 (1 62 2 43 5 58 7 66 8 54 10 48 11 78 14 57) 7 (1 35 5 39 6 37 8 48 10 31 11 38 13 45) 2 (7 52 10 85) 8 (1 81 3 54 4 59 5 73 8 88 9 64 10 73 15 58) 9 (2 55 3 54 5 45 7 44 8 51 10 52 13 49 14 55 15 44)
25 14 3 (5 25 7 18 11 24) 10 (1 57 2 46 3 63 4 53 6 61 7 57 8 71 10 57 11 50 13 44) 7 (2 76 6 82 8 88 9 84 13 63 14 53 15 78) 6 (1 32 4 33 8 26 10 22 11 27 14 35) 4 (8 47 10 19 11 42 13 31) 4 (2 12 7 19 11 15 13 16) 5 (2 48 3 36 5 38 8 47 12 49) 8 (1 27 4 22 5 23 8 23 10 22 11 22 12 21 15 15) 6 (2 73 3 86 4 78 8 68 9 63 15 60) 6 (2 36 5 32 12 33 13 39 14 29 15 32) 8 (2 79 3 86 5 98 6 79 9 94 10 91 11 101 12 60) 10 (2 18 4 14 5 19 6 15 8 21 9 16 10 18 11 17 12 23 14 20) 7 (4 66 6 74 8 54 9 54 10 55 11 61 13 66) 4 (1 59 2 50 5 45 11 56) 11 2 (1 87 7 79) 2 (5 74 10 52) 10 (5 63 6 77 7 79 8 81 10 69 11 62 12 75 13 88 14 95 15 71) 7 (2 125 3 91 4 91 6 103 7 93 11 89 13 85) 8 (1 46 3 33 4 24 5 45 6 31 8 50 9 42 15 33) 3 (9 47 11 51 12 64) 9 (4 23 6 27 7 23 8 33 9 19 10 26 11 23 12 32 15 27) 6 (2 46 4 41 5 48 6 41 7 54 14 49) 3 (5 30 8 42 9 33) 3 (1 49 2 52 15 40) 9 (3 32 4 36 5 31 7 37 8 40 9 36 11 33 14 30 15 29)
