20 15
10 14 14 13 9 11 12 15 14 12 8 14 12 11 13
2 2 4 2 3 3 2 3 3 3 4 3 3 2 3
15 15 5 (4 15 10 21 12 21 14 18 15 16) 7 (1 33 4 27 5 27 7 27 8 37 12 25 15 31) 4 (2 33 6 28 8 34 15 32) 10 (1 20 4 14 5 17 6 18 7 19 9 16 11 15 13 17 14 19 15 19) 4 (5 34 6 42 10 36 11 33) 6 (1 37 2 33 3 31 4 34 5 24 7 42) 4 (1 28 2 30 5 17 6 33) 6 (3 38 6 29 11 34 13 40 14 31 15 36) 7 (4 27 6 42 7 39 8 35 11 30 13 41 14 36) 10 (1 29 2 27 4 30 5 31 6 40 8 28 10 37 11 34 12 30 14 35) 9 (2 24 3 31 5 40 6 32 7 31 11 35 13 34 14 21 15 35) 8 (2 31 4 34 5 25 6 36 7 34 9 43 12 31 15 26) 8 (1 30 2 38 3 36 4 34 8 34 9 37 13 28 14 31) 9 (1 22 3 23 7 35 8 27 9 29 10 24 11 21 13 18 15 19) 2 (2 12 10 14)
15 8 9 (2 11 3 9 4 9 7 9 8 10 10 11 11 8 12 12 13 13) 8 (2 23 3 17 5 24 7 26 8 26 10 22 11 16 13 20) 5 (2 18 5 17 7 16 9 17 13 24) 6 (5 11 6 12 9 14 10 10 11 12 13 15) 5 (9 27 10 14 12 19 14 22 15 34) 7 (5 30 6 31 7 30 9 25 13 35 14 36 15 47) 3 (2 26 3 23 4 27) 2 (6 49 14 28) 7 4 (3 21 4 20 11 18 13 18) 10 (1 19 2 19 5 19 6 16 9 21 10 17 11 23 13 17 14 19 15 14) 4 (1 17 2 22 3 18 5 23) 9 (1 17 2 20 6 20 7 22 9 22 11 15 12 18 14 20 15 23) 10 (1 36 2 41 3 42 5 31 6 37 7 49 8 36 9 46 13 37 14 36) 5 (1 17 2 27 4 23 9 18 15 22) 2 (1 18 9 22)
15 8 9 (4 25 5 23 6 22 7 25 8 23 11 27 12 25 14 23 15 21) 3 (4 21 7 23 11 23) 4 (4 26 7 17 10 20 13 26) 3 (1 48 9 33 15 39) 7 (2 30 4 31 5 18 6 28 9 37 10 30 13 28) 6 (2 13 6 15 7 14 9 18 10 15 11 17) 10 (1 43 2 42 6 41 7 35 8 33 11 44 12 37 13 46 14 41 15 40) 8 (1 17 2 23 3 21 4 15 5 20 11 24 12 15 13 22) 7 8 (2 25 3 25 5 22 7 23 8 29 11 29 14 23 15 23) 5 (6 44 9 35 10 41 11 32 15 34) 8 (1 15 5 18 6 18 7 19 9 18 11 14 12 11 13 12) 6 (3 37 7 32 8 37 12 34 13 39 15 34) 6 (4 34 5 45 6 37 8 30 10 36 13 46) 8 (1 15 2 25 8 24 9 22 10 25 11 22 13 19 15 23) 4 (3 26 4 37 7 37 11 29)
15 8 9 (3 21 4 24 6 31 8 18 9 26 10 21 12 18 13 26 15 23) 7 (2 29 4 43 5 34 7 28 9 35 14 46 15 25) 2 (4 31 5 30) 7 (1 16 3 18 4 16 5 12 6 21 12 22 14 20) 10 (1 27 2 27 3 33 4 34 5 26 6 30 7 27 8 27 13 34 15 33) 6 (3 12 4 10 7 8 10 11 12 12 13 11) 2 (4 14 6 13) 7 (1 29 2 24 3 22 5 33 7 25 8 18 11 19) 7 2 (9 15 15 13) 10 (1 20 4 17 5 19 6 18 7 14 9 19 12 17 13 14 14 20 15 23) 2 (2 31 3 41) 7 (2 38 5 37 6 38 9 42 10 35 12 36 15 40) 8 (1 35 3 49 4 35 6 43 7 53 12 55 13 39 15 40) 7 (2 26 4 23 5 23 7 20 11 30 12 28 13 27) 6 (2 40 3 30 5 38 9 34 10 35 14 33)
15 10 6 (2 35 4 31 9 28 13 35 14 32 15 41) 2 (5 16 12 14) 8 (2 32 3 42 6 40 9 40 10 48 11 33 13 29 14 41) 7 (1 12 4 16 5 15 6 15 8 12 10 16 12 16) 10 (1 37 2 31 3 30 5 32 6 28 7 27 8 32 9 34 13 23 15 40) 9 (3 24 6 24 7 18 9 23 10 28 11 23 12 20 13 25 15 22) 3 (7 17 11 21 14 23) 4 (2 21 4 25 6 23 14 27) 6 (1 42 6 38 7 45 8 32 11 42 13 39) 10 (2 31 4 26 6 35 7 49 9 51 11 47 12 41 13 39 14 35 15 31) 5 6 (1 36 3 28 7 50 8 37 13 45 14 43) 8 (1 25 2 25 3 37 4 35 6 30 11 41 12 25 14 35) 7 (4 13 5 12 6 11 7 11 9 12 14 11 15 9) 8 (1 36 2 36 4 42 7 42 8 39 9 37 11 31 12 40) 6 (3 16 5 14 7 18 9 12 10 14 15 18)
15 8 4 (5 25 9 26 10 24 11 25) 3 (8 43 13 41 14 40) 9 (1 13 3 12 4 10 7 8 10 12 11 12 12 11 13 11 14 12) 2 (2 26 11 23) 2 (3 9 10 11) 10 (1 26 2 24 3 26 5 25 6 23 7 27 8 20 13 19 14 24 15 27) 9 (2 14 3 16 7 10 9 14 10 12 11 16 12 11 13 15 15 14) 7 (2 12 6 9 8 13 9 12 11 11 14 11 15 15) 7 4 (2 28 4 33 8 29 13 27) 6 (1 17 3 19 9 26 10 28 11 22 13 26) 4 (7 26 12 31 14 25 15 31) 2 (7 29 12 31) 3 (3 19 12 16 13 16) 10 (4 14 5 17 6 22 7 17 8 30 9 21 10 19 12 16 13 19 14 22) 10 (2 35 3 23 4 31 5 32 7 33 9 25 10 28 11 31 13 31 14 28)
15 9 10 (1 33 2 40 4 48 5 40 6 27 8 38 11 49 12 44 13 31 15 41) 2 (12 36 14 34) 3 (3 15 5 18 15 13) 8 (1 29 3 26 4 26 7 33 8 32 10 36 13 32 15 24) 7 (3 24 5 23 6 27 7 27 8 25 11 22 12 24) 8 (1 29 3 21 8 25 9 32 10 27 11 27 13 22 15 30) 9 (1 34 3 32 5 42 6 33 7 31 11 32 12 36 14 15 15 37) 3 (2 35 8 42 12 56) 3 (3 15 5 11 13 11) 6 9 (1 27 3 27 4 21 9 24 10 18 11 21 12 19 14 16 15 21) 6 (1 19 5 27 9 26 11 24 13 19 15 25) 6 (2 24 6 21 10 25 12 22 13 18 15 20) 8 (1 19 5 12 6 17 8 14 9 12 13 21 14 20 15 22) 10 (1 35 2 39 4 30 5 32 6 35 8 32 10 26 13 39 14 37 15 40) 5 (4 30 5 26 7 21 9 28 13 24)
15 9 7 (2 11 4 10 5 7 6 9 9 11 12 14 13 14) 2 (2 28 4 22) 6 (1 49 2 44 6 35 11 48 13 44 14 40) 8 (1 16 2 15 5 15 6 17 9 12 10 18 12 16 15 16) 9 (2 16 3 18 4 16 5 20 6 20 7 22 13 21 14 18 15 22) 6 (1 12 4 12 5 15 6 11 8 11 9 15) 2 (6 31 14 32) 9 (2 35 3 29 5 30 7 24 9 28 10 30 11 27 12 22 13 23) 5 (2 24 3 24 10 36 11 32 14 39) 6 6 (2 33 3 40 7 32 13 36 14 32 15 36) 7 (1 20 2 19 5 20 8 18 9 17 10 17 11 21) 2 (1 16 2 17) 4 (2 18 8 21 10 25 14 20) 4 (1 24 2 25 5 30 13 20) 8 (1 33 3 24 4 35 6 33 8 28 9 35 13 29 15 33)
15 10 6 (1 16 3 25 7 19 12 21 14 19 15 20) 9 (1 14 3 14 4 10 5 18 7 16 8 16 9 18 14 16 15 20) 6 (3 24 5 23 6 27 7 19 11 28 12 22) 5 (7 22 9 35 11 27 12 37 13 40) 9 (3 25 6 23 7 26 8 22 9 27 11 20 12 24 13 28 14 19) 9 (1 13 3 14 4 15 8 15 9 18 11 15 12 15 14 15 15 16) 7 (2 19 5 17 6 22 8 22 10 19 12 18 14 21) 3 (6 32 10 36 13 37) 2 (7 24 8 23) 8 (1 16 2 15 3 17 4 15 6 15 7 14 10 17 13 15) 5 4 (2 34 3 26 5 23 13 28) 9 (1 14 2 12 4 12 6 12 7 15 8 15 10 14 12 14 15 15) 5 (2 12 3 12 4 15 8 12 13 16) 4 (4 32 6 26 8 25 12 29) 7 (1 21 3 22 7 23 9 19 10 18 11 18 14 18)
15 7 4 (2 20 6 19 8 18 14 21) 7 (1 38 3 50 5 35 7 41 8 37 10 30 11 34) 10 (2 32 4 37 5 27 7 35 9 28 10 34 11 19 13 31 14 28 15 30) 5 (2 26 4 42 5 47 6 42 12 43) 5 (1 35 7 29 10 36 11 27 15 39) 10 (2 16 4 15 5 15 6 20 7 17 9 18 12 17 13 18 14 18 15 22) 8 (4 26 6 28 8 21 9 19 10 19 11 21 12 20 15 22) 8 7 (3 15 4 25 5 18 9 19 11 13 12 19 15 18) 8 (2 32 3 32 4 29 8 33 10 29 11 33 13 32 14 37) 2 (1 36 14 54) 3 (2 18 10 21 13 23) 6 (2 33 4 38 6 26 9 26 11 32 15 33) 9 (1 23 5 31 6 24 7 27 8 21 9 26 10 19 12 23 14 25) 3 (7 22 8 23 9 24) 4 (1 36 2 26 4 46 10 29)
15 9 4 (1 20 6 20 8 21 10 19) 8 (1 20 3 23 4 27 5 23 7 22 8 24 11 20 12 20) 7 (2 29 4 43 5 42 7 31 12 32 13 32 14 30) 2 (5 20 6 22) 2 (13 19 15 20) 2 (1 22 11 12) 6 (1 35 3 33 4 31 7 39 12 38 14 33) 3 (7 33 13 33 15 26) 8 (4 25 5 19 8 23 9 22 11 28 12 19 13 29 15 25) 6 9 (1 20 3 17 4 17 6 23 8 19 9 22 10 20 11 18 14 21) 7 (1 20 3 21 4 19 8 22 10 34 13 28 14 28) 10 (2 22 3 22 4 24 6 25 7 19 8 29 9 25 10 20 12 20 14 21) 10 (1 16 3 20 4 22 6 16 8 16 10 19 11 21 12 18 13 15 15 20) 5 (8 31 9 39 11 26 12 26 14 35) 5 (2 35 3 39 8 43 9 39 14 37)
15 15 5 (6 25 8 32 9 32 10 24 11 20) 8 (1 22 2 23 4 23 5 26 7 27 9 22 10 23 13 22) 7 (1 16 2 25 7 28 8 29 10 19 13 26 14 18) 8 (1 14 3 13 6 12 7 12 8 14 9 13 14 12 15 13) 6 (3 12 7 13 8 13 9 13 11 14 13 12) 6 (5 13 8 10 9 7 11 10 12 14 13 9) 4 (1 14 5 12 8 10 14 10) 6 (1 24 3 30 5 26 9 22 12 24 14 17) 7 (2 12 3 12 4 8 8 15 9 15 10 13 11 12) 9 (2 15 4 17 5 20 7 15 8 14 10 10 11 11 12 17 15 14) 2 (9 36 11 32) 2 (9 15 12 14) 3 (2 15 9 13 13 16) 9 (2 39 4 45 6 42 7 48 10 43 12 35 13 36 14 35 15 30) 8 (1 22 2 25 3 29 4 19 8 22 9 30 11 18 13 26)
15 9 10 (1 14 2 16 3 16 6 16 9 15 10 16 11 16 12 18 13 22 14 13) 10 (1 15 2 16 4 14 6 14 7 17 8 18 9 20 12 13 13 13 15 18) 9 (2 37 3 43 6 40 7 38 9 27 11 43 12 34 13 28 15 42) 3 (4 20 11 28 12 27) 5 (5 31 9 21 10 26 11 19 15 24) 7 (1 10 2 12 4 13 6 11 11 10 14 8 15 11) 2 (1 38 12 37) 6 (1 14 3 13 4 14 7 13 12 13 14 19) 5 (1 15 2 21 4 15 7 17 12 25) 6 9 (1 27 3 40 4 48 5 31 6 33 10 38 11 39 12 31 15 33) 2 (2 13 14 10) 10 (1 28 2 32 3 29 4 28 7 26 8 28 9 29 11 28 12 27 13 33) 8 (1 23 4 23 5 22 6 24 8 27 11 34 13 22 15 29) 7 (1 28 6 36 10 26 12 37 13 34 14 30 15 30) 5 (1 12 8 10 10 11 11 14 13 13)
15 10 9 (1 21 2 21 5 19 6 20 8 18 9 16 13 23 14 20 15 19) 10 (5 24 6 17 7 24 8 29 9 24 11 26 12 26 13 21 14 24 15 22) 7 (2 26 3 27 8 27 10 28 12 23 13 28 14 28) 5 (7 42 8 38 9 44 10 39 15 31) 4 (9 30 10 30 11 36 15 34) 5 (3 42 6 45 7 32 11 40 12 46) 6 (1 32 2 31 5 33 9 37 13 30 14 40) 2 (3 42 12 31) 10 (1 23 4 30 5 38 6 27 7 27 10 24 11 33 12 29 14 33 15 35) 7 (1 14 4 13 6 11 10 14 11 15 13 14 15 12) 5 2 (2 30 13 19) 9 (1 28 3 27 5 30 6 30 7 36 8 36 11 35 12 30 13 37) 9 (2 16 5 25 6 31 9 24 10 26 11 24 12 27 13 25 14 17) 2 (3 40 6 35) 4 (1 15 3 15 8 13 12 14)
15 9 3 (4 32 6 30 7 34) 6 (2 14 4 12 5 17 6 16 8 15 13 18) 9 (1 15 3 12 5 15 6 12 7 11 11 13 12 16 14 16 15 14) 7 (2 19 5 19 9 24 10 21 11 22 12 23 13 24) 7 (1 13 4 12 5 15 6 14 7 12 8 23 12 18) 3 (2 19 9 20 14 16) 5 (4 17 5 10 12 18 13 11 14 13) 5 (2 47 3 42 12 45 13 34 15 52) 7 (2 30 4 25 7 31 11 24 12 32 13 27 14 34) 6 9 (1 15 3 14 4 33 8 22 9 28 10 25 12 25 14 26 15 27) 10 (2 35 3 36 4 40 7 32 9 35 10 40 12 29 13 35 14 44 15 35) 5 (1 23 3 22 8 23 11 26 13 24) 6 (3 13 7 14 11 13 12 17 14 12 15 12) 10 (1 36 3 37 4 44 8 42 9 29 10 39 11 42 13 46 14 40 15 37) 9 (1 25 2 19 3 31 4 31 6 25 8 23 9 27 10 28 12 28)
15 8 9 (1 39 2 37 4 39 5 33 7 48 8 40 11 35 12 38 13 42) 2 (8 15 14 20) 4 (3 15 4 13 6 14 14 13) 2 (5 14 9 20) 9 (1 15 3 12 4 10 6 13 7 16 8 12 12 11 13 9 14 13) 10 (3 43 5 45 7 38 8 33 9 28 10 28 11 34 12 38 13 36 14 40) 9 (1 33 2 38 5 22 6 33 7 24 8 34 9 37 10 35 11 30) 3 (5 23 6 21 14 17) 7 8 (1 42 3 28 4 48 7 30 8 33 9 24 10 40 13 32) 6 (6 20 8 15 9 20 10 20 13 25 15 18) 9 (2 33 3 34 4 28 6 23 9 32 10 30 11 34 12 26 15 36) 9 (1 35 2 33 3 30 4 34 5 44 6 33 11 40 14 32 15 29) 2 (3 28 13 24) 8 (1 35 4 43 5 29 7 35 8 42 9 38 13 24 14 32) 10 (1 23 5 40 6 45 7 40 8 41 9 35 11 45 12 39 14 32 15 31)
15 8 8 (2 24 3 20 5 19 6 22 7 22 8 19 12 19 13 20) 5 (5 17 6 12 10 16 13 19 15 17) 4 (1 35 2 38 3 30 15 29) 5 (2 14 4 13 8 15 12 12 14 11) 2 (5 30 12 31) 5 (4 26 5 23 9 35 13 38 14 32) 10 (3 17 4 18 5 17 7 15 8 15 11 15 12 13 13 17 14 14 15 16) 9 (3 33 4 34 5 30 9 26 10 35 11 29 12 34 13 23 14 33) 7 9 (4 29 6 28 7 28 8 27 9 26 10 30 11 27 12 26 13 28) 6 (2 30 3 32 5 43 8 35 9 35 14 43) 7 (2 42 5 39 6 35 9 27 11 47 13 34 14 36) 6 (4 24 5 28 6 33 7 26 11 35 14 25) 10 (2 49 3 39 5 39 7 41 9 33 10 34 11 36 12 33 14 40 15 40) 2 (2 35 5 30) 7 (1 34 3 44 4 39 5 41 7 38 11 40 13 24)
15 11 2 (1 25 2 23) 9 (3 35 5 33 8 35 9 45 11 38 12 31 13 28 14 33 15 44) 4 (4 15 6 16 7 12 15 13) 5 (7 14 8 12 9 18 13 15 14 13) 8 (1 15 3 15 8 14 9 12 11 18 12 15 13 15 14 19) 6 (2 11 3 10 4 10 5 14 9 13 13 12) 9 (2 25 3 32 5 39 6 29 9 23 10 41 11 30 12 29 15 37) 8 (5 11 6 13 7 13 9 11 10 9 11 16 12 14 15 10) 9 (1 13 4 15 5 11 6 11 8 8 9 11 11 8 13 9 14 10) 4 (3 29 5 31 8 31 10 29) 5 (2 18 7 15 11 19 13 18 14 14) 4 6 (3 11 6 11 10 12 12 17 13 9 14 11) 9 (2 21 3 13 4 15 5 14 6 18 10 18 11 23 12 18 15 17) 9 (2 28 3 36 5 21 6 25 7 28 8 31 11 19 14 27 15 26) 3 (6 41 12 29 14 42)
15 9 8 (1 8 2 13 3 12 6 12 8 12 10 12 11 11 15 10) 4 (1 13 3 13 7 13 15 9) 8 (3 22 6 19 8 20 9 24 10 18 11 24 14 19 15 21) 6 (1 30 2 27 3 48 8 36 9 39 10 40) 4 (8 24 9 15 13 19 15 18) 3 (2 26 11 35 13 26) 3 (5 18 9 19 14 19) 2 (2 46 6 27) 6 (4 24 6 32 7 26 10 31 12 27 13 23) 6 6 (2 41 4 36 7 39 9 32 12 31 15 34) 5 (2 33 7 40 8 41 9 44 11 36) 4 (2 39 3 37 4 26 10 37) 6 (8 16 10 24 11 18 13 19 14 30 15 20) 9 (3 16 5 21 7 16 9 15 10 16 11 18 12 22 13 15 15 17) 10 (1 23 3 24 4 27 5 26 7 30 8 27 9 31 10 28 14 31 15 28)
15 7 7 (1 11 4 13 5 14 6 14 8 14 12 13 13 11) 4 (7 24 10 28 12 24 15 26) 9 (2 24 3 19 5 18 6 27 8 19 10 24 12 21 13 23 15 23) 10 (1 25 5 22 6 17 7 21 8 21 9 21 10 15 11 23 14 21 15 22) 9 (1 26 3 33 7 28 9 26 10 28 11 19 13 24 14 21 15 25) 9 (1 35 4 29 5 30 7 39 10 31 11 35 12 37 13 29 14 31) 2 (10 22 12 22) 8 4 (4 45 8 44 10 47 14 40) 2 (3 25 12 29) 6 (1 28 3 40 9 35 12 30 13 37 15 24) 3 (5 14 11 14 15 18) 7 (2 26 3 23 6 17 8 14 10 23 11 19 14 22) 5 (1 13 2 16 3 11 6 12 8 14) 10 (3 17 4 17 5 13 7 24 8 22 10 21 11 17 12 13 13 13 15 16) 6 (2 29 5 38 6 30 9 25 13 27 14 31)
