15 15
13 13 9 9 10 10 11 13 11 15 13 8 14 8 13
2 3 2 4 2 3 4 2 3 4 3 4 2 4 3
15 12 6 (7 31 8 28 9 26 11 24 12 28 14 35) 7 (1 70 2 62 3 70 8 57 9 56 11 63 14 63) 7 (4 32 6 31 7 38 8 33 12 25 13 34 14 36) 2 (1 96 8 94) 2 (3 23 5 29) 4 (7 63 9 53 13 44 14 64) 9 (1 42 3 23 4 33 8 34 10 30 11 38 12 34 13 31 14 42) 7 (1 13 2 16 8 14 9 18 13 17 14 15 15 13) 3 (1 54 3 52 8 78) 10 (1 83 2 84 4 80 5 80 8 97 9 113 11 87 13 87 14 84 15 79) 5 (2 46 4 48 5 46 6 28 11 48) 2 (9 73 13 88) 3 2 (1 60 3 72) 8 (2 57 3 51 4 37 6 46 7 31 12 49 13 42 14 41) 7 (1 104 3 87 4 96 9 87 10 91 14 84 15 97)
20 11 2 (4 88 15 92) 4 (1 32 12 34 14 31 15 35) 10 (1 93 5 91 6 55 7 92 9 84 10 71 11 94 12 89 13 85 15 91) 5 (1 17 3 20 4 18 12 15 13 14) 7 (3 13 5 24 7 28 10 26 13 29 14 20 15 30) 7 (2 79 4 105 5 110 6 85 9 100 10 92 14 77) 3 (4 21 5 22 15 25) 5 (3 75 6 86 9 77 10 69 11 73) 10 (2 38 4 41 6 36 7 33 8 43 10 32 11 39 12 34 13 41 14 44) 10 (1 71 2 70 3 64 6 81 7 85 8 63 10 67 11 74 12 65 14 58) 7 (1 51 4 56 7 51 11 49 12 46 13 46 14 54) 9 3 (7 54 9 58 11 42) 8 (4 50 5 37 7 39 8 38 10 47 11 37 12 31 13 44) 10 (1 47 2 40 3 44 4 42 7 57 8 54 10 53 12 58 13 49 15 47) 10 (1 47 2 58 3 70 4 80 5 80 7 76 8 85 12 60 13 69 15 64) 4 (1 71 8 99 9 62 14 66) 3 (2 85 6 58 8 73) 7 (3 76 5 94 6 105 7 78 9 90 11 89 12 92) 5 (1 46 4 41 7 32 10 41 12 36) 5 (2 111 7 87 10 118 12 85 14 91)
23 18 4 (4 82 5 58 11 41 15 80) 7 (1 27 3 26 5 24 6 26 9 23 10 23 12 30) 6 (3 102 5 79 6 90 7 89 11 70 15 76) 3 (1 70 10 57 15 76) 8 (2 47 3 49 4 45 7 48 8 35 9 40 14 45 15 46) 3 (7 72 13 54 14 49) 7 (4 41 6 54 8 55 11 66 12 61 13 48 15 50) 10 (1 35 2 39 3 34 4 39 6 32 7 41 9 41 11 29 13 34 15 34) 7 (2 76 3 92 5 78 7 99 9 68 13 76 14 81) 8 (2 37 4 45 6 37 7 33 9 38 11 30 14 44 15 38) 6 (2 58 4 54 8 51 12 51 14 54 15 43) 4 (6 64 7 56 9 68 13 70) 8 (2 67 3 63 5 73 6 62 8 44 11 58 14 60 15 59) 8 (2 45 5 52 6 54 10 72 11 48 13 55 14 55 15 76) 2 (3 26 4 37) 2 (3 17 4 19) 2 (6 36 11 33) 7 (1 70 4 58 7 65 12 67 13 58 14 71 15 75) 5 10 (1 85 3 64 4 101 6 60 7 74 9 60 10 91 12 76 13 71 14 70) 3 (9 51 13 64 15 71) 10 (1 66 2 56 3 67 4 66 6 64 7 71 8 63 9 75 12 77 14 49) 10 (1 43 3 43 4 47 7 53 8 46 10 55 11 55 12 42 13 42 14 48) 8 (3 48 4 57 5 47 8 37 9 63 12 47 13 51 14 71)
18 10 4 (3 63 6 53 9 58 10 65) 10 (1 72 2 63 4 82 5 72 6 70 10 69 11 56 12 65 13 59 15 78) 7 (1 70 2 81 3 94 7 74 8 103 11 91 12 97) 5 (1 27 4 35 6 22 9 20 14 33) 7 (1 74 4 67 5 79 6 60 7 68 13 50 15 55) 10 (1 27 2 36 4 27 5 24 6 24 7 17 8 29 11 30 12 22 15 23) 5 (5 67 8 48 10 59 12 54 14 74) 2 (7 38 10 32) 10 (3 88 5 90 7 73 8 74 9 100 10 105 11 91 12 80 14 107 15 126) 6 (4 34 6 30 7 34 11 35 12 28 13 37) 8 9 (1 84 2 61 3 64 6 71 7 80 10 71 11 78 14 88 15 65) 8 (2 51 3 49 4 40 7 42 8 46 10 51 13 48 14 41) 4 (4 69 6 55 9 73 11 71) 8 (3 79 4 103 7 90 9 103 10 79 11 93 12 82 13 106) 4 (3 75 4 59 8 69 10 73) 8 (1 92 3 74 5 88 7 72 9 109 11 93 12 89 15 83) 7 (1 30 4 47 7 39 8 41 11 52 12 46 14 44) 8 (1 32 3 38 4 37 5 46 9 37 10 42 14 39 15 40)
21 17 9 (3 46 4 39 5 57 7 47 8 54 9 48 10 48 11 53 12 61) 2 (2 73 13 93) 8 (1 37 2 42 5 37 7 36 8 43 9 45 14 47 15 38) 7 (1 85 2 60 5 81 6 79 7 65 9 83 11 76) 8 (2 39 3 39 4 42 5 41 7 35 9 31 10 44 15 36) 7 (4 100 6 75 7 83 8 90 9 90 12 120 14 98) 6 (1 70 2 62 6 72 10 58 11 57 13 66) 8 (2 105 4 83 5 87 6 113 10 98 11 114 14 99 15 75) 8 (1 54 2 38 6 51 8 46 9 55 11 52 12 44 13 58) 4 (2 39 5 33 11 34 13 26) 9 (1 61 2 72 3 61 4 50 5 53 6 57 8 60 9 35 11 43) 3 (1 75 5 118 11 102) 10 (2 67 3 77 4 69 5 67 6 83 10 80 12 75 13 71 14 69 15 48) 10 (5 61 6 52 8 64 9 60 10 49 11 55 12 70 13 44 14 52 15 57) 3 (6 103 8 113 15 76) 9 (3 33 4 39 6 34 7 43 9 37 10 40 11 46 13 33 14 44) 10 (1 92 2 89 3 83 6 84 7 89 10 92 11 85 13 77 14 95 15 111) 4 8 (2 66 6 72 9 73 10 90 11 73 12 61 14 64 15 64) 4 (4 91 8 83 10 61 14 59) 6 (1 72 2 47 5 55 8 70 12 52 15 65) 10 (1 19 2 20 3 13 4 19 6 20 7 20 8 24 11 25 12 19 13 18)
15 10 5 (3 35 6 33 8 26 10 31 13 30) 3 (3 33 6 30 7 21) 4 (2 30 6 25 7 22 15 25) 7 (1 92 2 95 4 96 6 98 10 108 12 94 15 121) 5 (1 107 5 74 6 86 8 90 14 79) 6 (1 68 2 58 7 79 11 63 13 84 14 46) 7 (2 17 5 16 8 20 12 12 13 20 14 15 15 23) 9 (1 87 2 93 7 76 8 77 9 75 10 89 11 80 13 88 14 94) 6 (3 40 5 35 7 36 8 36 10 31 12 37) 2 (7 66 9 61) 5 4 (3 44 4 42 6 49 15 44) 10 (3 77 6 97 7 89 8 103 10 101 11 110 12 108 13 67 14 87 15 95) 6 (1 27 6 16 8 26 11 30 12 30 13 29) 9 (2 28 3 28 6 40 9 35 11 41 12 33 13 28 14 34 15 33) 5 (8 83 9 79 10 83 12 116 13 106)
17 15 7 (3 65 4 77 5 71 6 83 9 78 13 86 14 87) 5 (1 81 2 80 3 45 6 80 13 77) 3 (7 54 11 52 14 30) 10 (2 36 3 37 4 35 6 29 8 36 10 36 11 42 12 40 13 40 15 24) 4 (6 55 8 43 9 46 10 34) 2 (1 83 14 53) 3 (4 52 7 67 14 51) 5 (5 103 8 68 13 97 14 91 15 91) 5 (5 89 9 75 10 63 13 70 14 99) 2 (10 94 11 103) 5 (5 9 6 13 9 15 10 11 15 13) 10 (1 37 2 38 4 43 6 31 7 36 10 37 11 34 12 40 13 45 14 39) 7 (2 74 6 51 7 62 8 79 10 64 12 65 14 52) 5 (3 48 5 56 13 54 14 40 15 56) 5 (2 22 5 26 12 21 13 22 14 29) 2 3 (2 55 8 63 12 53) 6 (3 91 7 73 11 114 13 74 14 97 15 71)
25 19 5 (2 38 5 51 10 41 14 51 15 50) 9 (3 68 4 47 5 71 8 69 9 73 10 70 12 74 13 76 14 76) 10 (1 33 2 30 3 31 4 31 5 29 10 35 11 45 12 29 14 33 15 34) 9 (2 45 3 37 5 48 6 43 8 42 9 45 10 59 13 48 15 61) 2 (14 57 15 48) 6 (6 49 7 39 9 41 10 41 12 47 13 44) 7 (2 81 3 68 5 75 9 64 11 62 14 80 15 67) 10 (1 45 4 39 5 48 6 40 7 32 9 35 11 40 13 36 14 43 15 45) 7 (1 79 3 78 5 82 9 76 11 73 12 62 15 59) 2 (5 60 9 66) 7 (1 37 2 39 8 45 10 28 12 41 13 42 14 31) 7 (1 24 4 24 5 23 7 25 8 26 11 27 13 16) 6 (1 35 2 36 6 34 7 30 12 40 14 29) 4 (4 40 9 44 13 45 15 46) 6 (2 102 3 108 6 101 10 78 11 85 15 84) 10 (1 72 2 68 3 56 4 47 5 53 6 73 7 58 8 43 11 54 12 70) 3 (3 30 12 34 13 49) 10 (1 74 4 76 6 71 7 81 8 79 10 80 11 63 12 62 13 83 15 69) 9 (2 26 3 30 4 28 7 23 8 27 9 31 10 30 12 31 15 20) 6 9 (1 23 2 26 3 35 4 32 5 28 6 21 7 32 10 20 13 30) 3 (6 61 8 55 9 77) 2 (1 42 9 51) 4 (1 64 9 71 13 56 14 70) 7 (1 49 2 35 6 32 9 38 10 47 12 33 15 36) 9 (1 42 2 43 4 45 5 46 6 34 8 33 13 55 14 37 15 36)
23 15 3 (3 89 4 79 11 70) 2 (1 36 2 44) 10 (1 71 2 66 4 76 5 71 6 86 9 76 10 92 12 99 13 88 14 82) 8 (2 40 4 43 5 50 7 53 8 56 9 51 11 44 15 60) 6 (1 61 2 71 6 67 7 78 10 55 14 68) 6 (2 35 3 37 5 25 11 36 12 34 15 39) 8 (2 72 3 69 7 80 9 56 11 86 12 68 13 68 15 91) 2 (2 42 8 39) 5 (5 83 7 88 8 62 12 91 15 94) 5 (2 52 3 45 7 42 8 40 9 42) 4 (5 21 8 21 9 21 10 16) 7 (2 63 3 52 4 49 7 68 13 64 14 67 15 64) 6 (1 102 2 95 12 69 13 84 14 90 15 91) 3 (1 21 9 22 15 22) 7 (1 32 2 32 3 30 7 35 10 31 12 32 13 38) 8 8 (2 97 3 103 5 87 6 85 11 105 12 99 14 102 15 76) 4 (3 71 4 73 8 74 12 67) 9 (2 52 3 45 4 53 5 57 7 42 10 52 12 46 13 49 15 47) 4 (9 96 10 86 12 79 13 77) 6 (1 47 2 49 3 35 9 50 10 44 15 42) 5 (4 51 7 74 9 74 10 66 12 55) 6 (4 48 5 35 6 43 8 45 9 50 14 53) 5 (2 26 3 30 8 38 13 33 15 43)
19 16 5 (1 69 9 61 11 50 14 60 15 61) 2 (3 52 11 50) 4 (2 82 3 91 10 91 12 93) 8 (3 36 6 29 8 39 10 32 11 42 12 32 13 41 14 45) 9 (1 69 2 82 6 88 8 84 9 91 10 71 11 84 12 92 13 95) 7 (7 49 8 36 9 43 10 50 12 33 13 48 15 35) 4 (1 29 3 28 5 40 11 28) 5 (1 49 5 40 7 41 12 45 13 30) 8 (4 62 5 76 7 86 8 74 11 65 12 86 14 81 15 79) 9 (1 56 3 77 5 59 8 64 9 65 11 69 12 64 13 75 15 86) 10 (1 74 2 61 4 59 5 69 6 54 8 82 9 77 11 62 13 66 15 70) 5 (4 66 8 70 9 66 11 78 14 81) 8 (2 24 3 27 7 21 9 29 12 26 13 27 14 21 15 25) 9 (1 54 5 41 7 52 8 47 10 51 11 57 12 57 13 52 15 59) 8 (2 17 3 15 4 22 7 19 8 20 11 21 12 18 14 13) 3 (2 42 3 40 9 41) 3 8 (2 28 3 26 4 24 10 19 11 29 13 27 14 27 15 24) 8 (3 57 4 46 6 70 7 82 12 83 13 61 14 75 15 87) 2 (11 72 15 90)
19 11 8 (2 67 4 45 5 62 6 63 7 54 8 71 9 46 12 63) 4 (2 96 4 95 5 70 11 84) 4 (2 49 7 50 8 49 10 43) 6 (4 78 5 98 7 103 9 83 13 64 14 71) 7 (4 71 5 59 7 64 8 69 11 73 12 66 13 80) 10 (1 62 3 53 4 73 5 58 6 49 8 70 11 46 12 61 13 56 15 60) 5 (1 102 2 82 3 87 9 100 12 106) 2 (3 50 15 60) 3 (5 71 9 107 12 87) 4 (4 71 8 64 12 65 14 86) 2 (5 38 9 45) 8 6 (1 98 2 86 5 83 6 89 8 101 12 74) 6 (3 90 4 85 6 85 7 98 9 63 10 71) 9 (2 42 3 44 6 35 7 25 8 35 9 37 11 33 12 37 13 34) 7 (1 64 7 61 10 84 11 72 12 89 14 75 15 66) 6 (2 15 4 15 5 12 8 15 10 16 11 18) 10 (2 58 3 60 6 54 7 45 8 47 10 52 11 60 12 63 13 42 14 62) 10 (1 18 3 22 5 19 6 23 8 18 10 14 11 18 13 24 14 25 15 21) 8 (3 62 4 54 5 55 6 68 9 54 10 46 11 58 14 53)
21 15 7 (2 26 5 23 6 17 7 26 10 23 12 16 14 21) 7 (1 88 6 69 7 91 8 69 9 97 11 63 14 100) 10 (1 16 5 15 6 23 7 23 8 23 9 28 10 25 11 25 13 18 15 28) 10 (1 54 3 66 4 92 5 94 6 70 7 71 9 86 11 73 12 102 13 76) 7 (3 51 4 36 5 44 7 49 11 53 12 52 13 45) 3 (9 52 12 51 14 45) 3 (11 65 14 69 15 44) 7 (2 21 5 22 6 19 7 19 10 23 11 21 13 22) 8 (3 60 6 64 7 71 8 55 10 65 11 73 13 67 14 64) 7 (3 74 5 51 6 76 7 73 8 73 10 59 11 44) 3 (1 42 6 46 8 31) 8 (5 42 6 46 8 38 9 51 10 49 12 38 14 47 15 53) 9 (1 44 4 43 7 47 9 32 10 43 11 33 12 39 14 26 15 38) 10 (1 15 3 15 4 16 6 14 7 17 8 12 9 12 10 13 11 15 13 15) 10 (1 74 2 89 3 97 5 76 6 61 7 96 8 89 12 63 14 66 15 77) 6 3 (4 18 6 16 11 12) 8 (1 88 3 83 6 90 8 99 9 81 10 96 11 102 12 85) 4 (3 26 5 25 7 30 14 33) 10 (1 87 2 87 7 66 8 97 9 66 10 65 11 81 12 75 14 75 15 97) 9 (1 24 3 36 5 46 6 34 7 38 8 35 10 35 12 29 13 32) 4 (2 41 3 46 8 40 14 28)
16 15 4 (2 62 5 37 9 27 13 40) 7 (1 39 4 53 7 44 8 62 9 62 10 44 13 51) 2 (5 64 14 70) 7 (1 43 4 45 5 49 6 64 10 58 14 60 15 53) 2 (1 29 3 25) 9 (1 89 2 76 3 75 6 77 8 93 9 69 13 92 14 109 15 75) 7 (3 92 5 97 6 71 8 60 9 77 10 99 12 70) 2 (1 42 10 45) 7 (1 65 7 63 8 67 10 48 12 68 13 45 15 49) 3 (1 85 12 84 15 84) 7 (1 106 4 93 6 82 8 71 9 67 13 115 15 77) 4 (1 71 2 80 6 88 11 102) 3 (4 60 6 91 10 83) 7 (2 59 4 53 6 78 7 36 8 48 12 56 13 61) 9 (1 19 2 22 3 15 4 16 8 19 9 18 10 20 11 19 15 25) 1 7 (5 105 9 99 10 61 11 106 12 105 14 71 15 101)
16 16 9 (1 54 5 49 6 61 8 63 9 59 10 64 11 64 12 71 13 62) 4 (1 84 3 70 7 59 9 59) 10 (1 93 2 103 3 52 4 86 5 97 6 108 7 102 10 78 13 85 14 75) 7 (1 48 3 41 4 43 5 35 6 42 10 43 15 48) 8 (1 50 2 51 8 50 10 63 11 46 12 40 14 33 15 44) 3 (1 47 12 59 15 69) 6 (2 23 3 25 5 26 12 23 13 25 15 30) 9 (1 76 2 73 5 76 6 57 7 86 8 73 9 74 12 75 13 101) 3 (4 16 6 15 15 12) 8 (1 13 2 18 4 18 5 13 7 18 11 18 12 14 15 20) 10 (1 65 2 65 3 76 4 73 5 68 8 80 9 75 12 45 13 70 15 71) 4 (2 60 8 55 9 60 11 39) 10 (1 45 2 37 3 46 5 35 7 43 8 42 9 36 11 36 13 43 15 42) 3 (2 46 3 86 11 64) 10 (1 73 4 83 5 87 7 64 8 64 9 84 10 89 12 74 14 89 15 75) 4 (1 54 7 42 8 48 13 50)
25 20 6 (4 29 7 23 12 20 13 18 14 25 15 19) 7 (2 57 4 59 7 67 9 46 10 61 11 41 13 38) 3 (12 65 13 79 15 62) 5 (3 34 4 28 5 28 9 25 12 31) 9 (2 38 3 36 5 50 7 43 8 45 9 48 10 39 11 32 14 31) 3 (7 15 9 17 15 14) 8 (1 35 5 49 6 31 7 44 8 39 11 51 12 45 15 36) 4 (2 20 5 16 12 18 14 18) 8 (1 45 2 54 6 54 7 69 10 67 11 81 13 67 15 49) 7 (1 44 6 30 7 31 10 27 12 34 14 38 15 26) 7 (2 86 3 76 5 105 9 74 10 93 12 100 13 76) 2 (6 19 15 16) 9 (1 59 2 51 3 56 6 63 8 53 9 54 10 39 11 37 13 56) 7 (3 46 4 53 7 52 8 59 10 45 12 48 14 39) 2 (5 91 11 71) 3 (9 91 11 75 14 83) 10 (2 90 4 82 5 76 6 81 8 68 9 81 10 76 11 56 12 88 14 73) 9 (1 109 2 78 5 88 8 64 9 87 11 83 12 53 14 87 15 97) 4 (10 37 13 33 14 44 15 34) 6 (1 48 4 45 6 58 10 44 12 60 15 64) 5 6 (3 31 5 22 6 33 9 25 12 24 14 19) 4 (1 38 2 41 3 40 15 45) 6 (4 40 6 30 7 32 8 24 10 28 15 30) 2 (7 46 13 41) 7 (3 35 6 31 7 35 8 28 12 26 13 32 14 39)
