20 15
15 14 10 10 12 9 11 10 11 12 14 10 8 13 12
3 3 2 2 1 2 2 1 4 3 1 3 1 3 2
10 5 3 (2 69 3 64 4 70) 8 (2 54 3 48 7 34 8 50 9 50 10 51 11 42 13 52) 6 (1 99 2 101 3 115 4 105 9 94 14 95) 10 (1 87 3 90 4 59 5 103 6 104 8 76 9 94 10 87 14 78 15 101) 2 (4 61 7 71) 5 5 (1 7 3 4 6 5 12 7 13 4) 9 (2 43 3 38 5 28 6 38 10 28 11 31 13 37 14 26 15 30) 6 (3 42 4 40 6 31 10 44 12 42 14 33) 9 (1 56 3 54 7 51 10 51 11 59 12 68 13 51 14 53 15 50) 5 (1 73 3 79 8 69 12 74 14 73)
10 5 9 (1 35 3 38 4 34 6 38 7 26 8 36 10 37 11 44 14 30) 7 (2 38 4 29 9 32 12 23 13 36 14 33 15 34) 9 (1 93 2 85 4 66 6 89 8 108 10 100 11 83 13 119 14 110) 9 (3 35 4 67 5 60 6 57 9 49 10 62 12 59 13 60 15 60) 10 (1 22 2 21 3 13 6 25 7 18 8 23 10 17 12 19 13 19 15 20) 5 3 (7 17 14 22 15 21) 7 (1 62 5 45 6 64 7 56 9 74 12 62 13 61) 2 (7 50 15 49) 2 (1 16 7 23) 2 (1 60 3 40)
10 10 3 (6 28 7 44 14 47) 6 (1 67 6 76 8 87 9 77 11 65 12 58) 2 (1 23 6 24) 5 (2 26 6 30 9 29 14 15 15 25) 3 (1 25 5 31 9 22) 8 (1 26 3 27 4 24 7 28 8 20 10 27 12 22 13 21) 7 (1 26 2 27 4 24 5 23 7 19 10 24 14 24) 2 (9 75 10 95) 10 (1 5 3 6 4 6 5 5 7 3 9 5 10 3 11 6 12 5 15 4) 2 (10 82 15 91)
10 8 7 (2 45 5 47 6 51 8 55 10 53 11 75 15 56) 9 (2 9 3 9 5 12 6 12 7 18 9 14 12 11 14 9 15 11) 8 (4 10 8 13 9 13 11 12 12 12 13 8 14 9 15 15) 2 (8 37 13 25) 7 (1 26 3 29 4 37 5 33 7 38 10 30 14 30) 8 (1 72 2 71 5 79 8 64 11 68 12 77 13 54 15 74) 9 (2 58 3 63 4 50 6 65 7 55 10 50 11 56 12 59 14 47) 3 (8 20 12 30 14 28) 2 10 (1 106 2 86 4 92 5 84 7 82 8 102 9 104 12 89 13 120 15 70) 6 (6 39 8 41 9 43 11 25 13 43 15 47)
10 6 7 (1 76 4 88 5 102 8 84 9 71 10 58 12 111) 8 (1 47 4 57 5 49 6 32 7 57 12 57 14 56 15 44) 3 (7 25 10 28 13 30) 10 (3 66 4 69 5 56 6 59 9 61 10 60 11 68 12 67 13 69 14 88) 5 (3 8 7 8 8 6 9 8 10 6) 8 (1 28 5 24 6 23 7 22 8 20 10 23 13 21 15 26) 4 9 (2 51 4 54 5 38 6 48 8 56 9 60 11 52 14 38 15 46) 3 (4 77 13 60 14 80) 5 (2 14 5 14 11 15 12 17 13 20) 3 (12 35 13 44 15 35)
10 5 4 (6 92 13 97 14 89 15 65) 5 (2 28 4 21 6 22 9 23 10 22) 7 (1 55 2 113 3 81 4 90 6 87 8 103 9 74) 7 (1 59 3 60 4 66 5 81 7 66 11 55 12 72) 6 (2 14 4 13 5 9 6 10 10 16 12 11) 5 3 (1 76 7 71 10 66) 7 (3 25 4 43 5 52 6 42 7 45 10 48 11 26) 9 (1 62 2 55 3 39 5 50 7 75 8 49 12 48 14 62 15 59) 10 (1 55 3 54 4 56 5 60 8 61 9 60 11 63 12 53 13 64 14 75) 3 (6 22 9 17 10 20)
10 6 5 (5 97 8 85 9 101 11 70 13 88) 10 (1 71 3 61 6 63 7 57 8 86 10 66 12 52 13 82 14 70 15 72) 6 (3 12 5 12 7 14 9 15 10 12 12 14) 4 (1 46 5 35 10 47 13 38) 9 (1 73 2 56 4 71 6 73 7 87 10 79 11 69 12 65 13 76) 4 (5 74 7 52 8 53 12 51) 4 5 (5 38 6 59 8 58 10 58 11 57) 7 (2 74 3 70 7 93 8 74 10 86 12 88 15 87) 9 (3 43 4 52 5 43 6 47 7 35 8 48 9 53 11 38 12 33) 6 (1 84 2 60 5 74 8 56 9 101 14 67)
10 6 6 (3 66 10 89 11 82 12 72 13 76 14 56) 7 (2 51 3 65 4 80 5 51 7 56 12 77 13 43) 8 (2 67 3 64 8 50 9 69 11 80 12 69 13 59 14 68) 8 (4 41 7 36 10 44 11 49 12 50 13 50 14 32 15 51) 6 (4 74 5 98 6 72 8 66 10 74 15 88) 2 (9 90 10 65) 4 10 (2 36 5 32 6 27 7 30 8 36 10 29 11 28 13 33 14 18 15 27) 6 (3 44 4 29 7 56 9 55 11 57 13 56) 2 (10 26 12 26) 8 (4 40 6 49 8 40 9 46 11 34 12 40 13 41 14 52)
10 5 9 (2 10 3 14 6 8 7 11 8 8 9 11 11 11 13 11 14 12) 2 (1 52 8 82) 10 (2 82 3 114 4 115 6 86 8 105 9 104 11 111 13 97 14 91 15 102) 2 (7 35 15 46) 7 (1 16 4 15 5 14 6 19 7 18 10 16 12 25) 5 7 (2 91 4 89 6 103 10 92 11 64 13 95 15 79) 2 (3 67 13 69) 5 (3 13 9 8 10 9 14 10 15 9) 2 (4 104 5 98) 9 (2 63 3 71 5 71 6 70 7 58 9 55 10 79 11 58 13 84)
10 6 5 (2 102 3 109 4 74 10 86 11 123) 8 (2 97 4 87 5 117 7 99 10 100 11 99 13 88 15 90) 3 (3 40 7 33 14 40) 4 (1 73 8 75 13 68 14 61) 6 (2 33 3 32 6 37 9 36 12 33 13 26) 8 (1 58 2 69 3 56 7 60 8 59 9 55 10 58 13 72) 4 9 (1 94 2 84 5 66 6 73 7 106 8 99 11 100 12 93 15 89) 4 (4 38 5 41 14 46 15 58) 10 (1 96 4 73 5 88 6 71 8 59 10 74 12 98 13 77 14 82 15 79) 6 (6 66 7 52 9 55 11 71 12 43 15 56)
10 8 4 (7 63 9 54 11 63 14 53) 3 (5 34 8 44 11 43) 9 (1 49 4 37 6 46 7 48 8 81 10 46 11 45 14 45 15 55) 3 (5 25 6 28 8 17) 6 (5 63 9 67 11 68 12 48 14 58 15 58) 8 (1 39 2 43 3 46 5 48 7 48 8 40 11 39 15 48) 7 (3 88 5 76 6 72 7 71 11 76 13 82 14 72) 7 (2 106 4 101 8 106 10 80 11 93 12 104 13 129) 2 6 (3 75 5 103 7 88 9 91 13 77 15 99) 9 (1 12 2 23 6 12 7 14 9 17 10 21 11 18 12 10 13 12)
10 7 10 (1 10 2 11 3 17 4 12 5 15 8 15 9 15 11 15 12 9 15 13) 8 (4 6 6 10 7 7 8 5 10 7 11 7 12 9 14 7) 4 (3 101 12 109 14 67 15 91) 6 (1 59 3 92 4 51 5 38 6 62 13 64) 10 (1 64 2 72 3 61 5 75 6 53 7 75 9 70 11 81 14 88 15 75) 8 (1 59 2 67 3 55 4 69 5 87 6 72 13 64 15 60) 4 (1 69 8 73 11 72 15 55) 3 6 (1 48 2 37 3 55 7 38 10 43 14 41) 8 (1 96 2 104 4 112 6 90 7 72 8 127 12 118 14 127) 10 (3 8 5 9 6 8 9 10 10 9 11 9 12 10 13 8 14 9 15 10)
10 9 2 (3 73 11 94) 5 (4 85 6 90 8 56 12 89 14 73) 10 (2 12 4 16 5 16 7 14 8 14 9 18 10 14 11 15 13 11 14 12) 2 (7 41 11 37) 8 (3 94 5 108 6 92 7 81 9 67 10 80 13 88 15 91) 10 (2 43 3 39 4 41 5 50 6 39 7 35 9 38 10 40 12 43 13 41) 9 (1 22 3 17 4 18 5 16 6 18 7 22 8 19 10 19 15 21) 3 (6 19 8 18 12 18) 5 (4 54 5 66 6 39 9 42 11 52) 1 3 (4 101 5 60 14 76)
10 5 9 (1 36 2 37 5 44 6 39 7 42 8 37 9 35 13 42 15 52) 7 (5 50 6 54 7 61 9 43 10 52 11 62 15 57) 3 (1 92 7 64 12 116) 4 (5 107 6 60 10 93 13 100) 9 (2 102 4 127 5 90 6 80 8 114 10 110 12 111 13 76 15 101) 5 10 (1 79 3 91 4 92 5 89 8 81 9 76 10 105 11 89 12 90 13 79) 2 (4 18 8 15) 8 (1 57 3 53 4 60 6 78 7 67 9 74 12 55 15 71) 8 (1 41 2 64 4 43 7 60 8 40 10 59 12 44 15 45) 4 (4 114 7 97 8 114 12 115)
10 7 9 (1 32 4 37 6 35 7 30 8 38 9 20 12 37 13 37 15 39) 10 (1 30 2 36 3 37 4 32 5 29 7 32 8 32 10 31 11 31 14 31) 8 (1 95 3 77 5 101 7 92 8 77 9 100 10 99 11 88) 5 (6 16 10 13 12 20 13 19 14 19) 5 (1 51 2 57 11 48 13 48 15 61) 7 (1 14 2 9 5 16 6 14 8 14 13 13 14 16) 5 (3 81 6 107 10 76 13 77 14 68) 3 8 (1 68 3 41 4 72 6 78 12 46 13 60 14 61 15 64) 3 (1 40 3 48 14 38) 5 (2 71 3 76 7 75 10 68 12 76)
10 5 5 (3 82 8 95 12 90 14 99 15 106) 3 (8 107 10 63 14 75) 5 (7 85 9 78 12 77 13 64 14 82) 8 (1 56 3 51 4 54 5 47 9 47 10 51 11 47 14 54) 3 (4 71 5 80 6 50) 5 2 (2 75 10 98) 10 (2 33 3 33 5 41 6 31 8 38 10 34 11 28 12 28 13 33 15 23) 10 (1 57 3 61 4 58 5 72 6 58 7 55 9 66 10 67 11 52 15 64) 8 (1 43 2 38 3 47 8 34 9 44 10 56 11 31 12 48) 4 (8 15 9 12 11 16 12 19)
10 10 6 (1 92 3 82 4 65 6 80 9 86 13 99) 3 (5 50 6 43 8 39) 7 (1 28 3 29 4 32 6 31 7 26 10 22 14 28) 7 (2 62 3 65 4 82 6 73 10 56 12 53 15 63) 5 (5 75 9 76 12 79 14 76 15 64) 10 (1 77 2 81 3 64 4 76 7 94 9 81 10 94 12 64 14 75 15 65) 5 (3 7 4 5 7 6 9 5 11 5) 6 (4 56 5 46 10 42 12 41 14 61 15 46) 8 (1 50 3 50 4 52 6 52 8 57 10 38 11 58 12 57) 7 (3 63 5 62 7 37 8 72 9 43 10 58 15 55)
10 9 6 (1 42 5 41 9 46 12 50 13 55 14 46) 9 (2 28 3 48 4 41 6 30 7 46 8 39 9 53 11 27 13 47) 5 (2 27 6 18 7 24 8 26 9 19) 7 (5 76 6 88 7 106 8 97 11 89 13 94 14 86) 9 (2 40 3 43 4 38 6 36 10 44 12 42 13 40 14 52 15 55) 7 (2 85 3 96 5 95 6 56 7 77 11 92 14 78) 9 (1 105 3 96 4 102 5 92 6 96 7 93 9 109 11 109 12 90) 6 (4 51 6 60 7 74 9 58 11 47 15 52) 4 (3 24 5 26 7 25 13 31) 1 9 (1 33 2 37 3 36 5 37 6 37 7 28 8 40 11 31 12 32)
10 8 9 (1 83 5 77 7 72 8 61 9 63 10 91 11 88 13 78 15 93) 5 (1 75 3 67 6 57 12 63 14 79) 5 (1 91 4 61 8 65 10 109 12 80) 2 (10 76 15 79) 2 (9 87 11 55) 6 (1 47 2 35 6 43 7 44 9 37 15 36) 6 (2 82 3 92 4 126 5 99 11 89 13 82) 7 (2 39 4 36 5 37 7 38 8 38 10 33 13 36) 2 2 (6 21 11 21) 4 (2 24 3 17 7 22 13 24)
10 5 4 (9 93 13 59 14 77 15 88) 8 (1 7 3 8 6 7 7 9 8 8 9 8 10 8 11 7) 10 (2 39 3 47 4 46 5 41 6 52 7 38 8 38 9 49 10 46 13 51) 6 (2 62 9 67 11 71 12 59 14 66 15 72) 4 (2 48 5 76 8 84 11 75) 5 9 (3 53 5 53 6 48 10 40 11 44 12 43 13 47 14 50 15 39) 2 (2 46 11 42) 3 (7 28 13 27 15 26) 4 (1 50 5 78 9 75 12 61) 5 (3 100 4 86 5 70 13 87 14 75)
