20 15
14 10 9 14 8 15 12 14 13 11 14 11 8 9 13
1 3 2 3 1 3 2 3 3 3 2 3 1 3 2
10 6 6 (2 17 3 17 6 17 7 16 12 16 13 13) 9 (1 40 2 36 3 33 5 41 6 42 7 33 8 35 11 31 13 33) 6 (1 44 3 51 7 43 9 45 11 47 15 58) 4 (3 83 7 93 8 83 15 86) 4 (4 97 10 80 11 122 12 122) 9 (3 14 4 8 6 8 9 11 11 12 12 10 13 14 14 11 15 13) 4 10 (2 53 3 73 5 107 6 88 7 66 8 84 9 66 10 90 13 59 15 84) 10 (1 72 2 58 3 34 4 71 5 72 6 39 7 76 9 56 10 88 11 58) 2 (2 10 6 12) 3 (7 28 14 31 15 29)
10 6 7 (2 33 5 44 7 49 8 48 9 54 11 46 13 37) 7 (1 100 3 77 6 109 9 94 11 70 12 86 14 66) 3 (1 78 11 86 12 83) 7 (1 56 3 40 4 30 5 36 6 41 11 46 15 35) 10 (2 60 3 63 4 54 5 56 7 59 8 57 11 61 12 73 13 38 14 68) 9 (1 89 3 84 4 109 6 83 8 123 9 70 10 78 11 77 12 75) 4 5 (3 109 9 114 12 83 13 112 15 98) 9 (1 120 2 100 3 68 5 95 7 87 11 77 12 81 13 102 14 76) 5 (3 79 5 56 6 79 8 67 12 48) 10 (1 66 2 71 3 82 5 100 6 71 9 58 10 66 11 66 12 72 15 51)
10 5 9 (1 35 2 42 3 37 5 28 7 50 8 50 10 39 11 49 13 40) 8 (3 6 5 7 7 6 8 7 9 6 10 8 11 6 12 7) 7 (3 6 5 5 6 6 8 4 9 7 11 4 12 7) 8 (2 38 7 42 9 45 10 41 11 49 13 47 14 37 15 36) 5 (1 14 7 13 8 16 9 14 10 11) 5 3 (3 8 5 9 11 9) 8 (1 54 2 65 4 76 5 51 6 57 7 67 10 72 12 58) 6 (1 95 6 64 9 111 10 87 12 66 13 84) 4 (4 72 9 59 10 64 11 81) 4 (1 51 4 51 5 54 14 59)
10 10 9 (1 52 4 41 5 52 6 35 7 37 9 41 10 51 12 35 13 42) 3 (2 74 8 91 11 80) 6 (1 57 2 68 3 63 6 66 11 55 14 58) 2 (10 48 11 40) 4 (2 8 5 9 7 8 9 6) 9 (3 63 4 89 5 85 7 66 9 77 10 63 12 88 13 85 15 74) 4 (9 45 10 44 11 40 15 45) 6 (2 104 3 103 5 104 6 100 9 114 11 89) 9 (1 15 2 21 4 20 6 17 7 19 11 24 12 21 14 25 15 21) 9 (2 103 3 84 4 63 8 84 9 106 10 121 11 118 12 96 15 110)
10 10 4 (1 27 2 25 8 25 11 25) 10 (1 38 2 49 4 36 5 26 8 39 9 29 10 38 13 53 14 33 15 40) 4 (6 29 12 29 13 36 15 42) 3 (2 59 3 55 8 53) 2 (6 8 7 6) 2 (5 4 12 6) 5 (9 88 10 70 12 78 14 76 15 76) 3 (3 35 9 50 15 37) 8 (1 78 2 64 4 57 5 80 7 94 10 87 14 99 15 74) 5 (1 66 2 46 3 35 8 49 12 32)
10 7 8 (2 9 3 8 4 9 5 8 8 9 9 9 11 9 12 8) 9 (2 39 5 41 6 38 7 37 9 49 10 41 11 55 12 43 13 39) 3 (2 34 3 37 8 27) 9 (2 17 3 33 4 21 5 32 7 27 8 21 9 22 12 21 15 22) 5 (1 64 8 69 10 58 11 76 13 71) 9 (1 104 2 82 3 114 4 84 7 102 8 103 9 89 10 103 12 106) 5 (4 81 5 78 8 90 11 67 12 81) 3 2 (5 68 8 73) 3 (7 60 9 63 11 45) 5 (3 56 7 63 9 50 10 55 15 56)
10 8 3 (8 8 9 6 10 6) 6 (3 24 5 19 6 20 8 16 11 25 14 21) 5 (5 55 6 41 9 46 11 45 15 50) 2 (3 15 9 14) 3 (2 63 9 71 10 85) 4 (1 86 4 97 7 107 8 113) 3 (1 78 4 51 9 60) 3 (4 76 10 64 11 48) 2 10 (1 71 2 85 3 124 5 88 6 102 7 104 10 85 12 82 13 88 15 95) 10 (4 30 5 26 7 20 8 27 9 31 10 27 11 34 13 31 14 29 15 35)
10 5 5 (2 58 3 64 11 55 12 73 14 61) 10 (2 47 3 54 4 39 6 64 7 71 8 53 10 54 11 68 13 47 14 58) 4 (3 75 11 87 13 78 15 99) 4 (7 33 9 27 12 34 13 35) 3 (9 29 12 38 13 26) 5 9 (1 40 2 50 5 43 8 37 10 39 12 45 13 43 14 40 15 45) 2 (11 55 12 62) 6 (2 87 3 88 6 59 8 83 11 91 12 66) 5 (1 72 2 80 3 63 6 57 12 52) 9 (1 36 4 28 5 30 6 31 9 35 10 28 11 29 12 29 15 26)
10 8 2 (4 43 12 37) 3 (2 49 4 48 5 39) 2 (2 57 9 55) 10 (2 80 6 94 7 94 8 109 9 62 10 111 11 109 12 101 13 101 14 101) 4 (2 33 3 29 5 28 14 32) 8 (3 96 4 107 5 55 6 83 8 95 10 80 14 88 15 111) 8 (1 99 6 87 9 86 10 90 11 79 12 79 14 90 15 84) 7 (1 10 5 11 6 13 9 12 10 13 12 11 15 11) 2 5 (2 14 5 16 9 17 12 16 15 19) 7 (2 54 3 58 6 49 7 64 9 67 10 68 12 74)
10 6 7 (1 49 3 47 4 49 5 43 11 52 12 41 13 45) 4 (3 35 5 30 12 32 14 36) 8 (1 33 2 33 6 33 10 29 11 38 12 24 13 29 15 33) 3 (4 62 8 55 11 45) 10 (2 24 3 17 5 19 6 19 7 20 8 22 10 16 13 20 14 21 15 19) 4 (8 32 9 21 13 25 15 32) 4 6 (1 41 3 50 9 54 10 42 14 53 15 51) 5 (1 44 5 43 10 40 11 33 12 35) 3 (4 14 6 9 14 10) 5 (2 25 5 30 6 29 8 31 14 27)
10 8 6 (2 69 3 71 5 66 7 83 9 76 11 93) 9 (1 10 3 11 5 12 7 10 10 11 11 8 13 10 14 9 15 9) 7 (2 71 4 80 5 76 7 53 8 71 10 88 12 66) 8 (4 12 7 15 8 13 9 21 10 19 11 22 12 17 13 14) 2 (6 106 10 84) 6 (3 74 4 86 7 74 8 75 9 100 13 86) 3 (3 16 6 15 13 23) 8 (5 42 7 58 8 57 10 51 12 33 13 48 14 50 15 55) 2 5 (1 87 2 86 7 93 13 66 15 57) 2 (3 32 10 31)
10 10 4 (7 17 8 18 10 20 15 18) 3 (6 5 11 5 12 9) 6 (2 85 5 100 11 99 13 78 14 96 15 79) 7 (1 27 3 20 4 32 6 30 10 29 11 26 15 28) 7 (2 12 3 19 4 13 5 16 7 17 13 25 15 16) 5 (1 65 2 71 7 83 10 80 12 75) 10 (3 45 5 56 6 77 7 55 9 63 10 55 11 64 13 73 14 64 15 56) 5 (1 75 2 60 6 64 8 68 10 80) 3 (2 16 4 11 5 11) 4 (2 51 3 44 4 50 14 51)
10 7 9 (1 65 3 47 4 83 10 125 11 81 12 91 13 83 14 87 15 105) 3 (3 36 13 35 14 30) 5 (4 39 6 50 8 38 9 49 10 46) 9 (1 10 4 11 5 9 6 9 8 8 10 9 13 13 14 11 15 8) 4 (3 18 8 13 9 13 14 18) 2 (6 37 14 36) 8 (3 63 4 59 5 68 6 58 9 77 10 71 11 65 15 67) 3 3 (9 14 10 17 12 22) 4 (2 32 6 39 9 47 13 46) 9 (1 18 2 18 3 16 4 17 6 17 7 17 8 14 9 18 11 14)
10 6 10 (1 31 2 33 3 30 4 28 5 31 7 28 10 38 13 30 14 36 15 38) 2 (7 88 13 91) 9 (2 25 3 38 5 32 7 26 9 35 10 31 12 28 14 31 15 34) 3 (4 76 5 82 6 92) 9 (2 85 3 95 4 81 5 72 7 67 9 116 12 95 14 103 15 71) 2 (7 76 9 72) 4 8 (2 91 3 90 5 96 7 114 8 130 10 99 11 111 13 101) 2 (1 65 8 42) 4 (2 77 3 83 10 104 11 78) 6 (4 9 6 8 7 8 8 7 11 8 15 8)
10 8 9 (1 108 2 86 4 108 5 90 7 73 9 87 10 79 13 71 15 105) 3 (2 28 10 38 13 35) 2 (4 60 6 55) 4 (2 30 11 28 12 27 15 27) 7 (1 6 5 5 6 6 9 8 10 8 13 7 14 5) 9 (1 18 2 21 3 21 4 20 8 23 9 26 12 20 13 16 15 26) 4 (4 32 6 34 9 39 15 39) 3 (3 59 5 60 11 66) 2 2 (4 78 7 69) 2 (6 52 8 51)
10 9 2 (1 46 8 65) 9 (1 93 2 94 3 83 6 81 8 76 9 62 12 98 13 74 14 86) 6 (1 23 3 29 7 18 8 28 10 29 11 27) 7 (2 79 3 71 5 79 9 91 11 86 12 92 14 89) 4 (2 20 3 17 4 16 11 15) 3 (1 31 6 54 12 35) 4 (5 52 7 43 13 41 14 35) 8 (1 79 2 80 7 38 8 61 10 56 11 63 14 53 15 71) 2 (3 85 7 73) 1 2 (13 46 14 33)
10 10 2 (9 52 14 56) 10 (2 69 3 84 4 94 5 74 6 92 7 54 10 79 12 66 13 63 15 63) 2 (6 49 7 42) 4 (1 36 3 33 4 26 13 44) 7 (1 20 4 18 7 19 8 20 9 21 10 15 15 24) 6 (5 35 7 54 9 45 12 49 13 42 15 42) 8 (2 53 3 39 4 42 7 56 9 51 12 42 13 33 15 45) 10 (1 47 3 52 6 53 7 54 8 56 9 51 10 53 13 32 14 42 15 58) 8 (1 24 6 24 7 27 8 25 9 21 10 28 11 26 15 26) 9 (1 13 3 11 4 15 5 14 8 17 9 13 10 15 11 15 14 15)
10 5 6 (2 79 5 65 6 85 8 57 9 80 10 75) 8 (4 25 6 29 7 23 8 34 9 36 10 28 11 22 13 35) 6 (5 17 8 19 9 18 12 24 14 22 15 15) 3 (10 67 12 75 15 64) 3 (1 39 9 41 14 43) 5 9 (2 38 3 46 4 47 5 43 7 39 8 41 10 46 12 40 15 49) 8 (1 30 2 34 3 26 5 24 6 31 7 31 8 24 12 36) 6 (2 91 6 99 7 89 12 92 14 96 15 94) 5 (2 4 4 6 6 4 10 4 12 5) 2 (6 86 9 118)
10 6 9 (2 59 4 42 5 53 7 45 9 58 11 40 13 35 14 42 15 59) 2 (2 63 11 76) 3 (1 86 7 67 8 95) 9 (1 43 2 46 7 51 8 43 10 42 11 49 12 50 13 58 14 62) 3 (1 63 5 45 8 36) 9 (2 17 5 35 6 22 8 31 10 25 11 24 13 19 14 27 15 17) 4 9 (1 30 3 30 4 31 7 35 8 36 10 23 11 28 13 34 15 32) 2 (3 92 9 103) 7 (1 13 4 14 8 12 9 16 11 13 12 12 13 13) 7 (5 96 7 101 10 106 11 98 12 103 13 88 15 78)
10 5 7 (1 79 3 57 4 56 6 56 8 65 10 51 15 53) 3 (5 84 6 94 10 87) 8 (1 4 6 6 7 5 8 5 9 7 11 5 12 7 15 5) 7 (7 89 8 76 10 77 12 78 13 83 14 90 15 73) 6 (1 38 3 36 7 35 10 32 12 37 15 32) 5 9 (1 63 2 74 3 88 4 77 7 57 8 58 9 53 11 59 15 62) 10 (1 25 3 28 4 25 6 18 8 34 9 27 11 30 12 31 14 24 15 25) 10 (1 8 2 9 4 8 5 10 8 11 9 9 10 10 11 10 14 8 15 9) 7 (1 22 2 18 3 27 4 27 7 24 9 19 11 23) 7 (5 10 6 7 7 12 9 14 12 12 13 17 15 12)
