20 15
13 10 8 9 12 14 12 10 11 15 11 9 13 14 12
1 1 2 3 2 1 1 1 3 3 3 2 1 2 3
10 10 4 (1 32 3 29 7 20 11 25) 7 (3 58 4 87 5 81 7 68 8 66 12 85 13 89) 4 (3 50 8 56 11 55 12 52) 3 (1 47 4 38 13 46) 9 (1 5 3 6 7 5 9 6 10 4 12 8 13 5 14 6 15 8) 2 (5 18 7 21) 5 (1 94 3 90 7 96 10 78 15 70) 2 (3 42 13 32) 4 (1 40 6 52 7 45 12 38) 4 (3 10 10 10 12 9 14 8)
10 9 7 (1 59 2 66 3 69 9 81 10 64 14 80 15 66) 9 (1 55 3 53 6 51 7 65 8 55 12 73 13 52 14 68 15 47) 10 (3 23 4 25 5 20 6 21 8 17 9 26 10 17 12 21 13 26 14 19) 7 (2 63 3 80 4 60 6 55 9 60 12 58 13 49) 4 (3 55 8 47 9 38 10 54) 8 (4 28 5 27 6 29 7 30 8 30 12 27 13 19 14 20) 5 (2 60 3 73 7 71 14 61 15 81) 2 (5 73 8 84) 2 (1 81 6 71) 1 10 (1 15 2 16 6 12 7 13 8 13 9 12 10 17 11 17 14 14 15 14)
10 8 7 (2 85 4 80 5 69 8 72 10 89 11 115 13 72) 10 (2 78 3 91 5 92 6 100 8 80 9 106 11 98 12 98 14 75 15 67) 9 (2 23 3 30 5 21 7 28 8 23 9 29 10 28 13 21 15 27) 9 (2 37 4 42 5 44 7 40 8 42 9 44 11 39 13 55 14 41) 5 (4 98 6 98 7 111 10 58 13 101) 8 (1 37 2 24 10 27 11 30 12 30 13 37 14 32 15 35) 9 (3 27 4 24 5 27 6 30 8 31 10 35 12 29 14 25 15 29) 9 (1 83 2 87 4 69 5 63 6 71 7 70 8 80 11 83 13 80) 2 10 (1 41 2 42 3 27 6 43 8 31 9 35 11 45 13 44 14 37 15 24) 3 (1 50 4 39 12 49)
10 7 5 (8 88 9 88 10 92 11 93 12 84) 7 (1 42 2 45 3 59 5 59 8 73 11 80 12 69) 5 (2 9 9 9 13 7 14 9 15 8) 10 (2 31 3 29 4 33 5 22 6 36 7 31 9 38 10 30 11 26 14 30) 10 (1 79 2 85 4 52 5 87 6 73 7 66 8 61 10 69 12 68 14 76) 6 (7 40 8 51 9 27 10 40 11 44 15 33) 10 (1 86 3 66 5 100 6 70 9 63 10 70 12 73 13 72 14 76 15 79) 3 7 (1 62 2 54 4 56 6 50 8 53 11 54 13 62) 8 (2 39 4 38 5 38 7 44 8 43 9 46 10 39 12 49) 2 (6 110 15 89)
10 9 3 (3 51 4 36 15 47) 5 (3 49 4 75 5 80 7 68 12 69) 4 (1 90 9 105 10 103 11 90) 7 (2 8 4 8 6 7 9 6 12 5 14 8 15 7) 6 (3 63 7 61 9 65 10 44 13 65 14 71) 4 (3 81 7 78 11 79 13 75) 5 (9 63 10 61 11 37 14 59 15 53) 10 (1 56 3 64 5 60 6 58 7 56 8 57 11 58 12 65 14 47 15 57) 2 (1 17 3 15) 1 9 (1 69 2 86 4 86 5 84 6 92 9 79 10 106 12 79 13 85)
10 9 9 (1 33 2 31 4 32 6 29 7 42 8 40 9 30 10 35 11 29) 8 (1 8 2 13 5 9 6 9 7 13 8 12 11 11 15 10) 6 (5 60 6 40 8 57 11 45 13 36 14 52) 2 (7 8 14 9) 8 (4 47 5 59 7 57 8 68 11 51 12 51 14 49 15 63) 5 (5 79 7 116 11 86 12 88 13 108) 2 (5 8 12 8) 6 (1 72 4 101 7 100 9 72 10 82 13 82) 7 (1 31 3 25 4 24 7 33 11 30 12 36 13 26) 1 6 (2 71 3 60 6 56 9 63 11 68 14 64)
10 5 7 (2 89 3 106 9 113 10 113 11 97 12 106 13 112) 6 (3 87 5 77 7 68 10 92 11 72 12 82) 7 (1 85 5 125 6 96 7 82 8 99 9 109 12 78) 7 (1 32 3 27 6 30 9 34 10 37 12 17 13 26) 9 (1 101 2 114 3 95 4 109 5 104 7 82 8 113 9 103 12 130) 5 9 (1 84 4 76 5 74 6 81 10 69 11 93 12 58 14 65 15 56) 3 (1 94 7 99 11 99) 10 (1 85 2 89 4 94 5 108 6 91 7 94 11 71 13 97 14 103 15 105) 10 (1 75 3 69 4 76 6 86 8 75 9 77 11 84 12 83 14 80 15 78) 6 (1 33 5 24 7 25 8 26 14 25 15 27)
10 8 2 (5 92 11 97) 4 (1 90 5 81 11 94 14 77) 5 (4 50 7 65 8 41 11 67 15 54) 9 (1 36 2 67 3 42 7 58 9 39 11 53 12 42 14 51 15 39) 7 (1 61 2 60 3 68 6 46 11 76 12 53 15 68) 7 (1 39 2 38 4 37 5 36 11 41 14 45 15 41) 6 (1 85 2 75 4 70 5 88 12 106 15 84) 6 (1 42 3 35 6 48 9 42 12 49 15 41) 2 6 (2 33 3 42 6 38 7 29 8 30 9 35) 6 (3 108 8 99 10 95 11 108 14 108 15 82)
10 6 8 (2 10 3 6 4 7 5 7 6 8 10 6 13 6 14 6) 6 (1 70 3 60 6 74 7 72 8 85 13 75) 9 (2 86 4 68 5 99 6 120 7 125 11 108 12 107 14 88 15 126) 5 (2 20 6 31 7 25 9 23 15 24) 8 (4 26 5 20 6 17 10 17 11 18 13 20 14 19 15 22) 2 (7 79 13 71) 4 4 (1 40 4 39 11 51 13 47) 2 (5 51 8 82) 2 (9 51 15 59) 9 (1 12 2 12 3 12 7 14 8 12 10 13 12 13 13 14 14 8)
10 10 2 (10 35 11 34) 7 (2 47 3 53 4 48 7 70 8 60 9 71 15 74) 7 (2 41 3 55 5 53 6 50 7 48 11 55 13 39) 2 (8 27 9 25) 7 (1 74 2 93 3 98 5 78 6 109 12 83 14 87) 5 (1 115 3 96 4 95 7 76 9 96) 4 (1 74 2 66 6 75 15 65) 4 (2 20 5 23 6 29 11 22) 8 (1 52 4 74 5 63 7 72 9 65 12 76 14 64 15 88) 9 (1 106 4 103 5 116 6 86 7 79 8 81 10 115 12 93 14 107)
10 9 4 (7 35 8 54 13 38 14 41) 2 (3 44 9 83) 2 (13 31 14 34) 3 (2 114 4 73 13 94) 10 (1 48 2 65 3 90 8 60 10 78 11 66 12 77 13 65 14 65 15 86) 7 (3 24 4 24 5 30 7 26 8 33 12 24 13 19) 8 (1 9 2 6 4 9 5 8 11 8 13 8 14 7 15 7) 5 (7 81 10 73 13 86 14 73 15 70) 5 (2 21 8 19 10 21 12 15 15 21) 1 4 (2 24 3 43 9 41 12 44)
10 5 4 (4 17 7 17 8 21 13 17) 10 (2 77 5 56 7 86 8 73 9 63 10 74 12 66 13 68 14 83 15 77) 5 (6 90 7 59 12 66 13 67 14 54) 5 (2 100 3 89 5 68 11 64 14 89) 3 (2 24 9 31 11 28) 5 6 (1 35 4 38 6 39 7 44 13 38 14 35) 4 (2 8 5 10 7 9 8 9) 3 (2 23 6 23 14 21) 4 (4 13 6 11 7 12 10 11) 10 (1 37 2 50 4 52 5 36 8 52 9 41 11 35 12 38 13 44 14 42)
10 8 4 (7 61 8 77 9 70 13 82) 4 (1 44 7 52 11 49 14 43) 7 (1 71 2 61 4 87 9 65 12 81 14 77 15 79) 10 (1 93 2 109 4 71 6 86 7 90 8 82 9 104 10 91 13 104 15 107) 6 (2 57 6 67 7 39 11 71 12 54 13 58) 5 (3 8 4 7 5 8 10 7 11 8) 9 (2 35 3 37 5 43 6 34 7 50 8 36 10 38 11 47 13 47) 6 (1 48 6 51 7 55 9 50 10 75 12 59) 2 7 (1 59 3 58 4 39 5 58 7 47 10 47 13 46) 3 (1 42 3 47 14 56)
10 8 5 (3 125 4 115 5 89 6 79 15 93) 2 (3 91 10 106) 7 (1 12 3 10 6 11 7 11 8 12 11 10 13 9) 4 (1 51 4 62 6 90 7 74) 8 (5 39 7 50 9 47 10 43 12 49 13 37 14 44 15 45) 2 (11 84 15 102) 5 (1 79 3 74 4 83 7 72 8 60) 8 (1 11 3 11 4 8 6 13 7 11 8 8 10 11 14 12) 2 8 (2 51 3 42 4 66 6 48 7 68 9 49 10 69 13 70) 4 (6 74 8 63 9 65 14 60)
10 8 3 (7 58 10 75 12 75) 7 (3 45 4 44 7 42 9 45 12 40 14 40 15 52) 4 (4 13 8 16 12 10 13 14) 6 (6 40 8 45 9 42 10 38 11 46 13 34) 8 (3 73 4 69 5 52 8 73 10 96 12 63 13 71 14 74) 4 (1 50 6 63 10 63 11 91) 7 (4 32 7 37 8 36 9 30 10 38 11 40 12 33) 10 (4 8 5 6 7 7 8 6 9 7 11 7 12 6 13 7 14 7 15 8) 2 3 (1 30 9 34 11 25) 8 (1 94 2 91 4 91 8 95 11 88 12 103 13 82 14 73)
10 6 8 (1 86 4 97 6 98 8 104 9 88 12 100 14 102 15 71) 6 (1 32 2 30 4 34 8 27 9 25 10 15) 6 (4 65 5 64 7 67 9 55 10 82 13 46) 3 (5 82 8 63 11 89) 5 (1 9 4 8 10 9 13 10 14 10) 8 (2 46 4 43 5 44 7 44 10 44 11 35 13 48 14 49) 4 8 (2 42 3 51 7 54 8 42 9 48 11 47 13 45 15 44) 9 (1 60 2 62 4 54 6 56 7 59 9 73 10 54 11 67 15 59) 10 (1 59 2 56 3 63 4 79 6 62 7 78 8 81 9 64 12 64 13 46) 3 (7 71 12 62 13 70)
10 9 8 (1 63 2 77 6 88 10 82 11 57 12 83 13 93 14 60) 2 (4 13 14 12) 4 (1 76 8 86 12 113 13 89) 5 (3 54 4 48 7 54 11 54 12 40) 6 (2 49 5 60 7 77 11 73 14 60 15 42) 2 (6 38 13 27) 7 (1 101 4 122 5 106 6 98 9 115 10 106 14 103) 6 (2 79 4 74 5 88 6 87 8 122 15 115) 9 (1 72 2 41 3 73 5 55 6 55 9 60 10 76 14 86 15 80) 1 5 (3 9 7 7 10 10 12 5 15 7)
10 10 9 (2 65 3 64 4 58 6 71 7 54 8 73 12 45 14 82 15 63) 4 (1 9 8 8 10 10 12 8) 5 (3 32 5 41 12 21 13 41 15 32) 3 (1 50 8 56 15 40) 6 (3 88 4 93 5 96 6 76 9 92 14 79) 9 (1 63 6 81 8 62 9 62 11 56 12 66 13 70 14 57 15 60) 2 (4 105 8 68) 4 (3 67 4 89 5 87 11 55) 8 (1 91 4 105 7 77 8 123 9 95 11 94 12 88 14 113) 9 (1 40 3 48 4 40 6 37 7 42 8 34 11 36 13 39 14 44)
10 6 7 (2 46 3 36 5 30 6 29 8 37 9 30 14 32) 5 (1 62 6 69 8 52 9 64 12 88) 2 (3 17 4 26) 9 (2 40 3 36 7 24 8 36 11 38 12 27 13 39 14 39 15 33) 5 (3 25 8 22 12 16 14 20 15 22) 2 (2 51 8 61) 4 10 (2 63 4 43 6 57 7 60 9 58 10 63 11 44 12 51 13 56 15 46) 10 (2 84 4 77 5 86 6 91 7 60 8 57 11 80 12 93 14 66 15 90) 10 (2 38 4 39 6 42 7 40 9 49 10 34 11 42 12 34 14 47 15 37) 3 (5 95 13 51 15 79)
10 10 7 (2 75 3 69 4 57 5 84 10 64 12 58 14 70) 8 (2 13 4 18 5 22 7 19 9 28 10 22 11 16 12 28) 7 (1 49 2 56 5 67 10 55 11 59 14 58 15 59) 9 (2 48 3 67 5 49 6 48 8 65 9 51 12 40 13 43 14 56) 10 (1 5 5 5 6 5 7 6 8 4 10 5 11 5 13 5 14 4 15 5) 8 (1 20 3 23 10 22 11 20 12 23 13 18 14 24 15 16) 7 (1 65 2 37 8 57 10 62 12 39 14 46 15 48) 2 (7 64 9 48) 6 (1 102 3 65 4 83 11 93 12 102 15 106) 3 (5 49 12 45 14 51)
