20 15
10 12 13 9 9 11 8 12 10 15 9 12 10 9 11
3 3 4 3 2 3 3 4 4 3 3 3 3 1 4
15 14 10 (3 27 4 23 5 21 6 18 8 16 11 25 12 25 13 22 14 21 15 24) 9 (2 14 3 11 4 11 6 11 7 12 9 13 10 11 11 12 15 12) 6 (1 13 2 19 5 19 8 23 12 19 13 10) 6 (2 32 6 24 7 27 11 26 12 30 14 29) 6 (1 22 3 19 4 20 6 17 7 15 15 19) 10 (3 24 5 28 8 29 9 32 10 24 11 20 12 20 13 21 14 24 15 22) 5 (3 26 10 25 12 33 13 36 14 18) 7 (1 23 4 16 6 22 7 21 10 21 12 29 13 16) 10 (1 40 2 30 4 22 5 29 6 30 7 42 11 30 12 23 14 26 15 33) 10 (1 28 2 31 3 32 4 27 6 26 8 30 9 30 10 28 12 26 13 30) 9 (1 20 3 19 4 19 5 18 7 16 9 19 11 19 13 17 15 21) 10 (1 17 2 19 4 20 5 17 6 17 8 14 10 16 11 15 12 17 15 17) 7 (2 37 3 41 6 41 8 39 9 34 13 35 14 38) 2 (3 24 8 17) 1 3 (4 30 5 22 14 26)
15 9 5 (1 28 3 26 11 28 13 28 14 37) 10 (2 13 3 16 4 11 6 13 7 17 8 16 9 17 12 17 13 16 14 18) 10 (3 18 4 25 5 21 7 16 8 19 9 20 11 26 12 22 13 22 15 18) 2 (8 27 14 16) 10 (2 21 3 25 4 31 5 28 7 24 8 34 12 20 13 27 14 36 15 33) 6 (1 12 2 15 3 14 7 13 9 15 14 13) 3 (9 27 10 29 11 19) 10 (1 32 4 37 5 37 6 36 7 22 9 37 10 42 11 37 13 39 15 35) 7 (2 24 4 23 5 29 6 24 7 35 10 32 13 32) 6 9 (2 16 5 17 7 15 8 16 9 10 10 15 11 13 13 12 15 16) 9 (1 13 3 11 4 10 5 13 7 11 9 11 10 12 11 12 15 12) 4 (2 23 4 21 11 25 12 24) 6 (4 20 5 27 7 22 8 18 9 21 15 17) 5 (2 25 3 27 5 15 7 22 12 20) 5 (5 24 7 31 8 28 11 29 13 30)
15 8 9 (1 33 2 37 3 31 4 31 8 41 9 41 12 39 14 40 15 34) 7 (1 19 3 22 4 21 9 23 11 21 12 21 15 20) 5 (1 19 5 20 6 24 8 24 10 20) 8 (1 39 6 35 7 31 9 33 11 35 12 33 13 37 14 35) 5 (4 23 7 17 10 19 11 15 14 17) 4 (7 14 9 14 13 10 14 13) 7 (2 18 4 19 5 22 10 21 11 22 12 22 15 18) 3 (11 24 14 23 15 19) 7 3 (5 21 13 15 15 13) 7 (2 13 3 11 4 16 5 12 7 14 9 14 15 14) 10 (1 19 3 18 4 14 5 16 6 18 7 18 9 17 10 16 11 19 15 13) 6 (4 23 6 31 10 22 11 29 12 34 15 26) 2 (3 16 13 16) 8 (4 19 7 21 8 21 9 20 10 23 11 20 12 23 15 22) 10 (1 17 4 25 5 18 6 15 7 24 8 20 9 20 12 19 13 19 15 23)
15 9 9 (1 20 2 28 6 17 7 20 8 19 9 20 10 20 11 15 14 15) 5 (1 30 4 23 5 28 10 32 15 25) 9 (2 20 4 21 5 17 9 16 10 15 11 19 12 20 14 20 15 18) 9 (1 15 3 15 4 11 5 15 6 11 7 14 9 13 10 13 13 16) 10 (2 25 4 25 5 33 7 28 8 36 9 38 11 33 12 31 14 27 15 32) 7 (1 34 2 23 3 25 4 26 6 26 9 31 10 40) 3 (1 31 6 36 14 33) 10 (1 18 2 21 3 23 6 19 7 25 9 24 11 16 12 24 13 23 14 20) 10 (2 35 3 35 4 29 6 26 9 31 10 31 11 32 12 26 13 29 15 24) 6 8 (3 25 5 28 7 20 9 24 10 23 11 19 13 19 14 16) 6 (7 27 9 30 10 29 11 28 13 22 15 24) 2 (8 23 12 22) 8 (1 13 3 18 4 14 5 12 6 15 8 14 11 15 15 14) 7 (2 19 3 18 6 18 8 24 9 22 12 23 13 21) 5 (2 20 7 21 8 17 9 16 12 13)
15 8 6 (4 24 6 21 11 22 13 24 14 18 15 27) 8 (1 16 5 15 7 16 10 18 12 22 13 16 14 25 15 15) 9 (1 28 3 26 4 29 6 39 9 19 11 28 12 24 13 33 14 29) 6 (1 34 3 24 6 32 9 32 12 28 14 29) 7 (3 14 4 16 6 13 7 19 9 18 10 19 12 16) 4 (4 17 9 18 11 13 15 19) 6 (1 25 4 25 8 30 10 21 14 18 15 22) 7 (1 22 6 25 7 22 8 20 12 20 13 22 15 23) 7 3 (7 16 8 22 12 20) 8 (1 31 3 29 4 40 5 32 8 41 9 43 11 45 14 37) 10 (1 28 2 25 3 29 4 24 5 23 6 24 8 17 10 22 12 26 15 18) 8 (3 21 5 18 9 28 10 23 11 23 12 16 14 25 15 29) 8 (1 35 5 23 8 31 10 26 11 29 12 26 13 36 15 28) 4 (5 14 7 13 11 16 15 15) 9 (2 24 5 17 6 14 8 15 9 19 11 17 12 19 14 14 15 16)
15 7 7 (2 29 4 27 6 28 9 22 10 28 13 17 14 20) 2 (11 18 12 20) 3 (9 23 14 22 15 21) 5 (2 29 4 33 10 37 12 30 14 43) 8 (1 40 4 37 5 40 8 35 9 33 11 30 13 40 15 31) 8 (1 43 2 35 8 40 9 34 11 27 13 45 14 38 15 31) 7 (2 49 3 50 4 38 8 38 10 33 11 39 12 34) 8 8 (2 34 5 37 6 48 8 46 9 41 10 41 12 41 15 27) 4 (6 23 7 27 8 26 15 24) 6 (1 30 2 32 3 27 6 20 7 34 11 25) 6 (1 16 2 15 3 13 10 15 14 10 15 15) 2 (5 17 12 26) 7 (3 36 4 43 5 35 10 43 11 38 14 28 15 34) 8 (4 13 5 12 9 12 10 17 11 15 12 17 13 11 15 13) 6 (2 24 7 28 8 21 11 28 12 29 15 25)
15 13 8 (2 31 3 27 5 29 8 26 10 25 13 27 14 23 15 20) 9 (1 28 2 43 5 33 6 29 8 39 9 30 10 29 12 28 14 26) 6 (6 21 8 20 9 20 12 24 13 24 15 18) 8 (1 18 3 21 8 19 11 19 12 17 13 23 14 24 15 18) 10 (3 14 4 12 6 10 7 11 8 10 9 14 10 14 11 11 12 10 14 15) 8 (3 27 4 27 6 27 7 30 10 23 12 32 14 29 15 24) 9 (1 39 3 42 5 47 7 45 8 38 10 44 11 35 12 38 13 39) 9 (3 12 4 17 5 12 6 9 7 12 8 9 10 12 11 15 15 11) 3 (4 10 10 11 14 13) 10 (2 35 4 43 5 30 8 31 9 36 10 35 11 43 12 38 13 39 15 38) 5 (1 18 3 21 4 26 14 24 15 16) 7 (1 19 2 11 3 15 5 16 7 18 10 17 14 16) 9 (1 29 2 23 3 29 4 24 7 28 8 29 10 28 11 32 13 26) 2 7 (5 20 6 16 7 22 8 17 9 16 10 20 15 16) 3 (5 32 10 29 12 39)
15 15 9 (1 23 2 31 3 24 4 25 8 25 9 26 11 25 12 28 15 28) 4 (5 20 9 11 13 20 15 18) 8 (1 30 2 29 5 29 6 31 8 27 11 28 12 29 14 28) 4 (2 20 4 18 9 15 10 23) 3 (7 19 8 18 9 22) 10 (1 49 2 36 3 40 4 42 7 35 9 39 10 35 12 47 13 37 14 42) 9 (1 12 3 17 6 14 7 14 8 17 10 16 12 13 14 15 15 15) 4 (4 28 9 35 12 35 13 34) 3 (7 39 12 37 13 43) 7 (2 33 4 27 5 28 6 31 7 29 10 31 14 32) 4 (5 39 6 31 11 35 14 33) 6 (1 15 5 10 6 12 8 10 11 13 13 16) 8 (1 44 3 32 4 38 6 21 7 32 9 39 13 22 15 31) 10 (1 21 2 21 3 25 5 29 7 25 10 19 11 18 12 23 13 15 14 21) 3 (2 12 3 13 4 14)
15 9 4 (7 36 10 30 13 31 15 32) 9 (1 35 2 36 3 30 4 33 8 32 9 29 11 36 13 27 15 28) 7 (1 24 3 29 4 23 6 16 9 24 12 36 15 25) 10 (1 18 4 26 5 27 6 25 7 27 8 31 9 27 11 37 14 30 15 33) 6 (1 42 2 40 5 48 6 37 9 43 10 48) 7 (1 30 3 20 4 27 5 20 11 19 13 26 14 20) 7 (3 21 5 32 10 25 12 21 13 21 14 32 15 25) 4 (5 28 6 33 10 25 15 33) 10 (1 30 5 23 6 28 9 26 10 31 11 26 12 34 13 32 14 25 15 24) 6 9 (3 18 4 15 5 15 6 17 7 18 10 20 13 16 14 15 15 18) 9 (1 21 2 16 3 23 4 26 5 27 6 25 12 20 13 21 15 23) 8 (1 12 2 13 3 12 4 15 5 13 11 12 13 11 14 15) 8 (3 31 8 19 9 28 10 22 11 27 12 26 14 28 15 29) 7 (2 24 3 26 5 27 7 26 9 23 13 36 14 30) 7 (3 26 5 33 6 43 8 36 10 37 11 34 14 31)
15 15 9 (1 32 2 26 3 32 4 30 5 28 6 32 7 33 11 32 13 45) 5 (1 11 4 10 9 12 12 8 13 10) 5 (3 37 6 34 10 49 11 45 12 36) 10 (1 19 3 18 6 17 7 20 8 15 9 15 10 19 11 21 13 18 14 20) 8 (7 20 8 21 9 30 10 23 12 25 13 20 14 13 15 25) 5 (2 41 8 32 11 36 12 34 14 39) 7 (2 23 3 24 5 29 7 23 9 25 10 26 11 23) 4 (1 8 4 10 7 7 13 10) 2 (3 38 12 27) 6 (3 28 4 40 5 33 8 23 12 32 13 36) 3 (1 15 7 14 8 17) 8 (1 16 3 16 4 12 7 14 8 14 11 13 12 17 15 14) 9 (1 24 6 23 8 27 9 26 10 26 11 28 12 27 13 27 15 25) 3 (4 28 8 28 13 27) 7 (2 35 3 35 5 25 8 33 9 44 10 33 14 27)
15 10 2 (1 28 15 32) 8 (1 30 3 38 5 33 6 32 7 39 10 35 12 43 14 38) 10 (1 34 3 36 6 27 8 33 9 32 10 24 11 28 12 27 13 26 15 29) 6 (2 31 3 28 11 25 12 20 14 33 15 42) 3 (5 16 8 21 11 25) 5 (1 17 3 12 5 12 6 14 8 13) 8 (1 15 3 12 6 15 7 11 8 14 10 12 12 15 13 10) 8 (1 19 2 19 3 20 6 17 7 23 8 19 10 22 14 18) 4 (1 27 6 28 11 32 15 35) 9 (1 27 3 23 6 24 7 31 8 26 11 24 12 25 13 28 14 29) 5 3 (5 34 6 29 11 39) 9 (2 11 3 15 5 12 6 18 8 14 9 16 11 11 13 15 14 14) 9 (1 30 2 23 3 32 5 22 8 26 9 32 11 25 13 30 15 18) 2 (9 39 11 35) 5 (7 35 8 34 9 36 13 35 15 36)
15 12 5 (1 20 2 19 8 22 10 25 15 24) 10 (1 21 3 29 4 20 5 26 6 32 8 28 9 25 11 25 13 21 15 26) 6 (1 29 3 24 4 20 11 32 13 33 15 27) 4 (5 33 11 33 13 30 14 29) 9 (1 27 2 33 3 26 5 34 6 40 7 29 9 24 10 27 14 32) 4 (3 19 10 22 12 15 14 19) 2 (4 22 5 19) 4 (1 22 6 22 11 20 14 17) 5 (1 30 5 28 8 26 11 39 12 28) 4 (1 27 2 25 9 28 11 37) 9 (1 19 2 21 7 21 8 18 9 21 10 18 13 18 14 15 15 18) 7 (3 13 4 20 5 18 9 20 10 17 11 21 14 15) 3 8 (1 9 2 10 4 10 7 12 8 7 10 13 11 8 15 13) 6 (2 19 3 12 5 21 11 19 14 22 15 17) 4 (4 12 6 14 11 17 15 17)
15 8 7 (3 35 6 44 8 36 10 42 11 29 12 29 14 35) 5 (2 33 4 26 5 37 12 28 13 29) 2 (1 40 7 33) 8 (3 18 5 13 6 17 7 17 10 16 12 16 13 16 14 14) 10 (1 29 2 33 3 26 5 23 9 34 10 27 11 21 12 31 13 25 15 30) 8 (2 31 4 37 6 34 7 37 8 29 9 39 13 39 14 33) 8 (3 44 4 24 6 41 10 42 11 40 13 38 14 35 15 48) 3 (1 23 6 21 14 19) 7 3 (7 15 11 17 14 23) 4 (1 9 7 10 9 11 11 11) 5 (1 27 5 20 7 21 8 23 12 27) 10 (1 33 5 42 6 35 9 28 10 50 11 38 12 31 13 41 14 29 15 36) 7 (2 18 5 17 7 13 8 13 11 16 12 17 14 18) 6 (5 33 7 27 11 29 12 29 14 27 15 32) 4 (6 14 9 16 10 19 15 15)
15 11 10 (1 31 2 24 3 29 4 26 6 29 8 29 9 28 12 29 14 26 15 36) 7 (1 32 3 34 4 30 6 25 8 37 12 26 15 26) 10 (1 28 2 43 3 43 7 49 10 33 11 38 12 35 13 42 14 39 15 37) 3 (8 25 10 27 14 23) 5 (7 38 8 41 10 38 13 33 15 34) 2 (10 38 11 30) 6 (1 26 5 31 8 26 9 25 11 27 13 28) 6 (2 18 3 15 6 14 9 16 13 20 14 15) 3 (4 21 13 15 14 19) 6 (1 33 2 27 3 26 5 22 12 33 14 24) 6 (7 21 9 19 11 20 12 22 14 18 15 19) 4 5 (1 25 3 22 7 19 9 22 10 16) 4 (1 21 3 15 4 22 15 23) 9 (1 35 2 29 4 26 5 37 6 37 9 31 10 34 12 29 13 36) 9 (4 29 5 25 7 23 8 27 9 29 10 29 11 24 12 32 13 22)
15 11 4 (3 22 4 27 8 23 15 29) 3 (3 23 5 37 15 28) 3 (5 30 8 38 11 28) 5 (2 31 5 33 10 47 12 29 15 37) 5 (3 10 5 12 7 5 10 13 11 9) 10 (3 16 4 17 6 13 8 15 9 16 10 15 12 16 13 17 14 18 15 12) 5 (3 16 6 15 9 14 11 14 15 14) 4 (1 12 4 17 5 15 6 13) 10 (1 40 3 33 4 32 5 31 7 37 10 30 11 40 12 39 13 23 14 37) 8 (1 23 4 35 6 43 8 27 12 35 13 30 14 26 15 24) 4 (4 23 11 26 14 21 15 20) 4 8 (3 48 6 45 7 38 8 37 9 45 10 45 12 35 14 38) 8 (1 10 3 10 6 11 7 15 9 14 11 13 12 12 14 13) 7 (3 21 4 24 7 19 8 30 10 22 11 28 12 30) 7 (1 24 2 27 7 30 8 28 10 29 14 32 15 32)
15 10 9 (1 14 4 13 5 13 6 15 7 13 9 12 11 16 13 12 15 13) 7 (2 46 3 34 4 36 7 39 11 44 12 26 13 33) 5 (3 40 10 32 11 36 12 34 13 36) 9 (1 16 3 19 4 14 6 15 10 17 11 20 12 19 14 19 15 17) 3 (1 14 6 10 10 16) 3 (4 31 13 41 15 38) 3 (2 22 7 28 8 24) 6 (1 27 3 20 5 27 6 28 7 25 12 22) 8 (1 26 4 27 7 24 8 25 10 22 11 24 12 23 15 25) 5 (2 43 3 37 4 34 12 41 13 37) 5 5 (2 30 5 25 11 31 14 26 15 22) 3 (2 17 4 16 9 17) 8 (1 15 4 13 5 10 8 13 10 13 11 14 12 15 14 16) 6 (1 31 3 28 6 35 9 32 12 33 15 30) 7 (1 14 8 13 11 15 12 9 13 11 14 15 15 16)
15 9 3 (9 30 12 18 13 29) 3 (6 16 12 14 15 13) 10 (1 31 3 28 4 31 5 24 6 31 8 29 10 29 11 20 13 22 15 29) 8 (2 37 3 44 4 29 5 35 8 45 9 47 10 46 14 46) 4 (4 39 5 40 6 31 11 31) 10 (1 31 4 28 5 24 6 29 7 40 8 26 10 36 12 33 13 42 14 22) 4 (2 32 3 47 8 42 9 28) 7 (1 38 8 29 10 33 11 27 12 40 13 18 14 36) 10 (1 31 2 29 5 36 6 40 8 41 10 36 11 33 13 31 14 31 15 42) 6 6 (4 10 5 14 7 12 8 11 9 8 10 15) 5 (3 29 9 40 12 31 13 40 14 27) 8 (1 17 2 20 4 17 6 17 7 21 8 24 13 15 14 19) 9 (1 17 3 13 4 15 5 14 8 15 11 13 13 18 14 12 15 14) 3 (7 24 10 29 14 26) 7 (3 29 7 23 8 22 9 24 10 23 14 23 15 24)
15 13 9 (1 24 2 22 3 20 5 23 7 25 10 23 11 21 14 20 15 21) 6 (5 10 6 17 8 12 10 17 12 18 15 11) 9 (1 13 2 12 4 15 6 7 8 10 11 13 13 13 14 12 15 13) 9 (2 26 5 23 7 19 8 10 9 20 11 20 12 22 13 18 15 17) 5 (2 12 3 14 12 18 13 13 14 10) 4 (1 19 5 15 9 14 13 16) 10 (1 18 4 18 5 20 6 16 7 18 8 20 10 17 13 15 14 18 15 16) 10 (1 39 2 38 4 44 5 30 8 28 9 44 10 35 12 44 14 45 15 43) 7 (1 34 2 23 3 33 5 41 10 34 13 33 14 24) 8 (3 26 5 27 6 20 8 32 9 32 10 36 11 34 14 30) 7 (2 28 3 39 6 31 7 33 11 40 14 23 15 37) 9 (1 17 2 17 5 19 6 17 9 21 10 27 12 22 13 15 15 27) 3 (1 24 5 17 15 25) 2 6 (4 11 5 15 7 11 9 13 11 15 15 12) 10 (1 24 2 21 3 25 5 30 6 29 8 24 11 25 13 28 14 28 15 24)
15 15 8 (2 19 3 21 6 20 9 16 11 15 12 18 13 18 14 19) 4 (6 27 7 31 10 22 11 29) 9 (2 36 3 40 5 33 9 33 10 41 11 51 12 34 13 34 15 39) 3 (9 25 10 25 13 21) 4 (1 19 4 16 8 19 10 13) 2 (2 17 5 21) 4 (6 16 7 15 11 15 15 15) 8 (1 17 4 19 9 21 10 21 11 16 13 22 14 18 15 17) 6 (1 11 2 10 5 13 9 12 10 13 15 11) 9 (1 16 3 12 4 12 5 14 6 13 7 12 8 15 9 15 13 15) 9 (1 31 2 51 3 37 4 37 5 37 6 49 10 43 12 53 13 36) 5 (1 20 6 20 10 18 11 16 13 17) 7 (3 28 7 36 8 26 9 32 10 22 12 32 15 28) 7 (4 39 6 39 7 37 9 46 11 33 13 34 15 39) 3 (5 15 7 16 10 11)
15 15 10 (2 21 4 36 5 22 7 27 9 34 10 29 11 36 12 25 13 35 14 38) 2 (2 43 14 40) 3 (6 25 7 27 10 27) 10 (1 11 3 13 4 14 5 11 6 13 7 20 9 17 12 12 13 13 15 14) 5 (2 24 6 26 8 45 12 33 14 35) 9 (1 29 2 32 4 24 6 36 10 27 11 40 12 30 13 25 15 39) 4 (2 23 6 23 12 23 15 26) 9 (2 37 4 34 5 36 9 30 10 38 11 46 13 30 14 36 15 32) 8 (2 18 5 15 6 14 7 13 9 19 11 14 13 15 14 14) 4 (5 11 10 10 14 15 15 13) 4 (1 14 2 13 10 12 14 14) 2 (7 37 10 29) 8 (2 30 3 26 4 34 9 29 11 33 12 36 13 29 15 22) 10 (3 21 5 26 6 17 7 22 8 23 9 18 10 21 12 21 13 26 14 22) 3 (1 21 4 16 10 15)
