30 15
12 10 8 11 13 13 12 11 9 14 13 12 10 9 14
4 2 4 3 3 3 3 4 1 2 3 2 2 3 2
10 10 5 (2 49 4 52 7 51 9 49 15 45) 2 (8 70 13 66) 9 (1 39 6 38 8 44 9 26 10 28 11 43 12 27 13 34 14 33) 4 (1 78 2 80 9 60 15 68) 10 (1 73 4 59 5 51 6 56 8 51 11 58 12 72 13 63 14 58 15 69) 8 (2 29 5 20 7 23 8 30 9 27 10 30 12 20 15 28) 6 (1 15 4 17 5 12 9 13 11 12 15 13) 10 (1 84 2 74 3 71 4 72 5 81 7 75 8 78 11 76 14 80 15 93) 3 (8 34 9 29 11 32) 5 (2 86 3 68 8 84 12 69 14 66)
10 7 9 (1 79 4 65 5 77 6 63 7 74 9 45 12 70 13 61 14 76) 10 (1 30 2 29 3 31 4 30 7 40 9 35 11 34 12 36 14 34 15 32) 6 (8 66 9 76 10 68 12 72 13 52 15 74) 7 (1 30 2 35 4 45 8 31 11 26 12 30 13 21) 6 (1 10 4 13 10 11 12 10 14 9 15 10) 10 (1 21 3 28 4 29 5 35 7 28 8 28 11 32 12 30 13 32 14 27) 3 (2 48 4 36 10 42) 3 2 (10 51 15 39) 3 (2 47 6 37 15 58) 8 (2 50 3 48 6 57 7 53 10 57 11 56 12 49 13 57)
10 8 5 (2 98 7 74 9 95 10 83 11 83) 2 (7 24 8 27) 10 (1 55 3 76 4 58 6 66 7 62 8 78 9 79 11 72 13 91 15 53) 4 (3 8 6 7 8 6 11 7) 9 (2 87 4 67 6 97 8 70 10 92 11 81 12 83 14 85 15 65) 7 (5 5 6 5 7 5 8 5 10 8 11 6 13 6) 5 (1 50 7 34 8 45 12 36 14 28) 3 (10 71 11 44 14 54) 2 10 (1 47 3 84 4 101 5 110 6 106 8 107 10 112 12 75 13 95 15 113) 9 (1 23 2 15 4 28 5 23 8 13 10 21 12 19 14 22 15 22)
10 6 3 (1 76 4 93 12 63) 7 (3 19 4 24 5 26 9 26 10 25 11 21 14 27) 9 (2 90 3 81 4 75 6 120 8 110 10 75 11 97 12 87 13 100) 9 (1 70 4 91 5 67 9 77 10 74 11 89 12 80 13 74 14 71) 2 (8 87 15 76) 6 (2 53 6 53 7 58 10 47 11 59 12 35) 4 9 (4 25 5 31 7 30 8 24 9 27 10 32 11 34 13 34 15 27) 8 (1 54 3 56 7 58 8 70 9 59 11 61 14 71 15 71) 6 (4 21 8 21 9 20 11 22 12 22 14 26) 4 (4 67 7 63 8 57 13 59)
10 7 3 (1 44 5 55 9 42) 6 (2 8 4 8 5 13 8 12 10 12 11 8) 6 (2 13 4 9 5 14 6 11 11 12 13 12) 8 (1 91 3 79 4 73 5 43 6 99 7 67 9 63 11 66) 2 (8 77 9 60) 7 (1 21 4 20 5 19 9 22 10 22 11 20 15 25) 9 (3 66 4 71 5 65 6 71 7 68 9 73 10 76 13 84 15 71) 3 6 (2 70 5 59 10 63 12 78 13 76 14 52) 2 (1 70 6 41) 7 (3 8 4 5 5 5 6 7 7 8 10 6 14 4)
10 8 2 (4 115 8 87) 9 (1 26 4 24 5 35 6 20 7 25 8 29 9 19 11 23 14 29) 10 (1 37 3 35 5 42 6 46 7 37 8 56 9 41 11 50 13 38 14 35) 2 (6 74 9 73) 5 (2 14 4 14 5 16 8 18 13 15) 9 (1 16 4 14 5 13 6 19 8 14 9 14 10 18 13 16 15 16) 6 (2 94 4 81 8 97 9 76 10 83 13 77) 8 (1 30 2 35 6 31 7 46 10 34 12 19 14 38 15 33) 2 10 (2 51 4 47 5 52 6 46 8 61 9 53 10 42 11 53 14 40 15 60) 2 (9 88 12 125)
10 6 3 (2 39 3 33 14 26) 6 (1 18 3 23 5 22 6 20 9 23 12 24) 6 (5 104 6 108 11 100 12 89 13 84 14 101) 4 (4 17 6 19 12 12 15 18) 2 (3 70 9 85) 8 (1 26 2 31 3 27 4 29 5 33 8 32 10 33 14 23) 4 9 (2 8 3 5 6 5 7 6 8 7 9 7 12 7 14 8 15 5) 8 (1 79 4 119 5 79 6 76 8 83 9 92 12 85 14 99) 2 (5 20 11 24) 9 (1 68 5 72 6 78 7 74 9 93 10 89 13 68 14 108 15 91)
10 6 10 (1 90 4 100 5 77 6 111 7 65 8 95 9 87 10 99 11 80 14 121) 7 (1 62 3 103 4 108 5 100 9 87 10 106 13 98) 3 (12 33 13 39 15 41) 5 (6 92 8 57 9 67 11 53 13 78) 7 (1 20 3 28 4 23 5 23 8 29 11 24 12 27) 5 (2 67 5 45 7 71 10 69 11 65) 4 10 (1 76 2 98 3 86 4 100 5 75 8 75 9 88 10 87 13 66 15 102) 4 (7 47 10 43 12 53 14 49) 10 (1 29 5 37 6 35 7 31 8 30 9 31 12 33 13 30 14 27 15 35) 4 (6 60 9 85 11 76 13 66)
10 9 10 (1 14 2 12 4 14 5 13 7 14 8 13 9 10 10 14 12 13 13 14) 10 (1 32 2 42 3 48 4 48 6 40 7 62 8 35 9 51 10 43 14 39) 2 (10 13 14 13) 8 (2 66 3 67 4 72 6 80 8 57 11 49 12 80 14 86) 3 (1 51 5 81 15 72) 9 (1 55 3 56 4 53 6 40 10 43 11 53 12 53 13 54 15 45) 6 (3 4 4 6 5 5 7 5 14 5 15 7) 6 (1 17 2 18 7 17 9 20 11 15 12 17) 4 (1 79 2 92 9 85 10 82) 1 8 (1 78 3 57 4 64 6 84 7 87 11 69 12 81 15 51)
10 6 8 (2 62 6 87 7 95 8 84 10 108 11 104 12 92 13 86) 8 (1 14 2 16 3 10 4 14 7 15 8 16 11 16 15 13) 2 (10 71 13 94) 6 (1 20 4 25 5 30 6 24 12 30 13 31) 5 (1 9 2 7 4 8 6 8 8 9) 8 (1 54 4 55 6 53 7 81 8 83 11 75 12 62 14 64) 4 9 (4 16 8 22 9 27 10 24 11 18 12 18 13 22 14 18 15 16) 4 (3 50 5 29 8 52 12 33) 7 (1 117 2 114 4 133 5 108 6 88 7 97 15 86) 5 (4 32 5 35 11 30 12 33 13 22)
10 5 10 (2 84 3 85 5 111 6 97 7 87 8 90 10 110 11 103 13 85 15 97) 3 (7 22 10 22 15 24) 7 (3 63 8 57 9 50 10 52 12 38 14 58 15 42) 5 (2 59 8 58 9 53 11 59 14 61) 7 (2 49 5 61 6 50 7 44 8 51 12 47 13 51) 5 7 (2 85 4 98 7 95 8 94 9 91 13 108 14 98) 2 (2 46 6 63) 2 (9 40 15 34) 3 (2 50 7 41 14 58) 2 (2 36 12 50)
10 5 2 (4 66 7 60) 6 (2 14 3 15 12 17 13 18 14 16 15 13) 8 (5 64 7 72 8 65 9 74 12 91 13 72 14 56 15 75) 7 (2 65 4 48 5 71 11 47 12 42 14 58 15 51) 2 (12 23 14 23) 5 4 (3 70 9 89 10 82 11 82) 4 (4 37 8 37 11 41 12 34) 6 (5 22 6 26 7 21 12 27 13 22 14 19) 3 (10 32 14 50 15 30) 9 (2 52 3 46 4 48 5 63 6 41 8 50 10 43 13 49 14 51)
10 7 8 (3 72 4 62 5 71 6 80 8 60 9 53 10 55 12 62) 3 (1 15 12 13 13 15) 2 (7 85 14 73) 2 (6 29 10 20) 7 (1 89 3 86 4 70 6 76 9 102 14 75 15 83) 5 (1 32 4 24 7 28 8 32 14 23) 2 (1 40 7 50) 3 9 (2 34 3 41 5 31 6 36 7 30 8 35 10 30 14 37 15 37) 6 (2 11 3 11 4 13 5 14 7 12 9 11) 8 (1 34 5 36 6 35 8 38 11 35 12 30 13 43 14 32)
10 5 2 (9 84 13 84) 6 (1 11 4 10 10 11 12 9 14 11 15 9) 2 (9 14 10 15) 6 (5 28 7 28 10 23 11 34 12 34 14 35) 9 (1 71 3 125 4 100 6 99 8 88 9 92 12 67 13 86 15 107) 5 3 (1 12 2 11 8 12) 3 (10 38 13 43 15 72) 4 (3 76 4 66 5 58 8 77) 3 (2 102 12 97 14 86) 8 (1 76 2 63 4 111 6 54 8 80 10 60 13 84 14 80)
10 6 5 (2 48 5 53 6 38 9 44 11 52) 2 (9 13 12 11) 7 (2 60 3 96 4 88 9 75 10 105 14 95 15 86) 4 (4 48 7 40 13 40 14 41) 4 (1 68 6 78 8 91 11 77) 7 (2 48 3 53 4 46 8 42 9 49 13 45 14 52) 4 7 (2 78 9 61 10 67 11 72 12 103 13 72 14 90) 6 (1 70 4 59 5 59 12 52 13 65 14 54) 5 (2 26 3 29 6 20 11 31 15 27) 7 (1 35 2 36 5 41 7 39 10 51 12 50 15 46)
10 7 3 (9 25 10 28 15 18) 10 (1 112 2 78 3 103 4 102 5 79 6 108 7 107 8 94 10 93 15 80) 5 (4 16 5 17 7 15 8 14 10 18) 4 (2 85 8 58 10 70 12 80) 5 (2 49 3 50 5 46 9 55 12 69) 3 (1 59 13 56 14 60) 5 (5 53 7 45 12 38 13 42 14 41) 3 3 (1 109 12 85 15 87) 5 (1 66 2 61 3 58 8 63 10 62) 3 (3 59 7 73 9 62)
10 10 5 (3 60 8 41 10 64 12 60 15 54) 6 (2 62 6 84 9 71 10 73 11 69 14 60) 6 (2 91 3 51 7 77 8 68 9 64 11 88) 5 (6 30 7 34 8 22 10 16 14 22) 4 (3 3 8 5 9 4 15 4) 8 (3 32 8 33 9 39 10 29 11 34 12 37 13 28 14 36) 6 (1 65 2 48 4 32 7 43 8 56 13 45) 4 (1 94 9 67 11 88 12 80) 9 (4 6 5 6 6 5 7 7 8 6 9 7 11 4 12 8 13 8) 10 (3 34 6 43 7 45 8 44 9 38 10 38 11 25 12 46 14 37 15 45)
10 7 9 (1 34 2 26 3 30 4 32 5 24 9 17 10 40 11 31 15 19) 5 (2 116 4 83 7 101 8 117 11 95) 9 (1 65 3 74 4 91 8 89 9 101 10 85 12 100 13 75 14 69) 5 (1 23 4 26 8 25 12 19 15 23) 9 (4 83 5 82 6 87 8 81 9 97 12 81 13 89 14 78 15 59) 6 (4 7 7 7 10 6 11 6 12 7 15 6) 4 (5 37 6 34 12 32 13 43) 3 4 (2 41 5 45 8 34 14 31) 8 (1 11 2 10 8 8 9 9 11 8 12 9 13 10 15 9) 9 (2 112 4 106 6 80 7 83 8 82 9 78 12 110 13 91 14 98)
10 5 9 (4 22 6 27 8 39 9 34 10 34 11 44 12 34 14 37 15 38) 6 (1 71 2 70 8 65 9 81 12 77 15 85) 10 (1 66 2 43 3 50 4 51 6 49 8 56 9 54 10 43 11 46 15 46) 9 (4 31 7 36 8 26 9 38 11 26 12 27 13 32 14 31 15 35) 9 (1 86 2 62 3 68 4 70 8 60 9 108 12 103 13 104 15 91) 5 10 (1 63 3 56 4 61 5 51 8 65 9 47 10 50 11 44 12 47 14 60) 8 (1 6 6 7 8 8 9 7 10 7 11 8 14 5 15 7) 3 (10 77 14 61 15 84) 6 (4 78 6 58 7 81 8 70 11 94 15 82) 9 (1 49 2 41 4 46 5 51 6 56 10 49 11 50 13 50 14 44)
10 5 4 (3 65 9 85 10 70 13 66) 8 (3 68 6 89 8 69 9 95 10 112 11 93 13 81 15 70) 6 (1 42 3 35 7 50 8 35 9 48 10 44) 7 (1 86 2 80 3 101 4 65 5 77 11 74 12 85) 4 (1 50 4 49 6 44 14 61) 5 8 (3 30 6 31 7 30 9 29 11 33 13 26 14 30 15 30) 6 (1 44 3 37 4 30 6 35 7 36 12 31) 3 (1 83 2 122 11 105) 7 (2 35 6 32 8 38 9 36 11 45 12 30 15 40) 4 (3 29 4 28 7 27 14 24)
10 6 10 (1 42 3 65 4 45 5 55 6 45 7 53 8 55 10 73 12 46 14 38) 6 (7 32 9 31 10 26 11 30 13 28 15 26) 4 (1 49 3 45 4 46 5 48) 6 (2 37 3 55 9 53 10 36 13 49 15 43) 8 (2 35 3 42 5 35 10 28 11 30 12 40 14 33 15 43) 9 (1 95 2 86 3 97 4 77 6 90 7 120 8 96 11 75 12 89) 4 8 (3 93 4 58 6 69 7 56 8 69 9 72 10 77 12 92) 6 (6 85 9 81 11 81 13 77 14 92 15 109) 2 (7 66 13 70) 8 (1 98 2 93 3 75 5 73 6 96 7 111 8 117 14 84)
10 8 6 (2 56 5 64 11 72 12 75 13 55 15 52) 10 (1 27 5 23 6 30 7 23 9 19 10 20 11 25 12 26 14 23 15 27) 6 (1 29 2 34 7 29 8 26 12 25 15 30) 4 (1 14 5 15 6 15 8 13) 2 (1 80 14 90) 3 (8 88 11 68 15 86) 6 (1 20 2 20 4 17 7 25 13 23 15 18) 5 (2 49 11 44 12 49 13 26 15 36) 2 8 (1 16 2 16 6 20 8 19 11 16 12 10 13 18 14 22) 10 (1 31 3 31 5 35 7 43 8 33 9 34 11 37 13 36 14 35 15 35)
10 10 2 (2 27 8 23) 10 (1 82 3 86 5 92 6 63 8 83 9 78 10 81 11 68 13 85 15 60) 2 (3 24 7 20) 10 (1 19 2 17 3 23 5 13 7 17 8 16 9 19 11 17 12 15 15 14) 6 (2 76 6 93 7 104 9 83 11 87 13 92) 2 (6 68 11 72) 6 (3 66 5 108 6 78 7 104 11 90 14 94) 4 (1 41 7 43 9 40 10 42) 6 (3 51 5 77 8 98 10 75 11 111 14 72) 7 (5 95 6 80 7 77 9 75 12 77 13 78 15 98)
10 5 7 (4 39 5 26 6 32 9 43 11 29 12 33 13 33) 3 (7 103 9 82 12 62) 3 (4 56 6 52 10 54) 2 (6 93 7 88) 7 (1 22 5 26 10 25 11 24 12 24 14 23 15 24) 5 9 (1 7 2 8 3 8 4 11 5 8 8 9 9 9 12 7 13 8) 2 (9 39 11 40) 10 (4 17 5 21 6 14 9 18 10 14 11 13 12 14 13 17 14 18 15 15) 5 (4 14 11 12 12 12 13 16 14 10) 4 (1 90 3 109 12 101 13 101)
10 5 2 (14 27 15 33) 6 (8 8 9 6 10 8 11 7 12 7 15 7) 4 (4 51 8 50 13 54 14 56) 9 (1 83 4 99 5 93 7 80 8 86 9 104 12 93 13 87 15 93) 6 (2 76 4 93 5 93 10 90 11 73 14 73) 5 5 (1 18 2 17 3 18 5 14 11 16) 2 (4 72 11 72) 5 (5 63 6 58 10 61 14 56 15 45) 10 (1 44 2 60 3 45 4 50 5 49 6 39 7 49 9 48 14 42 15 53) 6 (1 42 4 40 9 48 10 41 12 42 15 36)
10 6 2 (6 51 15 39) 5 (2 49 4 34 6 37 9 47 11 55) 8 (1 72 6 74 8 71 10 69 11 49 12 85 14 81 15 64) 9 (3 44 4 41 5 49 6 30 9 39 10 40 12 42 14 28 15 26) 8 (2 108 3 106 4 89 5 72 7 95 8 104 13 100 15 95) 10 (2 34 3 36 5 22 7 46 8 31 9 31 10 29 11 26 12 28 15 26) 4 5 (3 67 5 80 8 77 9 65 11 71) 8 (1 47 5 46 6 47 7 36 8 46 9 25 10 38 13 42) 6 (6 25 8 28 9 30 11 22 13 33 14 29) 9 (4 6 5 7 8 4 9 5 10 5 11 6 13 3 14 5 15 5)
10 6 3 (6 109 9 97 13 97) 3 (2 19 3 19 10 11) 3 (3 91 12 105 13 102) 5 (3 21 5 19 7 24 9 17 14 21) 2 (6 109 10 89) 9 (1 28 4 26 6 26 7 32 8 33 10 31 11 23 12 23 13 36) 4 2 (3 67 8 48) 4 (5 64 6 65 8 59 11 68) 8 (1 32 2 31 4 45 6 41 7 28 10 26 11 24 15 30) 2 (7 69 12 74)
10 10 10 (1 87 3 87 4 59 6 88 8 84 10 82 11 53 12 62 13 81 14 48) 2 (12 90 14 94) 7 (2 5 4 5 5 6 6 4 7 4 8 5 10 3) 8 (1 25 2 27 4 29 6 29 10 27 13 24 14 30 15 31) 2 (5 10 14 9) 2 (10 86 11 105) 7 (1 60 3 62 7 80 8 74 10 58 11 65 12 52) 10 (1 36 3 53 4 48 6 52 8 42 9 49 11 34 13 34 14 41 15 37) 7 (5 52 6 61 7 49 9 45 12 66 13 49 15 50) 7 (2 110 4 118 6 71 9 89 10 99 11 87 12 97)
10 8 6 (2 121 3 68 6 83 11 84 14 93 15 71) 5 (1 89 4 91 6 89 8 123 13 88) 8 (1 40 3 52 4 35 6 35 7 43 12 53 13 41 15 38) 2 (10 110 11 109) 9 (1 23 2 23 4 28 5 25 6 28 9 27 12 22 13 28 15 23) 8 (1 85 4 74 5 54 8 79 11 70 12 88 14 96 15 84) 7 (2 64 3 67 7 58 9 58 10 56 13 68 15 60) 7 (1 59 2 53 4 42 6 55 8 60 10 59 15 51) 2 3 (10 24 14 26 15 21) 8 (3 35 4 31 5 40 9 32 10 40 11 37 13 39 14 36)
10 7 10 (1 66 2 109 5 66 7 88 10 65 11 79 12 92 13 54 14 89 15 49) 4 (3 48 4 55 9 44 15 46) 5 (2 57 5 48 8 51 10 40 14 36) 8 (1 11 3 9 4 9 5 12 8 11 10 9 11 10 15 10) 8 (3 87 4 87 7 68 9 97 10 80 11 99 12 81 13 78) 8 (2 19 3 19 5 23 9 21 10 23 11 21 12 23 14 21) 6 (1 25 2 29 6 32 10 37 12 39 15 35) 3 8 (2 4 5 6 7 6 8 5 9 6 12 7 13 6 15 5) 3 (3 81 6 62 7 61) 3 (1 77 5 70 6 70)
