30 15
10 15 9 15 13 11 14 11 14 11 12 14 12 15 12
3 3 3 3 2 3 3 4 3 2 2 3 4 1 4
10 8 2 (6 102 14 92) 4 (5 77 8 68 9 54 14 67) 4 (5 119 8 67 11 113 13 85) 5 (4 29 12 38 13 36 14 38 15 24) 7 (1 70 5 74 6 69 7 83 11 90 13 89 15 72) 3 (3 4 8 3 9 4) 4 (3 9 10 9 11 7 12 9) 2 (8 63 9 54) 2 5 (3 113 10 120 12 104 13 97 14 96) 9 (1 97 2 76 4 96 5 72 6 64 7 102 12 76 14 64 15 60)
10 10 6 (1 37 9 37 10 21 12 34 13 33 15 27) 2 (4 72 7 77) 10 (1 73 2 83 3 68 4 48 5 60 6 66 9 75 10 68 12 77 15 36) 10 (3 14 4 15 5 14 6 17 7 16 10 19 11 14 12 11 13 14 15 16) 4 (4 89 6 89 10 88 13 72) 10 (1 37 2 45 3 35 5 36 6 33 9 41 10 44 11 42 13 35 15 34) 10 (2 60 4 52 5 54 7 70 9 49 10 63 11 57 13 74 14 45 15 39) 6 (2 75 5 80 9 66 10 73 12 93 13 79) 2 (1 95 10 82) 5 (1 23 2 22 4 21 12 20 14 23)
10 5 2 (7 46 15 54) 4 (5 78 6 72 8 48 15 70) 4 (1 48 3 39 6 49 9 38) 3 (5 70 7 83 9 50) 7 (1 46 5 56 7 47 10 48 12 48 13 43 14 52) 5 4 (4 22 6 24 8 22 12 23) 5 (4 13 8 9 10 9 11 9 15 8) 5 (1 36 10 30 13 33 14 36 15 32) 6 (2 103 5 101 7 73 9 88 10 95 11 78) 4 (3 73 7 101 10 89 12 87)
10 9 4 (4 11 6 9 11 12 14 11) 2 (3 40 5 75) 2 (1 52 4 71) 3 (1 69 4 54 8 49) 7 (1 19 2 18 4 17 6 14 9 12 10 15 15 20) 8 (1 52 2 88 4 72 5 75 6 83 12 79 13 82 14 82) 5 (4 7 5 7 6 7 10 7 12 6) 9 (2 85 7 92 8 97 9 78 10 92 12 106 13 85 14 116 15 115) 4 (2 31 4 36 5 35 7 36) 1 5 (6 49 8 47 9 39 11 47 13 47)
10 6 2 (9 63 12 66) 9 (1 79 2 66 3 67 5 66 6 68 7 81 9 65 10 74 15 81) 10 (1 16 2 14 3 14 4 13 5 13 7 12 8 14 9 12 12 16 14 10) 9 (1 83 3 109 5 105 7 50 8 125 10 111 12 95 13 84 15 82) 4 (2 93 4 92 9 97 10 85) 9 (2 60 3 93 5 85 7 67 8 92 9 73 12 68 13 73 15 90) 4 10 (1 20 2 20 3 22 5 25 7 15 8 15 11 17 13 23 14 20 15 22) 2 (2 13 9 10) 7 (1 56 2 42 3 50 6 39 7 42 14 62 15 47) 8 (4 68 5 71 6 47 7 71 9 63 13 76 14 58 15 69)
10 10 9 (1 22 3 28 5 26 6 31 7 30 8 27 11 23 12 27 14 25) 9 (2 96 4 70 5 90 6 78 7 105 8 97 9 89 11 114 12 89) 6 (2 56 4 84 5 56 6 66 11 73 15 67) 6 (3 111 8 83 9 98 11 96 13 82 15 85) 2 (6 67 14 63) 7 (1 67 5 76 7 97 8 70 9 64 11 51 14 57) 8 (1 52 6 64 9 47 10 42 11 53 12 54 14 55 15 61) 6 (1 7 2 7 3 7 8 6 11 5 13 6) 4 (1 53 3 73 4 61 15 55) 3 (6 57 7 76 8 68)
10 7 10 (2 23 3 27 4 34 5 27 6 22 8 34 11 26 13 26 14 26 15 27) 2 (2 25 12 28) 4 (3 64 5 65 6 52 11 61) 6 (2 6 6 6 11 5 12 8 13 9 15 6) 6 (1 100 3 92 4 54 7 56 9 63 11 60) 8 (1 53 2 46 5 42 6 52 7 60 9 54 11 70 15 50) 3 (5 52 7 56 14 54) 3 2 (14 36 15 37) 3 (1 76 2 88 15 83) 5 (1 77 2 92 5 79 7 64 15 80)
10 8 2 (14 7 15 9) 10 (1 85 2 52 3 76 6 95 10 52 11 77 12 86 13 75 14 71 15 87) 5 (4 74 5 67 9 58 12 74 14 69) 9 (1 40 2 22 3 26 7 35 9 27 11 32 12 36 13 30 15 27) 9 (1 91 4 82 5 79 6 75 8 88 9 55 10 67 14 80 15 93) 5 (1 89 3 89 7 72 12 82 13 76) 7 (3 37 4 38 6 30 7 49 8 30 11 38 13 39) 2 (7 36 12 33) 2 7 (1 33 2 31 5 30 7 38 9 31 10 32 11 37) 4 (1 12 2 15 5 20 10 16)
10 10 3 (6 12 7 13 13 11) 2 (11 30 15 31) 8 (1 71 3 60 5 71 8 88 9 83 10 66 12 80 15 74) 8 (1 73 2 78 9 72 11 79 12 79 13 80 14 69 15 80) 2 (2 80 3 72) 4 (6 74 11 80 12 89 15 62) 5 (1 59 2 43 10 57 11 70 12 59) 4 (2 32 4 38 6 39 15 47) 10 (1 13 4 13 7 13 8 16 9 11 11 15 12 12 13 11 14 14 15 12) 5 (1 96 3 70 7 78 9 95 11 76)
10 6 7 (2 57 3 39 5 47 6 62 7 47 10 62 11 40) 3 (1 6 2 5 6 7) 8 (1 6 2 7 3 5 4 8 6 5 9 7 13 5 15 6) 9 (2 85 4 79 5 80 6 78 8 82 11 94 12 76 13 68 14 99) 10 (1 77 2 64 4 78 5 50 7 72 9 44 10 61 12 63 13 48 15 55) 6 (1 75 7 82 8 87 11 81 12 99 15 97) 4 2 (12 58 13 58) 6 (3 40 5 48 7 54 10 52 11 66 12 53) 5 (9 41 10 29 11 37 13 29 14 32) 8 (1 25 4 23 5 23 6 20 10 22 12 26 13 22 15 28)
10 7 6 (1 56 5 49 9 52 12 69 13 55 15 65) 10 (2 34 3 28 4 40 6 38 7 34 8 34 9 37 10 37 13 41 14 36) 10 (1 71 2 75 4 85 5 74 6 81 8 83 10 75 11 64 13 74 15 85) 9 (1 99 4 53 5 75 6 49 8 66 11 80 12 64 13 67 14 67) 5 (3 72 7 66 8 76 10 54 14 60) 3 (6 30 7 31 14 31) 9 (2 4 3 5 4 4 5 4 6 6 8 5 10 6 11 5 15 6) 3 6 (1 56 2 65 3 58 5 75 8 57 12 70) 8 (1 74 3 68 4 72 7 69 8 58 10 67 11 60 14 63) 4 (2 82 7 109 12 100 14 84)
10 9 8 (3 72 4 96 6 74 7 79 10 72 12 67 13 100 14 93) 7 (2 7 5 10 6 11 8 13 9 13 11 8 14 11) 8 (2 92 3 82 4 61 5 96 7 99 9 53 11 73 12 80) 2 (4 8 13 6) 10 (3 75 4 67 5 91 6 72 7 88 8 55 9 87 10 62 13 75 14 83) 5 (1 60 5 55 10 63 11 68 15 71) 5 (1 90 4 94 5 74 10 90 15 97) 7 (2 89 6 95 7 84 8 87 9 105 12 84 15 78) 6 (2 85 3 96 5 68 6 94 8 107 10 75) 1 8 (1 71 2 70 3 73 6 65 9 60 11 74 12 66 14 48)
10 8 5 (1 31 4 50 8 48 10 60 11 24) 6 (5 20 7 28 8 28 9 29 10 23 12 25) 9 (3 36 4 33 5 33 7 37 8 36 9 38 10 36 12 31 14 32) 10 (1 65 2 59 3 60 4 56 7 66 8 65 11 53 12 82 13 73 14 48) 5 (1 30 6 29 9 31 11 31 14 29) 6 (1 55 2 60 4 58 5 50 10 45 14 56) 2 (4 13 12 10) 8 (3 87 4 96 5 107 8 113 9 105 12 96 13 55 14 82) 2 7 (4 26 5 31 8 32 9 29 11 39 13 36 14 28) 2 (3 46 5 31)
10 8 4 (3 50 4 68 6 61 11 60) 10 (1 44 2 38 3 50 4 39 7 39 8 30 10 40 11 29 12 34 15 49) 10 (1 53 2 77 3 80 4 91 5 67 8 66 10 92 13 109 14 83 15 79) 10 (1 13 3 17 5 13 6 14 7 17 8 13 9 14 11 14 12 14 15 16) 7 (1 49 3 63 4 55 6 65 9 56 13 54 15 43) 10 (3 93 4 114 5 117 6 97 7 59 8 96 12 96 13 86 14 91 15 73) 5 (5 8 6 8 12 6 14 6 15 7) 8 (2 78 5 69 7 49 9 71 11 79 12 55 13 70 14 83) 2 10 (1 56 3 56 4 73 6 81 7 59 8 52 9 61 12 68 14 52 15 87) 2 (1 49 15 44)
10 7 3 (9 49 12 48 13 51) 8 (5 41 6 53 8 29 9 38 11 52 12 43 13 45 15 40) 8 (1 66 2 69 4 64 6 57 7 75 11 71 12 69 14 43) 6 (2 54 3 53 5 52 7 60 10 60 12 67) 5 (4 57 6 60 10 52 11 69 15 47) 9 (2 108 3 95 4 103 5 114 7 61 9 87 10 95 12 93 15 89) 8 (1 60 3 85 5 81 7 55 8 67 9 57 11 72 15 75) 3 2 (3 56 11 41) 8 (1 21 5 23 8 17 9 20 11 15 12 18 14 18 15 16) 4 (10 68 11 74 14 71 15 61)
10 9 5 (2 89 3 96 4 80 9 72 13 88) 6 (3 69 8 98 9 85 11 100 13 88 14 70) 8 (5 77 6 70 7 76 9 89 10 86 11 76 12 88 13 93) 5 (4 78 8 61 9 52 12 50 14 63) 3 (3 69 10 60 14 65) 5 (2 29 3 29 4 36 12 27 13 27) 10 (2 75 3 79 5 79 6 77 7 87 8 73 9 84 11 73 12 107 13 71) 2 (13 19 15 21) 7 (3 55 4 56 9 59 10 41 12 58 14 56 15 50) 1 4 (7 76 8 68 9 83 15 57)
10 8 10 (1 29 2 26 3 28 7 24 8 38 9 26 10 31 12 32 14 19 15 39) 2 (5 80 11 61) 5 (9 31 10 39 12 38 13 44 15 46) 5 (4 58 7 66 9 62 13 65 14 56) 10 (1 15 2 17 5 16 6 18 7 17 8 17 9 19 10 20 11 16 13 18) 10 (2 100 3 87 5 105 6 127 7 61 8 92 11 110 12 92 13 59 14 95) 4 (3 95 5 123 6 107 8 93) 8 (1 28 2 29 3 35 4 31 5 29 7 26 12 36 13 24) 2 3 (1 97 10 85 11 98) 9 (1 57 2 49 3 48 4 62 7 77 9 66 12 73 13 52 14 66)
10 8 4 (3 29 7 36 11 31 14 37) 9 (2 88 4 93 5 34 6 68 7 60 8 79 9 73 10 85 15 79) 6 (2 16 3 18 9 16 12 16 14 16 15 14) 5 (4 93 8 107 10 51 13 111 15 76) 2 (12 6 14 8) 6 (4 65 5 69 7 87 9 88 12 81 13 110) 9 (1 90 2 73 3 73 5 89 8 102 9 96 10 53 11 88 15 76) 7 (1 75 2 61 5 66 11 66 12 55 13 56 15 47) 2 4 (1 28 8 43 11 33 15 46) 9 (1 32 2 27 4 40 5 31 8 42 11 39 12 19 13 33 14 30)
10 8 10 (1 102 2 124 5 94 6 91 9 107 10 91 11 117 12 73 13 84 14 125) 6 (5 45 6 44 9 43 11 50 12 35 15 45) 4 (4 88 7 76 9 65 12 62) 8 (3 95 5 102 7 96 8 70 10 96 12 82 14 74 15 66) 6 (2 14 4 18 7 17 11 14 12 16 14 16) 7 (2 37 4 55 5 43 9 34 11 47 13 40 14 46) 8 (1 92 2 97 5 89 6 100 8 92 9 94 10 112 15 105) 6 (3 64 4 61 8 60 11 67 12 63 13 37) 2 10 (1 25 3 28 4 25 7 25 9 19 10 22 12 21 13 23 14 17 15 25) 7 (3 33 4 40 6 36 8 41 9 45 12 28 13 46)
10 6 9 (1 107 4 111 6 105 7 70 8 94 9 92 11 98 12 106 13 104) 4 (1 90 8 77 10 106 13 66) 10 (1 68 2 104 3 103 4 99 5 104 6 111 10 87 11 98 12 77 13 87) 8 (2 88 3 82 4 101 8 98 11 78 12 130 14 74 15 137) 9 (3 22 4 24 5 17 6 19 7 17 9 19 11 18 13 20 14 22) 6 (1 36 4 32 5 27 6 37 8 36 11 31) 4 5 (2 99 5 72 8 80 14 50 15 55) 3 (11 90 12 70 15 92) 2 (2 23 3 29) 10 (3 105 5 78 6 83 8 82 9 97 11 99 12 67 13 85 14 90 15 84)
10 6 2 (8 34 9 39) 4 (2 8 6 7 11 5 13 6) 2 (9 57 10 56) 7 (1 20 2 21 5 20 6 19 8 17 10 15 13 20) 6 (1 61 2 65 4 67 5 104 6 104 11 100) 5 (4 71 5 74 8 77 10 83 15 81) 4 4 (2 47 3 35 6 37 10 23) 3 (3 9 5 7 7 7) 4 (1 35 5 43 10 39 14 41) 3 (9 46 12 33 15 54)
10 8 3 (4 15 8 17 10 12) 8 (1 70 3 58 4 63 6 82 7 78 10 83 13 59 15 73) 4 (3 26 5 24 7 25 10 31) 9 (1 43 3 45 4 44 5 44 6 60 10 45 11 49 12 52 13 42) 2 (3 52 13 40) 10 (2 73 3 73 4 55 5 80 7 51 9 61 11 58 12 69 13 75 15 68) 2 (6 21 14 20) 5 (2 85 5 94 8 72 11 89 13 78) 2 3 (2 58 5 69 12 60) 5 (6 45 9 77 12 44 13 49 15 60)
10 6 7 (1 32 7 24 8 29 9 28 10 37 13 31 15 28) 3 (2 64 7 63 15 65) 7 (1 35 5 38 8 37 9 34 11 41 13 41 15 45) 4 (1 25 8 25 12 27 14 28) 3 (2 102 3 53 13 89) 2 (1 84 7 78) 4 5 (5 32 8 24 9 26 11 28 13 33) 9 (1 46 2 52 3 59 4 47 5 31 11 36 12 51 13 55 14 49) 3 (1 40 2 48 4 34) 6 (1 96 9 88 10 87 11 92 12 73 13 54)
10 7 5 (4 97 6 90 8 81 11 73 15 90) 5 (4 7 6 7 8 8 11 7 13 7) 9 (2 38 3 49 6 41 7 37 11 52 12 49 13 39 14 40 15 36) 8 (4 60 5 56 7 47 9 37 10 63 12 68 13 63 15 69) 3 (7 55 12 68 13 56) 3 (4 44 5 33 9 45) 3 (10 28 11 36 13 31) 3 10 (1 89 2 111 4 88 6 91 7 92 8 110 9 112 11 111 13 72 14 93) 10 (1 88 3 84 6 78 7 78 8 78 9 96 10 87 11 91 12 83 14 81) 7 (2 111 4 78 6 62 7 65 12 48 14 95 15 87)
10 5 5 (2 48 6 51 8 56 14 51 15 71) 10 (1 95 2 107 3 88 4 104 7 70 8 91 9 106 10 104 11 78 15 98) 9 (1 48 3 47 4 35 6 51 7 47 8 58 9 54 12 50 15 56) 10 (2 67 3 75 4 67 6 87 7 105 8 104 12 86 13 80 14 83 15 107) 6 (1 16 8 12 10 13 12 18 13 19 15 17) 5 3 (2 42 4 35 12 25) 8 (1 78 2 59 3 72 4 82 5 64 10 73 12 84 14 94) 7 (2 48 7 49 8 60 10 57 12 52 13 53 14 59) 3 (4 114 5 85 9 92) 6 (1 7 3 5 8 8 9 7 11 8 14 10)
10 10 2 (5 36 15 37) 4 (4 52 7 51 8 55 11 67) 5 (3 56 6 47 7 39 9 62 10 54) 10 (1 81 2 63 3 77 4 95 7 91 11 80 12 96 13 77 14 73 15 90) 8 (3 8 8 8 9 8 10 8 11 9 12 6 14 7 15 7) 8 (2 8 4 7 7 9 9 7 11 10 12 8 13 10 14 10) 4 (2 49 4 41 12 45 15 58) 4 (1 9 7 9 9 5 11 9) 10 (2 36 3 22 6 41 7 26 8 32 9 19 10 29 11 18 13 32 14 31) 4 (2 100 3 115 6 103 10 91)
10 7 6 (2 24 3 29 4 26 5 30 6 29 13 29) 10 (2 95 3 72 4 86 5 79 6 103 10 89 11 84 13 115 14 79 15 99) 3 (1 86 3 85 8 71) 8 (2 24 3 18 4 30 7 25 9 31 11 30 14 34 15 26) 9 (1 68 4 68 5 85 7 80 10 65 11 93 12 71 13 88 15 73) 7 (1 83 6 97 7 87 8 72 10 87 12 90 15 81) 9 (2 101 3 94 4 87 5 97 6 89 8 118 10 94 11 103 15 119) 3 9 (1 91 4 103 5 100 6 100 7 93 8 94 11 103 12 84 15 119) 8 (1 125 3 71 4 88 6 99 7 107 10 101 13 101 14 80) 8 (1 59 3 63 6 66 9 60 11 86 12 58 13 92 15 68)
10 8 10 (3 34 4 40 6 42 7 31 8 34 11 28 12 28 13 33 14 28 15 29) 2 (2 101 13 107) 10 (1 107 4 67 5 86 7 97 8 78 9 91 11 97 12 82 13 61 15 93) 5 (1 85 8 83 9 75 10 79 13 78) 2 (12 39 14 39) 4 (6 34 7 36 12 40 15 31) 7 (2 93 3 88 4 96 9 101 10 110 13 96 14 115) 2 (8 70 15 51) 2 3 (1 41 7 66 13 48) 8 (3 37 6 48 7 58 8 47 9 46 13 48 14 52 15 48)
10 8 2 (3 102 10 118) 5 (5 16 7 14 8 9 10 12 13 11) 10 (1 20 2 23 3 19 5 25 6 16 7 21 8 20 10 24 11 21 14 24) 9 (1 33 2 25 3 31 6 26 9 30 10 28 11 31 13 21 14 33) 4 (1 40 8 50 9 48 10 49) 3 (10 83 13 83 14 70) 9 (4 63 5 38 7 54 8 61 10 69 11 50 12 56 13 55 14 51) 2 (6 6 12 7) 2 5 (3 94 4 93 9 80 10 101 12 80) 8 (3 47 4 48 7 38 9 56 10 61 12 45 14 41 15 47)
10 6 5 (1 57 2 64 5 60 9 66 12 71) 6 (2 37 3 24 6 28 7 26 8 26 11 25) 9 (3 75 4 70 5 83 7 76 8 66 9 76 11 53 13 77 15 67) 5 (1 50 5 46 12 48 13 50 14 39) 6 (3 18 4 19 6 19 9 20 10 24 11 17) 8 (4 89 5 98 6 95 7 67 8 95 10 74 12 109 15 74) 4 5 (2 72 4 70 8 63 11 98 13 76) 3 (4 36 7 40 15 34) 7 (1 58 7 93 8 81 10 85 11 83 13 77 14 93) 4 (1 99 9 95 12 125 15 111)
