30 15
11 11 11 9 11 11 14 10 10 11 8 10 13 10 12
2 3 3 4 2 3 1 3 3 2 2 1 4 2 3
10 9 7 (2 39 6 37 7 37 8 37 10 48 11 40 13 42) 6 (1 75 3 76 6 58 7 59 10 65 11 83) 3 (3 13 7 11 8 13) 7 (2 110 3 111 5 84 7 102 8 86 10 99 11 104) 6 (4 71 5 75 6 59 12 78 13 79 15 62) 8 (1 35 2 22 3 30 5 26 7 26 9 22 11 32 13 35) 5 (3 13 8 15 9 11 11 13 12 15) 4 (1 59 4 59 6 47 10 47) 9 (4 55 6 51 8 37 9 37 10 43 12 53 13 51 14 43 15 48) 1 5 (5 14 6 12 9 12 12 11 14 10)
10 7 3 (12 46 13 31 15 42) 9 (3 40 4 36 5 25 8 36 10 41 11 36 12 47 14 35 15 25) 4 (2 91 6 94 9 106 15 74) 5 (8 92 12 80 13 93 14 64 15 107) 4 (4 88 7 100 10 93 15 72) 4 (6 54 7 59 10 78 14 61) 7 (1 83 2 109 3 85 5 79 8 80 12 92 13 94) 3 2 (13 86 14 72) 8 (2 82 5 59 7 88 8 79 9 97 10 115 12 80 15 97) 4 (2 65 4 66 5 63 7 76)
10 6 2 (12 39 13 34) 6 (4 8 5 6 8 7 10 8 11 8 15 9) 4 (2 74 3 84 5 74 8 74) 3 (4 9 8 6 15 5) 4 (2 12 3 16 11 17 14 15) 6 (1 37 5 35 7 47 11 44 14 37 15 37) 4 10 (1 45 2 53 3 64 5 65 8 60 9 64 10 53 11 71 12 55 14 64) 3 (2 48 4 42 15 44) 4 (4 78 5 80 10 92 15 81) 9 (1 5 3 6 4 5 7 4 8 5 9 3 10 6 12 6 13 5)
10 9 6 (1 27 7 18 9 15 10 14 11 19 12 25) 2 (6 69 11 55) 3 (7 38 10 42 13 49) 5 (4 79 7 77 9 61 10 74 12 65) 4 (4 35 9 33 11 43 13 37) 2 (7 38 14 36) 2 (7 71 13 64) 2 (5 93 9 114) 5 (3 8 5 7 7 8 8 9 11 8) 1 9 (3 96 4 98 5 92 6 73 7 97 8 100 9 103 13 93 14 108)
10 9 7 (1 65 2 78 8 75 11 80 12 90 14 70 15 79) 7 (3 3 4 5 5 7 6 4 7 6 12 6 14 4) 5 (4 70 7 73 11 78 12 69 13 61) 7 (2 49 3 42 5 38 6 43 7 41 8 44 13 42) 4 (2 25 7 19 8 22 13 26) 3 (1 61 7 58 9 52) 6 (2 50 5 31 7 47 9 54 11 43 14 46) 6 (2 26 6 52 7 36 8 43 11 42 12 38) 5 (2 47 5 36 8 33 11 24 14 42) 1 4 (1 8 4 8 7 7 10 7)
10 8 5 (2 61 7 66 9 78 12 83 15 68) 10 (2 33 5 25 8 31 9 27 10 29 11 26 12 34 13 28 14 34 15 38) 7 (1 91 4 113 7 105 9 67 10 112 14 111 15 108) 5 (3 80 5 71 9 105 10 89 11 63) 7 (1 21 2 31 5 28 6 28 8 29 12 38 13 21) 3 (7 63 8 61 15 50) 9 (2 8 5 9 6 9 7 9 8 8 9 9 10 7 11 8 14 8) 8 (3 51 4 52 5 52 6 58 10 37 12 67 13 71 15 81) 2 5 (4 75 5 76 10 61 11 80 13 79) 9 (1 38 2 36 3 35 4 35 7 53 8 41 10 34 11 43 12 48)
10 7 10 (2 34 6 39 7 29 8 32 9 36 11 26 12 34 13 26 14 32 15 29) 5 (2 77 4 81 8 64 12 56 14 78) 6 (1 17 2 19 4 16 6 14 7 16 10 14) 10 (1 94 2 89 3 92 4 112 5 89 7 94 9 90 10 112 11 91 14 93) 8 (1 97 8 104 9 65 11 77 12 96 13 113 14 86 15 68) 7 (2 21 3 18 4 15 10 17 11 20 12 22 15 22) 9 (2 95 4 105 5 114 7 124 8 111 9 119 12 89 14 103 15 87) 3 5 (2 59 5 61 8 51 9 52 11 45) 3 (1 7 8 7 9 7) 4 (4 71 11 73 13 48 15 65)
10 5 10 (4 75 5 89 6 84 8 110 9 96 10 95 11 120 13 78 14 74 15 98) 3 (1 53 3 73 8 71) 5 (2 65 4 49 7 61 10 71 15 52) 3 (1 34 2 54 3 36) 4 (5 39 8 28 14 37 15 30) 5 7 (1 68 3 58 4 81 11 66 12 94 14 90 15 69) 2 (7 58 11 50) 8 (1 30 2 38 5 30 6 35 9 32 10 36 11 32 14 30) 3 (7 66 8 69 13 61) 3 (3 29 4 30 9 29)
10 9 10 (2 14 3 12 4 12 5 10 6 8 9 9 10 10 11 10 14 12 15 10) 10 (1 65 2 72 3 63 5 77 7 58 8 56 9 59 11 71 14 72 15 70) 8 (1 78 4 75 6 68 7 85 8 56 9 85 11 94 12 86) 10 (1 16 2 17 3 18 5 19 6 13 8 17 10 18 11 15 13 17 15 15) 3 (1 97 3 85 7 79) 8 (1 33 3 29 4 34 6 27 7 25 10 30 11 31 12 32) 4 (2 58 9 52 11 50 13 56) 7 (3 91 4 103 7 96 8 95 9 93 10 98 12 86) 9 (2 40 4 48 5 52 6 41 10 43 11 29 12 56 14 44 15 44) 1 7 (4 41 6 47 9 49 11 45 12 54 14 40 15 35)
10 9 7 (1 10 2 14 4 11 6 11 7 10 8 10 14 8) 10 (3 29 5 23 6 30 7 26 8 28 9 27 10 26 11 27 12 31 13 30) 2 (11 30 15 30) 5 (1 39 2 38 3 33 8 32 11 30) 10 (1 24 2 44 4 22 6 27 8 34 9 32 10 36 13 34 14 33 15 35) 8 (4 49 5 40 6 57 7 41 9 50 10 43 13 51 15 49) 9 (1 26 2 18 4 22 5 15 6 19 8 22 10 12 13 19 15 19) 6 (1 59 6 63 7 52 12 46 13 48 15 36) 4 (3 27 6 41 7 39 9 40) 1 6 (2 59 4 46 5 41 6 43 8 52 15 55)
10 10 6 (1 12 2 13 6 20 7 20 11 16 14 17) 4 (6 31 7 38 9 36 15 27) 7 (1 49 3 40 4 54 5 53 6 47 7 45 10 41) 9 (2 91 4 71 7 86 8 104 10 71 11 95 12 92 13 106 14 79) 3 (4 67 13 68 14 81) 2 (6 19 9 23) 10 (1 50 2 85 4 85 5 57 6 85 8 74 9 73 10 71 12 67 14 84) 6 (4 59 6 78 8 74 9 58 12 77 15 58) 9 (3 13 5 12 6 6 8 6 9 9 10 10 11 9 12 8 13 10) 5 (4 90 6 74 7 78 10 72 13 84)
10 7 3 (11 81 12 73 15 53) 2 (12 7 13 6) 2 (5 21 15 30) 5 (2 84 5 79 6 79 9 82 14 101) 3 (1 60 6 78 11 86) 7 (2 52 7 66 8 66 10 39 12 56 14 60 15 59) 8 (1 17 4 18 5 10 7 18 10 16 12 19 13 17 14 13) 3 8 (2 13 3 15 4 18 5 22 9 18 12 18 13 17 14 17) 10 (1 14 3 13 4 16 5 13 6 14 7 11 8 14 9 15 11 12 15 13) 6 (5 39 7 51 11 43 12 56 13 54 14 47)
10 8 8 (1 36 2 38 5 40 7 42 8 43 9 28 10 45 12 39) 2 (10 16 11 17) 2 (1 43 3 48) 5 (2 80 3 108 11 92 12 79 14 59) 7 (1 13 2 13 3 12 8 11 11 9 12 11 13 10) 7 (2 28 3 28 4 40 5 33 8 39 9 22 11 36) 6 (2 14 3 15 4 16 9 13 12 16 15 16) 9 (1 18 2 22 3 21 4 17 5 17 6 17 10 15 13 22 14 25) 2 9 (1 72 2 74 6 65 7 54 8 66 9 62 10 74 11 60 15 61) 4 (5 41 7 35 9 37 15 41)
10 8 5 (1 41 5 31 7 31 10 36 13 40) 10 (1 93 2 74 3 77 4 88 5 76 6 81 7 82 8 75 9 54 10 62) 10 (1 81 2 117 4 95 5 60 6 108 7 74 8 76 9 103 12 89 14 79) 6 (2 88 3 92 4 74 9 95 10 62 13 72) 10 (2 32 4 30 7 37 8 33 9 26 10 25 11 29 12 31 13 35 14 28) 10 (1 111 3 98 4 81 5 117 6 109 7 97 12 104 13 84 14 95 15 113) 5 (6 125 7 86 9 92 12 81 14 90) 10 (2 84 3 108 4 95 5 83 7 92 8 79 9 105 11 65 12 91 15 79) 2 6 (3 7 4 7 7 7 10 9 13 6 14 7) 7 (1 43 2 53 4 63 6 47 10 54 12 52 15 68)
10 9 7 (2 8 4 6 6 7 8 7 9 8 12 8 13 8) 3 (3 40 6 56 13 54) 6 (1 61 3 68 4 67 8 87 10 56 15 60) 9 (2 79 4 93 5 78 9 101 10 98 11 89 12 93 13 93 15 101) 4 (5 18 8 23 10 17 13 27) 6 (3 39 7 40 10 40 11 43 13 39 15 48) 3 (4 24 8 25 15 24) 8 (1 98 4 86 7 79 9 118 10 85 11 63 12 60 14 85) 2 (3 45 5 38) 1 8 (2 76 4 83 5 81 6 86 7 72 8 73 12 63 14 86)
10 10 2 (4 96 15 61) 5 (1 56 3 37 4 39 13 42 15 52) 8 (2 27 3 18 5 24 7 25 11 24 12 26 13 23 15 14) 3 (4 66 8 58 15 60) 8 (2 72 3 52 6 64 8 74 9 61 10 77 12 74 13 44) 10 (2 15 3 10 4 16 5 22 6 22 8 15 9 23 10 20 12 25 14 19) 5 (2 48 5 41 9 30 10 43 12 27) 6 (3 100 7 78 8 98 9 95 10 66 13 78) 7 (1 67 2 98 5 73 8 89 9 71 13 74 15 71) 2 (2 56 10 43)
10 9 9 (1 12 2 12 3 13 5 17 9 16 12 12 13 17 14 14 15 11) 4 (2 71 8 87 11 74 12 53) 10 (1 38 2 39 3 36 4 36 5 38 8 39 11 52 12 34 13 34 15 38) 4 (3 24 7 17 10 22 13 22) 7 (4 31 5 53 7 59 9 66 10 64 13 46 15 62) 6 (2 51 6 46 7 45 10 41 13 48 14 34) 8 (1 67 3 47 4 70 5 67 9 53 10 68 13 74 14 60) 5 (1 24 3 19 10 24 12 23 15 23) 10 (1 44 3 41 4 44 6 50 9 49 10 63 11 52 13 47 14 48 15 40) 1 10 (1 41 2 46 3 56 5 44 8 42 11 44 12 51 13 38 14 40 15 51)
10 7 3 (7 90 9 78 14 53) 6 (2 46 5 52 8 36 10 49 14 27 15 48) 4 (10 44 11 38 13 39 15 35) 10 (1 40 3 37 4 35 7 28 8 32 10 34 11 25 13 26 14 27 15 33) 9 (2 75 3 89 4 116 6 79 8 81 9 92 11 100 13 69 14 83) 9 (1 20 3 23 6 20 7 12 8 20 9 25 12 23 14 20 15 19) 9 (2 95 3 80 4 82 7 110 9 94 10 83 11 84 12 78 13 92) 3 3 (2 80 6 67 15 79) 7 (2 5 4 4 5 4 9 4 10 7 11 4 12 5) 7 (2 35 6 28 7 34 9 33 11 32 13 29 15 28)
10 8 8 (2 14 4 15 6 11 7 16 9 14 10 15 12 16 13 13) 3 (3 64 4 59 15 52) 9 (1 63 4 80 6 67 7 82 9 97 12 73 13 93 14 108 15 77) 2 (10 74 11 56) 3 (2 19 10 30 12 29) 4 (1 99 7 112 8 98 14 83) 10 (1 31 2 36 4 32 6 36 7 39 9 40 10 30 12 41 13 29 14 31) 8 (1 50 3 43 4 49 6 66 7 48 9 47 11 36 12 61) 2 7 (6 89 7 80 8 64 10 94 13 68 14 85 15 90) 5 (3 51 6 47 8 40 9 40 10 42)
10 8 3 (1 25 5 19 15 27) 3 (7 12 11 12 15 10) 10 (2 28 4 44 5 34 7 40 8 31 9 33 10 33 12 36 13 39 14 39) 5 (2 71 7 73 8 61 12 69 13 73) 6 (1 68 3 99 7 85 10 77 14 72 15 79) 5 (4 26 8 26 9 26 14 18 15 22) 6 (1 101 2 65 5 118 7 82 10 81 13 90) 5 (1 4 5 7 7 4 8 4 15 4) 2 3 (5 10 11 9 14 9) 9 (1 63 2 82 4 64 5 64 7 61 8 49 12 44 14 54 15 50)
10 6 3 (2 65 5 75 15 73) 3 (2 20 3 17 10 21) 4 (3 9 8 11 9 9 13 10) 5 (3 91 7 51 8 76 12 75 13 61) 2 (7 51 14 52) 5 (1 27 4 33 10 26 13 47 14 35) 4 10 (1 9 2 10 3 9 7 8 8 8 9 10 11 10 13 9 14 10 15 10) 5 (3 108 4 76 6 90 10 97 13 87) 2 (1 78 9 67) 3 (3 62 10 54 11 54)
10 7 10 (1 72 2 60 3 64 4 49 6 52 7 55 9 56 10 48 11 51 14 61) 7 (1 29 2 26 4 30 5 25 8 25 13 25 15 30) 10 (1 77 4 89 5 82 7 61 9 89 11 58 12 70 13 74 14 71 15 70) 8 (3 93 4 62 6 100 9 88 10 69 11 116 13 107 14 68) 8 (1 80 2 88 3 84 5 82 8 85 10 83 12 95 13 76) 2 (7 7 12 6) 4 (2 55 6 62 10 56 14 37) 3 3 (3 64 12 52 14 53) 10 (1 30 2 28 3 29 5 24 7 25 8 34 11 26 13 26 14 24 15 32) 2 (9 40 15 52)
10 5 4 (3 42 6 49 12 52 15 57) 3 (6 31 8 25 14 30) 7 (1 40 5 36 6 41 8 32 12 35 14 36 15 37) 10 (1 44 3 40 6 44 7 44 8 26 11 40 12 37 13 44 14 41 15 36) 7 (1 97 3 109 4 77 6 97 10 76 11 88 15 93) 5 6 (1 57 3 72 7 85 10 71 12 52 13 57) 3 (3 74 8 62 14 74) 6 (2 29 4 29 5 22 9 21 11 24 14 19) 2 (8 73 13 62) 3 (2 19 3 16 4 16)
10 10 6 (3 60 4 46 5 51 9 54 11 51 13 60) 3 (4 5 9 7 13 4) 8 (2 18 4 13 5 18 7 19 9 15 11 18 13 17 14 17) 7 (1 56 3 53 6 43 7 52 10 51 12 51 13 57) 10 (1 69 2 58 3 82 4 51 6 61 7 77 8 61 9 59 10 58 15 55) 7 (2 68 5 82 9 94 11 59 12 66 13 79 15 93) 2 (5 75 8 51) 10 (1 91 2 73 3 53 4 91 5 80 7 76 8 107 11 103 13 74 14 82) 10 (2 15 3 13 7 13 8 12 9 18 10 15 11 12 13 14 14 17 15 13) 2 (2 12 9 12)
10 7 4 (2 7 4 7 6 6 9 8) 7 (4 59 7 69 8 45 10 72 11 61 13 60 14 74) 6 (5 70 6 77 7 81 9 111 14 90 15 88) 8 (1 93 4 92 5 87 7 78 9 91 10 97 13 55 14 89) 4 (1 84 2 63 4 96 10 91) 8 (2 53 3 91 4 61 6 82 8 75 10 74 12 76 15 81) 8 (2 12 3 16 5 18 6 15 9 18 10 15 11 19 13 18) 3 4 (4 99 5 97 7 75 14 94) 6 (2 48 3 38 5 54 10 39 12 65 13 46) 2 (3 61 5 62)
10 5 5 (2 34 4 30 7 26 13 21 14 28) 9 (3 62 5 63 7 50 8 73 9 76 10 63 11 49 14 66 15 55) 10 (1 82 3 65 4 64 5 55 6 54 7 93 8 73 9 67 12 73 13 73) 2 (4 35 15 49) 2 (3 75 7 87) 5 2 (6 76 7 96) 3 (1 78 3 102 4 76) 9 (2 44 3 44 7 48 8 43 9 57 10 47 12 47 13 51 14 46) 10 (3 77 4 88 5 77 8 93 10 72 11 58 12 79 13 64 14 66 15 86) 6 (5 36 7 30 9 38 11 32 13 32 14 33)
10 8 8 (1 8 2 10 3 12 6 8 7 9 10 11 12 15 13 9) 3 (5 29 10 29 11 24) 8 (1 53 4 40 6 39 8 49 10 39 13 35 14 43 15 55) 7 (1 21 4 18 6 20 8 17 9 26 10 16 13 18) 2 (5 82 11 62) 6 (6 54 7 69 8 68 9 53 10 71 12 61) 9 (1 63 2 70 5 54 7 62 8 81 10 66 11 78 13 66 14 57) 4 (3 89 4 89 6 90 7 112) 2 7 (3 23 5 18 6 22 7 28 9 28 12 26 15 25) 7 (3 49 5 75 7 65 8 52 10 55 12 45 13 72)
10 7 9 (1 31 2 35 3 38 5 38 8 27 9 31 11 40 12 39 14 35) 5 (4 118 8 65 10 93 12 83 13 88) 3 (1 31 2 31 7 28) 2 (9 33 10 28) 7 (1 37 3 27 7 31 8 28 10 35 12 26 13 30) 3 (8 44 14 59 15 44) 2 (4 10 13 9) 3 5 (2 80 3 55 9 72 10 82 11 86) 10 (1 37 2 41 3 39 5 36 6 34 10 29 11 34 12 41 13 33 14 33) 2 (3 24 6 23)
10 8 5 (4 23 6 21 7 23 10 22 15 23) 2 (3 78 12 75) 4 (4 6 5 8 9 7 14 8) 3 (5 105 7 92 13 85) 10 (2 66 3 73 5 48 6 52 8 51 9 46 10 77 12 45 13 58 15 56) 5 (1 15 3 13 5 13 8 15 11 13) 7 (3 42 4 49 8 53 9 44 10 54 13 44 15 38) 7 (1 83 3 86 9 85 10 77 11 82 13 94 15 64) 2 3 (5 101 7 84 11 84) 5 (2 7 7 6 8 7 10 7 14 7)
10 6 7 (2 77 3 78 5 69 6 82 7 80 9 72 13 63) 6 (1 27 4 23 5 27 7 31 9 28 15 27) 8 (1 22 3 29 5 29 6 28 7 29 9 28 10 24 14 30) 6 (2 100 4 98 8 73 9 85 10 104 15 51) 6 (1 6 4 5 6 6 7 7 13 5 15 7) 3 (3 43 7 47 9 32) 4 6 (4 81 5 94 7 67 10 92 12 78 13 71) 3 (3 29 10 30 12 31) 2 (3 71 11 73) 6 (3 57 6 72 7 76 10 48 12 78 13 56)
