20 15
13 12 9 14 9 10 13 10 12 11 9 10 12 9 14
1 2 1 4 4 4 1 1 2 2 3 3 1 1 3
10 9 10 (1 40 2 28 3 32 4 36 5 29 7 38 8 29 9 38 13 37 15 40) 5 (3 19 5 18 6 14 9 16 12 13) 9 (4 35 5 34 7 24 8 27 9 31 11 30 12 35 13 35 14 36) 4 (2 16 3 12 10 11 12 14) 7 (3 69 5 79 6 72 7 85 10 49 13 61 15 67) 9 (1 9 2 9 5 12 8 9 10 10 11 10 12 10 14 13 15 12) 6 (1 62 3 67 5 84 7 81 11 87 12 75) 9 (2 91 3 79 4 80 6 102 7 106 9 85 10 93 12 82 15 62) 8 (3 71 4 110 7 86 8 75 10 77 12 88 13 83 14 90) 1 5 (1 18 3 18 7 16 13 16 14 19)
10 9 9 (2 35 3 47 5 47 6 36 7 31 10 38 11 40 14 44 15 40) 5 (3 99 7 89 10 88 11 69 14 77) 4 (2 69 3 77 8 91 9 105) 4 (1 65 3 65 11 63 15 55) 5 (7 82 8 56 9 64 11 69 12 71) 6 (1 38 3 44 4 51 6 42 9 50 13 39) 6 (5 60 8 62 12 55 13 51 14 66 15 78) 2 (7 96 8 78) 6 (1 32 4 38 6 38 12 32 13 37 14 30) 1 4 (1 80 2 55 4 70 14 56)
10 7 9 (2 74 3 77 5 113 6 75 8 105 10 65 11 109 14 63 15 91) 6 (6 84 8 53 10 64 13 78 14 44 15 57) 3 (4 45 11 51 13 44) 9 (1 73 2 83 5 61 6 81 7 85 8 60 9 81 11 66 13 56) 2 (4 78 5 74) 3 (6 80 7 97 8 104) 3 (1 40 5 49 13 37) 3 3 (1 23 8 14 11 19) 3 (4 78 9 72 10 67) 2 (3 5 4 6)
10 5 6 (2 21 3 20 6 20 9 13 10 21 12 22) 3 (7 7 8 5 11 7) 2 (3 14 15 14) 8 (2 18 4 24 6 15 7 19 8 20 9 19 14 17 15 19) 9 (1 25 3 27 6 25 8 37 9 20 10 28 12 33 14 38 15 27) 5 9 (4 85 6 96 8 84 9 93 11 83 12 92 13 102 14 110 15 92) 4 (2 42 11 54 13 53 14 50) 10 (1 10 4 20 5 21 6 20 8 15 9 14 11 17 12 14 13 15 15 20) 10 (1 16 2 18 3 15 4 16 5 15 6 19 9 15 11 19 14 25 15 21) 2 (6 86 7 94)
10 8 9 (3 28 5 21 6 27 7 19 8 24 11 30 12 18 13 25 14 28) 3 (3 45 7 54 15 61) 9 (2 18 3 18 4 16 5 18 6 17 8 18 9 16 11 11 12 15) 4 (2 10 6 12 8 7 12 13) 8 (3 48 4 67 5 63 8 73 9 60 12 72 14 58 15 62) 3 (4 6 6 4 15 5) 3 (2 65 7 91 14 48) 6 (1 28 2 25 3 19 5 23 6 20 7 27) 2 8 (4 17 5 11 6 15 8 17 9 12 10 12 11 13 13 15) 10 (1 33 2 41 3 41 7 51 8 44 9 46 10 35 12 48 13 44 14 50)
10 7 10 (1 80 2 86 3 78 4 96 5 123 6 80 7 85 8 83 12 98 15 99) 2 (2 45 13 49) 2 (1 74 12 79) 4 (3 64 9 46 10 64 12 57) 3 (1 44 13 37 14 50) 9 (1 99 2 99 3 93 4 79 5 70 9 75 11 85 12 96 14 83) 4 (6 30 8 29 9 26 13 32) 3 2 (2 72 5 108) 5 (1 46 9 38 13 60 14 36 15 39) 5 (1 73 2 64 7 81 8 44 12 65)
10 5 2 (6 63 7 86) 5 (3 75 6 84 7 87 12 99 14 80) 5 (7 75 8 60 9 57 12 82 14 83) 4 (4 90 9 92 13 71 14 92) 9 (1 59 2 62 4 61 5 55 6 56 7 60 8 68 13 46 14 51) 5 6 (5 29 10 31 11 31 13 26 14 26 15 32) 3 (8 65 11 52 12 49) 3 (4 86 7 98 13 103) 9 (1 88 2 68 4 57 5 66 6 72 7 66 8 61 10 79 13 84) 7 (2 36 7 34 8 38 12 37 13 30 14 33 15 40)
10 8 4 (4 52 6 67 10 62 15 65) 9 (1 17 3 20 4 13 7 21 8 19 11 18 12 17 14 16 15 18) 10 (1 26 2 33 3 23 4 33 5 28 7 32 10 28 12 39 13 25 14 24) 2 (6 45 10 43) 3 (2 24 3 17 13 26) 8 (2 86 4 90 7 98 8 79 9 64 12 83 14 99 15 77) 10 (3 72 5 63 6 68 7 51 8 69 9 54 11 64 12 68 13 68 15 57) 8 (1 47 2 52 3 66 4 48 5 43 6 53 7 45 8 66) 2 6 (1 90 5 85 6 100 9 103 12 95 13 66) 2 (5 72 13 74)
10 8 3 (1 45 6 48 9 51) 6 (3 60 6 80 10 78 11 97 12 67 15 103) 10 (2 81 3 75 4 68 5 78 6 70 7 59 9 66 11 81 13 74 15 80) 8 (1 53 2 65 3 72 4 55 9 64 10 61 12 57 13 44) 7 (3 69 6 80 7 66 9 68 11 76 12 81 13 80) 9 (3 8 4 9 6 8 8 6 9 9 10 7 12 8 13 10 14 6) 7 (1 33 4 35 5 25 9 24 10 27 11 26 13 23) 2 (1 69 11 80) 2 3 (7 60 8 64 14 61) 10 (1 83 3 79 5 87 6 100 8 76 9 81 11 99 13 86 14 101 15 96)
10 6 4 (3 63 6 54 8 74 14 55) 10 (1 80 3 76 5 64 7 91 8 95 9 84 11 94 12 98 13 87 15 98) 3 (1 9 8 10 11 12) 3 (4 37 12 44 13 57) 3 (2 7 3 8 8 8) 10 (3 64 4 63 5 51 8 55 9 50 10 47 11 53 12 55 13 45 15 65) 4 9 (1 92 3 88 4 93 5 114 7 72 10 94 13 92 14 82 15 64) 9 (1 17 2 21 3 25 4 20 6 20 7 23 8 20 11 16 15 20) 5 (2 7 3 7 5 5 6 8 9 7) 6 (3 84 4 62 8 56 13 58 14 71 15 72)
10 9 2 (7 66 15 57) 2 (2 10 10 10) 9 (2 76 3 78 5 67 6 74 8 80 9 54 11 87 13 85 14 74) 2 (7 50 14 39) 6 (5 4 6 6 7 4 11 4 14 5 15 4) 6 (2 10 4 14 7 11 11 16 12 16 14 11) 5 (1 80 3 51 5 90 6 93 10 90) 6 (1 29 6 24 7 24 11 27 12 25 15 25) 8 (1 8 2 15 4 7 5 9 6 10 9 8 11 11 14 11) 1 10 (4 101 5 72 6 85 7 81 8 83 9 77 10 91 12 73 14 64 15 84)
10 5 6 (2 71 5 77 6 77 8 82 11 75 12 83) 10 (2 31 3 43 4 35 6 29 8 28 10 31 11 37 12 32 14 26 15 34) 4 (3 52 5 57 10 70 12 49) 2 (7 51 12 62) 8 (1 89 3 116 5 71 6 94 7 115 8 97 9 107 12 110) 5 7 (2 18 4 23 6 18 8 23 9 19 13 24 15 20) 6 (2 12 4 8 7 13 8 14 11 8 12 9) 9 (1 6 2 5 3 4 4 6 5 4 8 4 11 6 13 6 15 5) 8 (1 58 6 51 8 47 10 41 11 51 12 48 13 33 14 38) 3 (8 28 10 28 14 24)
10 9 5 (2 70 4 81 5 88 12 100 15 84) 3 (2 54 4 62 8 40) 8 (1 64 3 66 4 53 6 59 11 57 12 67 13 42 15 58) 3 (6 101 9 74 15 113) 9 (1 32 4 35 6 40 8 32 9 32 11 34 12 39 14 35 15 40) 4 (1 82 2 73 7 110 13 87) 5 (4 87 5 98 10 100 11 101 13 107) 5 (1 84 2 81 3 56 5 68 7 60) 10 (2 32 3 30 4 30 6 37 7 41 9 37 10 33 11 33 12 29 14 34) 1 6 (3 77 5 87 6 73 10 69 13 71 14 70)
10 5 2 (4 40 6 41) 5 (5 23 7 25 9 28 11 28 15 26) 3 (1 8 12 7 13 9) 3 (2 23 13 30 14 24) 5 (4 13 5 10 8 15 9 9 14 12) 5 7 (3 25 7 27 8 21 9 23 13 27 14 25 15 27) 7 (4 7 6 5 7 7 8 6 10 8 13 8 14 7) 7 (1 16 3 19 8 18 9 14 10 19 13 14 14 19) 5 (5 35 7 36 8 40 12 34 14 32) 3 (2 72 3 66 12 96)
10 5 9 (1 73 6 59 7 61 8 87 10 68 11 70 12 78 13 87 15 69) 6 (1 41 3 46 5 27 7 45 12 41 15 43) 8 (3 84 5 62 6 59 8 57 9 73 10 63 12 63 13 84) 8 (1 23 2 26 3 29 5 40 7 34 8 38 9 29 13 33) 4 (1 26 3 29 8 24 14 26) 5 5 (5 70 9 74 11 67 14 69 15 51) 4 (1 68 6 56 8 58 12 41) 3 (3 56 4 84 6 47) 5 (1 17 6 27 9 24 10 25 12 30) 5 (2 82 3 103 7 101 9 86 15 94)
10 6 5 (2 25 4 30 7 24 8 27 15 20) 6 (1 26 7 43 8 46 11 48 13 38 15 35) 10 (1 49 2 56 3 47 4 50 5 49 6 48 7 37 10 52 11 45 15 51) 6 (3 75 4 61 8 84 9 66 10 69 15 69) 3 (2 36 3 36 11 34) 3 (4 85 7 88 14 83) 4 10 (1 36 2 43 3 48 4 33 5 52 7 51 10 46 11 48 13 43 15 39) 4 (1 74 3 104 5 68 13 108) 6 (1 47 4 45 8 54 9 56 11 44 13 49) 9 (1 73 3 62 6 73 7 77 8 74 9 73 11 56 13 79 15 65)
10 8 10 (2 16 4 20 6 16 7 18 8 19 10 15 11 19 12 16 13 21 14 16) 10 (2 85 3 120 4 93 6 88 7 102 8 88 9 88 10 69 13 96 14 78) 7 (1 29 4 23 6 28 8 20 9 28 13 21 14 23) 2 (11 76 14 105) 7 (3 72 5 86 6 92 12 99 13 87 14 65 15 94) 10 (1 42 3 27 5 30 7 33 8 41 9 37 10 33 12 35 13 34 15 38) 4 (1 27 2 35 3 30 11 29) 6 (9 81 10 70 12 87 13 47 14 89 15 76) 2 6 (1 55 2 82 6 92 8 54 12 74 14 88) 7 (1 67 5 63 10 76 11 45 12 68 13 57 15 52)
10 9 5 (4 74 5 91 8 90 12 58 15 63) 4 (1 92 2 89 9 88 15 84) 9 (2 54 3 29 5 36 7 42 9 38 11 40 12 41 13 52 15 31) 9 (2 93 5 94 6 75 7 75 9 81 10 82 11 89 13 93 14 96) 6 (2 111 3 110 4 118 6 117 9 84 14 107) 5 (1 102 4 88 6 99 9 73 14 94) 6 (1 58 3 92 4 95 10 90 14 81 15 88) 2 (2 38 9 34) 2 (1 69 13 69) 1 7 (2 42 3 53 4 42 9 40 10 38 11 52 14 42)
10 10 9 (1 81 3 90 4 110 5 73 6 78 7 89 10 91 11 92 12 113) 9 (1 52 4 45 5 40 7 49 8 51 9 58 10 56 13 48 14 55) 10 (1 60 2 64 3 46 4 71 7 69 8 59 9 50 10 61 11 49 13 64) 4 (8 47 11 43 14 59 15 45) 8 (1 8 7 9 9 8 10 7 11 8 12 8 14 9 15 7) 4 (9 58 13 77 14 52 15 72) 7 (1 76 3 68 6 75 8 57 10 76 13 69 15 76) 2 (10 53 15 47) 5 (2 46 3 55 9 55 13 63 14 61) 10 (1 39 2 30 3 28 4 29 5 38 7 33 9 14 11 34 13 28 15 39)
10 10 6 (5 100 7 104 8 122 11 82 13 110 15 116) 5 (3 80 4 82 5 78 8 69 10 80) 4 (3 71 5 93 11 50 14 85) 5 (5 82 7 77 12 59 14 79 15 94) 6 (7 7 8 6 10 6 13 8 14 7 15 6) 2 (2 85 4 112) 6 (1 79 2 73 5 66 7 72 11 60 14 82) 2 (2 51 4 43) 6 (1 72 2 73 3 67 4 97 11 82 15 77) 7 (5 67 7 59 8 67 10 58 11 75 13 64 15 53)
