15 15
9 14 10 13 9 15 11 15 15 13 10 11 11 13 9
2 1 3 2 2 2 3 2 2 3 4 1 1 1 2
15 13 4 (3 20 5 23 12 25 15 25) 4 (3 63 7 78 9 51 12 56) 7 (2 86 4 65 7 67 9 61 10 89 12 76 14 49) 7 (2 80 5 91 7 82 8 88 9 73 12 66 14 90) 3 (6 11 7 12 8 10) 8 (2 40 5 41 8 56 9 43 10 40 12 36 13 49 14 34) 6 (3 42 4 30 7 33 8 28 9 36 11 26) 10 (1 20 3 21 5 19 6 25 8 16 9 20 12 15 13 21 14 26 15 18) 5 (2 23 8 18 12 21 13 21 15 24) 9 (1 68 2 94 4 91 6 80 8 83 10 66 12 104 13 91 15 72) 5 (5 82 6 103 8 87 13 101 14 97) 2 (5 41 11 45) 7 (3 33 5 48 8 28 9 32 10 42 13 48 15 41) 2 8 (1 7 2 8 3 8 5 9 6 10 8 7 11 6 12 7) 5 (3 76 4 79 8 53 12 76 15 71)
15 10 4 (1 47 3 43 6 38 7 41) 7 (5 45 6 37 7 40 11 34 12 34 14 35 15 39) 9 (1 50 3 59 4 54 5 63 6 56 7 53 8 55 12 68 13 56) 3 (6 52 9 55 11 44) 4 (5 15 6 25 8 17 12 21) 3 (2 102 14 105 15 88) 6 (1 75 3 75 4 78 7 66 12 64 14 91) 7 (2 25 4 28 7 29 8 22 9 25 11 23 13 26) 9 (1 7 2 7 3 7 5 6 7 8 8 7 11 7 13 10 15 7) 5 (4 65 8 48 11 43 12 57 14 51) 5 4 (4 71 7 56 10 59 12 62) 7 (2 78 3 74 6 59 7 98 8 78 13 79 15 93) 2 (8 10 13 9) 10 (1 75 2 55 3 55 4 52 7 59 8 59 9 47 10 77 12 49 13 73) 9 (2 66 3 72 5 73 6 77 8 71 10 80 12 108 14 75 15 91)
15 11 2 (9 83 14 99) 9 (2 83 3 78 4 114 9 58 10 93 11 84 13 98 14 96 15 103) 8 (2 35 3 29 4 26 6 32 8 36 10 44 11 42 14 33) 5 (1 55 2 76 4 67 10 75 14 49) 3 (3 48 13 36 15 39) 3 (8 8 10 7 15 7) 2 (8 15 10 10) 7 (2 12 3 8 6 9 8 10 11 10 13 11 14 12) 6 (1 61 3 72 4 75 5 70 8 81 9 60) 10 (1 49 4 47 5 39 6 50 7 47 8 44 9 43 10 53 11 49 14 35) 10 (2 96 4 93 5 91 7 67 8 88 9 86 10 93 11 96 14 72 15 107) 4 2 (6 57 12 58) 6 (1 13 2 10 3 13 5 11 8 11 9 12) 4 (2 81 5 92 7 80 12 79) 6 (4 69 5 59 9 74 13 66 14 61 15 66)
15 15 7 (2 70 5 63 7 59 8 47 9 83 12 52 14 72) 10 (2 34 3 42 4 49 5 51 7 39 8 41 9 38 12 29 14 51 15 47) 4 (1 45 6 53 12 55 15 60) 8 (2 100 3 73 4 59 5 67 10 70 11 71 13 81 14 70) 5 (1 22 2 27 6 29 7 22 9 18) 6 (1 26 2 18 4 27 8 27 13 25 15 26) 3 (1 62 9 69 13 95) 2 (3 11 5 8) 9 (3 110 4 78 5 80 7 84 8 85 10 131 11 74 13 87 15 81) 9 (1 65 2 44 3 58 4 64 5 60 7 59 8 63 11 59 13 53) 8 (1 69 2 74 5 58 8 66 11 71 12 75 13 64 14 68) 8 (1 63 2 73 5 73 9 59 11 87 13 73 14 74 15 72) 4 (2 78 6 105 8 63 15 91) 7 (1 43 6 48 10 44 11 44 12 50 14 40 15 29) 5 (4 53 6 48 10 46 11 50 13 52)
15 9 9 (2 86 4 76 5 88 6 81 8 86 9 90 10 78 11 80 12 77) 9 (2 67 4 76 5 80 6 81 9 80 11 68 12 69 13 62 14 63) 7 (1 104 3 109 4 83 12 101 13 104 14 68 15 110) 9 (2 19 3 15 4 16 6 18 8 16 10 16 11 18 12 18 13 20) 7 (1 68 5 72 8 71 9 78 10 57 11 48 14 80) 8 (4 37 6 31 8 26 10 45 12 37 13 28 14 40 15 30) 6 (1 8 2 9 8 10 11 8 12 7 14 8) 5 (3 88 8 116 9 99 13 75 15 110) 4 (3 48 8 49 14 56 15 49) 6 6 (1 33 3 38 6 38 8 33 11 30 13 35) 2 (3 8 14 7) 9 (1 58 2 49 3 73 4 77 7 73 8 70 9 79 11 62 15 65) 7 (4 91 7 117 8 85 9 78 11 76 12 101 13 84) 10 (1 83 2 91 4 101 5 86 6 76 7 87 8 94 10 102 14 99 15 121) 10 (1 68 2 79 4 70 6 82 7 67 8 78 9 68 10 50 13 67 15 64)
15 7 6 (2 38 3 35 7 30 10 32 14 35 15 39) 2 (3 84 11 75) 7 (2 37 3 38 4 39 6 36 7 42 9 32 10 36) 5 (1 52 4 69 5 64 12 60 14 56) 8 (1 64 5 70 6 71 7 73 8 56 9 88 10 87 15 86) 3 (2 64 8 72 14 67) 3 (6 26 11 33 13 34) 8 7 (1 23 4 31 6 24 8 24 9 26 11 22 15 23) 8 (1 44 2 43 3 56 5 48 6 35 11 50 12 55 13 39) 2 (9 62 14 61) 7 (3 57 7 56 8 68 10 72 12 69 13 49 15 68) 5 (2 96 4 103 5 67 6 76 15 97) 8 (1 21 2 17 3 23 4 20 7 23 10 21 11 19 15 16) 2 (5 46 6 44) 2 (9 31 11 35)
15 11 5 (3 19 5 21 8 18 9 18 15 18) 8 (1 64 3 62 4 57 6 44 9 45 11 61 13 58 14 56) 2 (3 18 5 20) 7 (1 92 2 107 5 61 9 82 10 68 12 93 13 100) 4 (1 57 5 48 11 50 12 48) 5 (5 5 6 6 10 5 11 7 14 4) 10 (1 49 2 53 3 50 5 42 6 58 7 48 8 50 9 45 14 45 15 61) 2 (7 19 8 20) 7 (1 64 2 68 4 65 6 69 11 46 12 61 15 65) 10 (1 23 4 27 5 23 6 23 7 25 8 24 10 24 12 23 13 24 14 29) 8 (1 33 3 63 5 48 6 47 9 52 10 55 11 48 13 54) 4 5 (1 89 5 69 6 75 12 103 14 78) 5 (3 75 6 42 7 56 8 49 11 55) 8 (1 16 4 15 6 22 8 19 9 20 10 18 14 22 15 18) 3 (4 45 10 62 11 54)
15 10 8 (1 81 2 67 4 83 6 59 8 65 9 81 11 99 12 60) 9 (1 78 3 79 4 80 6 67 8 64 9 80 10 70 11 63 15 71) 7 (3 42 4 32 5 44 11 39 13 29 14 38 15 38) 3 (1 96 6 58 10 75) 7 (1 58 3 72 7 76 8 73 10 67 12 61 15 75) 7 (1 21 3 16 9 21 11 15 12 20 14 19 15 21) 10 (1 10 2 9 8 9 9 10 10 10 11 7 12 9 13 10 14 8 15 9) 3 (2 28 9 30 13 31) 2 (4 54 10 57) 7 (2 17 4 17 7 17 8 17 10 18 12 16 15 17) 5 8 (3 10 7 12 8 9 9 7 11 9 13 12 14 9 15 14) 5 (1 50 2 64 8 51 9 48 11 55) 9 (1 30 3 39 4 45 6 29 10 40 11 32 12 41 13 46 15 32) 8 (1 105 3 117 5 115 6 103 7 120 8 86 13 103 15 118) 7 (5 12 10 13 11 14 12 15 13 16 14 13 15 15)
15 10 7 (1 7 4 5 7 5 8 4 12 6 14 6 15 6) 8 (1 96 2 99 5 98 8 92 9 73 10 76 11 75 13 101) 3 (4 38 10 37 13 48) 3 (4 71 5 64 12 96) 6 (2 99 4 107 7 59 8 85 11 82 12 82) 3 (4 22 5 21 13 29) 3 (5 102 14 79 15 75) 8 (1 102 4 109 5 86 6 99 7 109 10 80 11 94 15 112) 4 (4 78 5 80 12 90 15 77) 8 (1 71 2 66 3 88 5 74 6 76 7 69 13 76 15 38) 5 10 (1 91 2 70 3 76 4 59 8 89 9 56 10 99 12 78 13 69 14 57) 2 (5 58 15 65) 9 (4 49 6 58 8 43 9 58 11 74 12 60 13 58 14 60 15 57) 5 (2 53 4 40 5 56 9 47 13 58) 5 (5 28 9 22 10 24 12 26 13 19)
15 9 7 (2 59 3 55 5 47 7 49 8 42 9 41 10 49) 5 (3 26 8 31 10 33 13 33 15 33) 4 (5 33 11 35 13 33 14 35) 7 (1 72 4 80 6 79 10 88 12 87 13 59 14 106) 10 (1 37 2 43 4 53 5 50 6 44 9 49 11 51 12 59 13 46 15 52) 5 (4 10 6 9 8 12 13 12 15 9) 3 (3 52 10 51 13 45) 8 (1 70 2 81 3 88 4 71 5 67 8 87 12 77 14 69) 10 (1 49 2 40 3 55 4 42 5 37 6 43 9 49 10 57 11 51 13 52) 6 4 (1 30 7 23 11 26 14 24) 7 (4 9 7 9 8 7 11 8 12 6 13 7 14 7) 6 (2 57 5 67 6 75 10 64 12 68 15 100) 2 (4 55 10 65) 2 (5 25 9 25) 3 (7 42 9 49 14 39)
15 11 6 (2 21 5 19 7 20 9 19 11 22 15 24) 5 (1 60 7 101 10 75 12 92 15 97) 3 (5 81 7 83 11 78) 5 (1 7 3 9 6 7 14 6 15 7) 3 (3 17 7 12 11 18) 6 (2 5 3 8 4 6 7 5 9 6 12 6) 7 (4 37 5 29 6 18 7 27 8 33 11 24 14 31) 7 (1 41 2 28 6 33 9 44 10 41 11 45 14 46) 9 (1 10 2 10 3 14 7 11 8 12 9 10 10 10 14 13 15 13) 8 (2 43 4 60 7 47 9 61 11 60 13 51 14 57 15 57) 7 (2 21 5 23 6 23 7 18 8 24 9 20 14 23) 4 3 (4 5 14 3 15 6) 8 (1 8 2 8 4 8 9 10 12 8 13 9 14 10 15 11) 5 (1 17 4 16 10 22 11 18 14 20) 3 (2 23 3 26 6 33)
15 10 4 (3 60 4 97 8 66 9 79) 4 (3 49 6 73 10 63 14 49) 5 (1 45 2 32 7 44 13 42 14 44) 2 (13 21 14 23) 3 (1 19 7 23 9 30) 7 (2 66 3 68 4 67 10 61 12 65 13 56 15 50) 7 (1 7 4 8 6 7 7 8 10 7 11 8 15 8) 10 (2 99 4 76 5 98 6 90 7 81 8 102 10 104 12 97 13 120 15 103) 9 (1 90 3 78 4 91 5 113 6 102 8 91 10 97 12 91 13 93) 7 (1 19 2 18 3 14 5 15 7 15 13 20 14 19) 5 8 (3 8 4 9 6 10 8 8 10 9 11 8 12 10 14 10) 5 (4 74 6 75 9 65 13 70 15 46) 9 (2 68 3 60 4 89 5 57 6 46 9 58 10 80 13 63 14 90) 5 (2 95 3 60 6 104 7 86 13 78) 10 (2 67 6 44 7 64 8 63 9 48 10 46 11 63 12 55 13 61 15 57)
15 14 9 (1 94 2 92 4 81 6 90 8 97 12 92 13 90 14 93 15 117) 5 (3 49 4 65 7 68 8 56 9 74) 9 (1 54 2 46 4 52 5 46 7 51 9 35 12 52 13 60 15 20) 5 (1 67 5 72 7 59 8 75 9 62) 2 (6 59 8 55) 2 (7 38 10 26) 6 (3 34 8 36 9 27 10 36 11 26 14 36) 5 (1 32 6 39 9 30 11 30 14 33) 2 (1 24 14 31) 7 (1 19 2 17 3 17 5 22 12 21 13 19 14 22) 7 (2 73 4 63 6 65 7 72 9 75 11 62 12 65) 6 (3 62 9 92 10 94 13 94 14 84 15 77) 8 (1 100 3 84 6 100 7 114 9 92 10 126 11 101 12 105) 3 (1 57 5 55 6 59) 1 10 (1 19 3 23 4 22 5 23 6 20 8 28 9 22 10 20 11 18 15 24)
15 8 2 (2 21 14 17) 7 (3 25 4 20 7 21 8 28 9 30 13 29 15 31) 7 (1 101 6 75 8 85 9 101 10 91 11 133 14 96) 4 (3 16 5 16 6 18 9 12) 9 (2 73 3 52 8 73 9 37 10 51 12 56 13 78 14 63 15 47) 2 (1 55 15 36) 4 (2 91 7 86 11 49 15 77) 6 (1 65 2 80 3 82 10 46 12 62 13 65) 7 4 (3 74 6 107 12 119 15 88) 6 (2 54 3 63 7 59 9 70 10 63 15 68) 9 (2 58 4 48 5 60 6 49 7 46 11 45 13 44 14 53 15 68) 3 (3 55 5 46 9 47) 3 (1 76 9 59 15 58) 8 (2 21 4 24 6 27 7 20 12 30 13 26 14 22 15 25) 9 (1 25 3 33 6 26 7 45 8 38 9 40 10 44 11 40 12 37)
15 11 4 (1 8 5 8 11 8 15 8) 4 (2 13 5 22 12 18 13 15) 10 (1 66 3 56 5 53 7 65 8 44 9 44 10 52 12 62 13 63 15 57) 2 (5 102 11 83) 5 (4 35 8 22 12 31 14 27 15 24) 3 (1 60 7 65 13 48) 8 (1 7 3 8 4 6 7 6 8 6 9 8 14 8 15 8) 7 (2 84 4 92 5 102 6 91 7 101 9 91 14 86) 4 (2 115 4 84 6 77 8 69) 5 (1 6 6 6 9 6 11 8 12 7) 9 (2 44 3 39 5 48 7 39 8 48 9 46 11 49 12 44 15 58) 4 6 (1 28 3 32 4 34 5 25 9 28 13 27) 2 (14 42 15 41) 2 (3 77 5 96) 6 (3 67 4 58 7 41 9 68 12 54 14 66)
