30 15
13 9 15 12 14 8 9 10 12 9 10 9 11 12 15
4 3 1 3 2 2 1 3 2 2 1 1 2 3 3
10 9 4 (1 17 8 22 10 23 12 21) 6 (2 26 6 29 7 34 9 18 13 34 15 22) 9 (1 14 2 15 6 16 7 20 8 17 9 17 11 20 13 15 14 17) 6 (1 33 6 37 8 35 9 40 14 37 15 29) 8 (1 60 4 58 6 57 9 64 11 63 12 65 14 47 15 57) 2 (7 57 14 57) 7 (3 100 4 102 5 90 6 81 7 101 8 86 13 86) 8 (4 44 5 84 7 83 8 83 9 86 10 65 13 71 15 87) 2 (1 20 11 23) 1 6 (1 35 3 49 5 58 10 60 11 51 13 44)
10 9 2 (1 79 10 91) 9 (2 101 3 116 5 89 6 91 7 83 10 122 12 107 13 115 14 98) 10 (1 38 2 58 4 44 5 40 6 47 9 42 11 38 12 50 13 43 14 38) 4 (1 56 8 68 12 55 13 92) 10 (1 31 4 40 6 29 8 28 9 36 10 34 11 35 13 33 14 21 15 29) 5 (1 34 4 42 6 34 11 33 15 42) 7 (1 67 4 85 5 68 6 93 9 73 12 97 13 79) 5 (2 81 3 63 12 83 14 58 15 69) 7 (3 50 6 59 7 62 11 59 12 52 13 43 15 52) 1 9 (1 10 3 14 6 10 7 13 10 9 12 11 13 11 14 13 15 8)
10 6 4 (5 62 6 59 8 59 15 63) 2 (3 92 15 105) 7 (2 28 3 36 8 32 10 37 12 35 14 34 15 30) 7 (4 18 5 19 7 17 9 26 10 25 11 21 13 16) 2 (2 69 4 55) 2 (3 67 10 62) 4 10 (1 45 2 46 5 51 7 41 8 28 9 39 11 28 12 45 14 39 15 41) 5 (3 90 9 104 10 52 12 66 13 97) 3 (3 72 4 87 7 70) 7 (2 48 3 33 4 45 6 36 7 40 10 31 14 46)
10 8 10 (1 64 2 79 3 82 4 77 5 118 7 69 8 73 9 106 10 97 14 115) 2 (9 25 15 19) 4 (5 66 6 68 12 78 14 65) 6 (2 37 5 35 10 37 11 41 12 41 14 30) 10 (1 50 3 98 4 66 6 64 7 95 10 68 11 95 13 46 14 76 15 71) 2 (6 77 13 72) 7 (2 57 4 51 5 66 7 75 10 61 11 73 15 57) 5 (1 47 6 36 8 44 11 28 13 46) 2 10 (2 83 3 95 6 70 7 89 8 94 9 92 12 103 13 83 14 57 15 102) 5 (3 75 4 64 7 96 9 77 11 82)
10 9 2 (1 92 2 69) 10 (1 41 5 39 6 51 8 43 9 45 10 31 12 48 13 45 14 47 15 37) 7 (2 84 3 72 8 100 10 97 12 101 14 67 15 93) 8 (1 87 3 85 5 83 7 59 11 86 12 69 13 71 15 100) 9 (1 100 3 83 4 72 7 82 8 78 9 72 10 71 11 93 14 79) 4 (3 101 8 117 11 99 12 108) 7 (3 25 5 22 8 26 9 25 10 24 11 24 15 18) 10 (1 17 2 12 4 23 6 13 7 17 9 19 10 20 13 18 14 14 15 19) 8 (3 46 4 48 7 49 8 38 9 38 10 43 11 43 15 41) 1 8 (1 49 2 46 3 51 6 48 7 52 8 47 9 58 11 43)
10 5 3 (6 71 11 82 14 52) 4 (2 41 3 35 11 30 13 37) 10 (2 19 3 27 4 27 7 25 8 25 9 28 10 31 12 31 13 34 15 29) 2 (1 111 12 82) 2 (6 120 7 116) 5 3 (2 55 8 62 12 58) 3 (5 38 14 28 15 36) 3 (1 8 6 7 7 7) 10 (1 10 2 8 4 9 5 9 6 8 7 9 8 9 10 9 11 8 12 9) 8 (2 6 3 8 4 6 5 10 7 8 10 7 12 11 14 12)
10 6 3 (1 73 2 130 5 104) 10 (1 27 3 25 6 32 7 21 9 27 10 36 11 22 13 31 14 29 15 32) 7 (3 46 4 48 11 49 12 51 13 46 14 65 15 44) 2 (5 12 9 18) 9 (1 22 3 30 7 33 8 31 9 30 11 31 12 21 14 24 15 33) 9 (2 64 4 65 5 54 6 51 8 59 9 60 11 52 13 53 15 59) 4 7 (1 56 4 60 5 54 7 36 8 52 11 55 15 46) 10 (1 34 3 34 4 48 5 41 6 42 8 39 10 40 12 42 13 51 15 50) 4 (1 57 4 55 10 60 12 68) 3 (4 32 5 45 6 39)
10 10 9 (1 49 2 42 3 42 4 52 6 36 8 47 10 29 12 42 14 51) 9 (2 76 4 92 5 50 7 68 9 61 12 78 13 72 14 81 15 74) 2 (2 34 15 41) 7 (1 115 4 92 8 89 10 92 11 98 12 91 14 87) 5 (2 12 4 17 5 13 11 15 13 18) 2 (7 55 12 57) 4 (4 42 6 39 12 37 15 34) 6 (1 41 2 45 8 27 11 44 14 48 15 33) 7 (4 9 7 10 8 7 9 10 13 11 14 9 15 9) 5 (2 17 7 18 9 15 11 20 13 18)
10 6 10 (1 29 2 41 3 36 4 49 5 36 8 32 9 36 11 34 12 41 13 39) 3 (1 21 6 26 9 22) 2 (5 30 11 29) 7 (1 39 3 47 4 40 5 32 7 44 11 47 15 30) 8 (3 100 4 53 6 70 7 56 11 88 12 63 14 70 15 64) 7 (1 101 2 79 3 104 7 93 12 102 13 83 14 78) 4 5 (2 7 3 8 4 8 12 8 14 7) 10 (1 60 2 87 3 72 4 50 5 69 7 71 9 62 10 64 11 56 13 76) 6 (6 30 9 25 11 37 13 30 14 25 15 26) 4 (1 33 4 32 6 38 7 36)
10 7 3 (2 81 10 73 12 78) 7 (2 61 3 69 4 65 5 71 10 87 11 58 14 64) 7 (1 64 2 106 3 64 4 86 9 70 10 97 14 76) 4 (8 22 9 25 12 29 13 24) 4 (7 85 8 77 10 65 13 72) 7 (1 36 2 43 8 44 10 56 11 43 12 44 15 31) 6 (2 47 5 73 8 62 10 75 12 59 13 60) 3 7 (2 96 5 89 7 100 9 101 10 103 13 118 15 86) 7 (2 61 3 83 5 70 7 74 11 86 12 78 14 81) 10 (2 86 3 78 4 119 7 71 8 106 9 111 10 140 11 97 12 98 14 98)
10 8 4 (3 98 6 62 7 63 13 66) 6 (2 31 6 25 8 31 9 34 10 38 12 27) 7 (2 18 3 19 5 22 8 20 9 15 12 18 13 17) 8 (1 24 2 21 3 18 6 18 9 18 10 18 11 25 14 19) 9 (1 93 3 95 5 104 7 64 9 97 10 64 12 69 13 78 15 80) 3 (2 18 11 18 12 12) 5 (2 23 3 27 5 25 10 26 13 25) 7 (1 26 2 19 3 19 4 21 6 28 11 32 12 23) 2 9 (2 33 4 29 5 31 6 27 7 34 10 34 11 29 12 39 14 33) 3 (2 57 7 67 13 100)
10 8 8 (3 104 4 117 5 98 7 124 8 94 12 99 14 120 15 110) 5 (3 115 4 78 7 98 12 96 13 105) 7 (2 32 3 25 5 26 10 32 13 31 14 30 15 27) 6 (1 64 2 99 4 81 11 82 12 103 14 93) 5 (2 61 4 43 8 67 12 53 14 42) 10 (2 94 3 71 4 68 5 76 6 71 8 87 9 60 10 73 12 82 15 63) 6 (5 18 7 28 9 25 11 23 12 22 14 29) 9 (1 81 2 67 6 88 9 75 10 78 11 81 13 87 14 77 15 67) 2 5 (1 114 2 98 4 107 9 81 14 80) 10 (4 45 6 44 7 49 8 42 10 52 11 44 12 38 13 40 14 51 15 54)
10 8 7 (1 60 4 33 5 51 6 50 7 59 14 52 15 56) 9 (2 31 4 29 5 25 7 29 9 26 10 28 11 31 13 27 15 30) 9 (1 75 2 72 3 45 6 76 8 59 9 48 11 77 12 60 15 55) 7 (1 56 3 66 9 63 11 59 13 63 14 60 15 74) 9 (1 102 2 96 3 102 4 115 6 96 8 111 10 107 12 81 13 82) 4 (6 44 11 41 13 43 15 39) 6 (1 37 5 44 6 38 10 45 12 42 15 38) 6 (1 31 4 30 5 32 6 23 10 27 15 22) 2 2 (7 48 15 59) 10 (1 18 2 21 4 13 5 20 6 19 8 23 9 23 10 21 13 23 15 15)
10 9 9 (2 80 4 75 5 85 6 77 9 97 10 106 12 88 13 93 15 96) 5 (3 15 4 22 6 18 11 24 12 21) 3 (7 27 10 27 11 30) 6 (1 13 3 12 4 8 5 13 13 12 14 14) 4 (5 115 6 95 9 91 11 115) 9 (1 62 3 55 4 67 5 75 6 58 10 66 11 51 13 71 14 60) 8 (1 87 3 107 4 92 5 76 6 104 7 89 12 103 14 104) 9 (2 64 4 44 5 52 6 60 8 62 10 42 11 42 14 58 15 52) 9 (2 90 4 62 7 76 9 87 10 54 11 85 12 90 14 91 15 88) 1 2 (3 60 8 50)
10 10 10 (1 63 3 55 4 38 5 59 7 48 8 47 10 60 11 50 14 57 15 55) 3 (1 57 2 38 10 34) 10 (1 64 3 73 4 51 7 67 8 40 10 49 11 69 12 71 13 68 15 72) 4 (4 83 6 65 9 77 14 83) 3 (3 14 12 12 15 16) 2 (3 60 14 76) 5 (2 21 3 16 7 16 8 15 15 11) 8 (1 43 2 65 3 46 4 59 8 54 11 53 13 38 15 44) 8 (1 38 3 40 4 36 5 46 6 39 7 48 10 39 15 32) 7 (2 71 8 78 9 56 10 85 12 80 13 60 14 94)
10 7 5 (2 22 5 28 9 23 10 23 12 25) 9 (1 59 2 60 3 60 6 51 7 73 11 74 12 60 13 55 15 53) 4 (2 80 5 90 13 67 15 68) 4 (2 15 3 16 11 14 13 15) 6 (2 73 4 55 5 62 10 81 11 78 12 59) 9 (2 86 3 85 4 97 5 88 7 96 8 104 10 107 13 79 15 89) 4 (3 79 4 54 5 92 14 66) 3 9 (1 41 3 43 7 43 8 40 9 68 10 60 11 50 12 39 15 43) 7 (4 74 5 83 9 83 10 64 13 88 14 88 15 60) 10 (1 65 2 57 4 66 6 55 7 53 8 58 9 51 12 51 13 56 14 80)
10 6 6 (1 44 2 38 3 31 11 30 13 46 14 34) 5 (5 87 9 84 11 73 14 74 15 60) 3 (3 61 10 33 15 41) 5 (2 35 5 30 6 32 11 27 14 36) 10 (1 48 2 52 4 49 5 48 7 52 9 60 10 62 12 59 14 43 15 60) 7 (4 32 5 23 7 29 8 37 11 36 12 21 15 28) 4 4 (1 44 2 36 6 38 13 34) 3 (1 51 4 68 6 65) 9 (2 46 3 50 4 45 5 41 8 50 9 33 12 56 14 61 15 48) 2 (11 58 13 43)
10 10 5 (6 74 7 80 9 40 10 90 11 79) 9 (1 27 2 34 5 46 7 24 8 42 10 34 12 47 14 44 15 30) 10 (1 25 2 12 3 19 5 18 6 15 7 15 10 14 11 16 13 14 15 16) 3 (8 46 13 61 14 72) 2 (10 35 12 33) 6 (1 8 2 9 4 8 8 8 13 9 15 8) 10 (1 15 3 17 4 16 5 16 8 17 9 15 10 14 11 15 13 16 15 17) 7 (3 31 5 32 7 32 9 28 11 26 13 29 14 25) 10 (2 40 3 46 4 52 5 48 7 42 8 42 12 45 13 54 14 39 15 35) 5 (1 110 5 83 6 65 7 108 8 71)
10 8 8 (2 49 3 60 5 31 7 43 11 54 12 54 13 34 14 43) 7 (4 66 6 58 7 60 8 47 11 59 13 49 15 63) 4 (3 19 8 17 11 20 12 22) 2 (9 90 15 72) 10 (1 55 2 52 3 56 4 51 9 53 10 69 11 52 13 58 14 62 15 48) 7 (4 39 6 28 7 40 8 32 9 24 11 41 15 27) 4 (3 20 5 25 8 15 12 23) 9 (1 67 2 93 5 69 6 76 9 72 11 72 12 97 13 96 14 83) 2 2 (2 51 6 45) 4 (1 49 9 29 10 35 15 35)
10 5 3 (4 20 5 21 10 17) 2 (6 71 7 61) 6 (3 90 4 99 6 74 12 90 13 70 14 111) 5 (4 99 7 105 13 117 14 67 15 89) 10 (1 80 3 68 4 83 5 71 6 77 10 57 12 64 13 68 14 72 15 72) 5 6 (1 116 2 79 6 86 11 85 14 77 15 79) 8 (1 33 4 30 8 42 10 26 11 35 12 34 13 26 14 27) 3 (3 56 5 53 8 59) 2 (3 59 8 62) 4 (2 14 9 14 10 15 14 15)
10 5 4 (3 30 4 28 12 29 13 24) 2 (4 55 13 78) 5 (3 19 4 24 5 20 7 16 8 21) 6 (1 35 3 32 5 40 6 27 9 40 12 41) 3 (7 21 9 23 13 18) 5 3 (5 45 10 44 11 54) 6 (5 24 6 26 8 20 10 22 14 21 15 19) 8 (1 55 3 89 4 79 7 88 10 74 12 68 13 85 15 67) 4 (1 49 6 40 7 50 10 40) 2 (1 46 4 43)
10 5 6 (1 56 2 61 3 52 8 53 14 52 15 60) 2 (11 32 15 42) 6 (1 61 3 53 4 64 8 63 14 61 15 71) 6 (3 15 4 18 5 16 7 16 8 17 11 16) 5 (2 47 4 43 7 62 13 52 15 62) 5 4 (4 50 7 61 11 64 15 59) 5 (1 66 3 41 10 62 13 63 15 37) 8 (1 40 4 41 7 33 8 35 9 41 12 35 13 42 15 35) 4 (4 77 10 55 13 65 15 79) 8 (2 54 3 49 4 56 9 49 10 44 11 49 13 51 14 54)
10 9 6 (1 85 6 92 8 81 9 65 11 70 12 87) 6 (1 65 2 60 3 64 6 60 10 67 13 65) 5 (1 7 3 12 5 12 11 11 14 10) 4 (2 77 3 85 4 81 9 75) 5 (3 88 5 94 7 99 13 83 15 101) 6 (4 95 5 86 7 76 13 94 14 90 15 95) 5 (2 64 4 66 6 67 11 56 15 51) 7 (2 59 4 75 6 87 8 50 12 69 13 83 14 92) 6 (1 75 2 65 11 80 12 76 13 92 15 92) 1 10 (1 28 3 33 4 27 6 27 9 40 10 27 11 27 12 32 13 31 15 29)
10 9 7 (5 26 6 28 7 28 9 23 10 20 12 25 15 20) 6 (3 63 4 72 9 69 11 71 12 63 14 71) 4 (1 31 3 46 9 24 15 25) 4 (1 38 4 30 14 25 15 34) 9 (1 8 6 10 7 6 8 9 9 9 11 7 12 8 14 7 15 9) 9 (2 19 3 17 5 19 8 16 9 21 10 27 13 16 14 20 15 19) 6 (2 92 3 73 5 84 9 90 12 89 15 81) 10 (1 108 2 112 3 86 4 89 5 61 6 78 8 90 9 89 10 102 12 78) 4 (1 47 7 64 8 48 14 70) 1 5 (1 24 2 19 4 21 6 23 8 26)
10 7 2 (2 63 12 66) 9 (2 72 5 72 6 78 9 64 10 62 11 55 12 64 13 66 15 85) 5 (1 91 2 94 4 98 6 97 15 66) 6 (1 43 9 43 11 43 12 30 14 30 15 32) 5 (1 6 8 6 9 8 11 12 15 8) 9 (3 5 4 6 6 6 8 9 9 8 11 7 12 9 13 8 15 6) 9 (4 20 6 19 7 24 8 18 9 22 10 21 12 22 13 22 14 18) 3 9 (1 75 2 52 3 49 5 59 8 58 11 74 12 56 14 56 15 66) 2 (3 35 9 42) 3 (10 6 12 8 15 8)
10 8 6 (1 5 8 6 10 6 11 6 13 5 14 6) 6 (2 79 3 78 9 72 12 63 13 53 14 67) 8 (2 67 4 55 5 75 6 76 7 57 8 75 12 43 15 47) 8 (1 69 3 55 5 56 6 73 8 57 10 52 12 49 13 57) 8 (2 15 3 15 4 17 5 15 7 17 9 19 14 13 15 17) 4 (2 37 3 36 9 35 10 48) 7 (1 119 2 108 3 84 5 110 10 75 12 57 13 105) 10 (1 52 2 73 4 48 5 50 7 59 8 61 9 57 10 55 11 42 15 47) 2 4 (4 31 5 41 9 33 13 45) 9 (2 60 3 85 4 110 6 95 7 76 8 85 9 77 11 76 14 98)
10 10 10 (1 78 3 83 4 74 5 76 6 87 8 63 10 76 11 77 12 87 15 99) 7 (3 58 4 75 8 72 9 71 10 69 11 59 13 78) 3 (2 21 10 33 12 29) 8 (1 74 2 100 3 99 8 100 9 80 11 83 12 84 13 73) 5 (1 18 3 20 9 18 13 19 14 21) 5 (4 37 7 46 10 38 11 40 15 39) 7 (1 23 4 24 5 23 7 17 8 26 10 27 12 25) 3 (4 84 12 72 15 76) 7 (1 34 2 44 3 37 5 53 6 41 7 40 13 28) 2 (1 8 9 6)
10 10 10 (1 8 2 9 3 9 4 8 5 8 6 9 8 9 13 6 14 7 15 9) 9 (1 75 2 96 4 92 6 78 7 85 9 87 11 86 14 71 15 77) 5 (2 58 8 55 9 53 10 67 14 51) 4 (1 17 3 17 8 11 10 12) 3 (8 12 9 11 12 13) 4 (1 51 3 43 5 41 6 47) 2 (9 19 14 22) 9 (1 20 2 22 3 25 5 26 7 18 10 21 12 20 13 23 14 24) 9 (1 17 2 18 3 14 4 20 8 21 10 23 11 22 13 21 15 21) 3 (4 76 7 61 14 83)
10 9 10 (2 30 3 39 5 37 6 37 7 39 8 34 10 33 11 32 14 40 15 38) 8 (3 52 4 44 6 42 9 66 10 59 11 48 14 56 15 64) 3 (3 13 8 11 9 8) 8 (4 15 5 23 6 23 8 25 9 25 10 23 11 27 15 23) 9 (3 113 4 104 6 111 8 94 9 93 10 89 11 104 14 90 15 81) 6 (1 43 4 40 5 47 11 44 14 48 15 35) 8 (2 4 3 7 4 5 10 6 11 4 13 4 14 4 15 4) 2 (1 17 6 14) 2 (8 28 9 35) 1 9 (1 75 2 48 5 54 7 63 9 63 10 54 11 76 13 61 15 68)
10 5 3 (1 8 2 8 15 6) 6 (1 14 4 13 11 17 12 12 14 13 15 11) 9 (1 67 3 68 4 67 5 37 6 52 8 51 9 77 10 57 11 77) 5 (1 101 3 75 5 95 7 113 9 91) 3 (2 78 3 97 4 78) 5 5 (7 38 11 51 12 34 14 37 15 39) 7 (3 21 4 19 5 14 6 14 7 15 8 13 13 21) 6 (4 26 6 22 8 19 10 20 11 24 12 24) 3 (6 71 8 86 10 64) 5 (2 106 6 80 9 81 11 92 12 81)
