15 15
14 8 8 9 11 9 11 10 10 12 11 10 14 14 14
3 3 3 3 4 4 2 3 1 2 2 1 2 4 4
15 7 5 (2 23 6 17 9 18 10 18 12 21) 3 (4 73 11 67 12 61) 9 (2 69 4 60 5 71 8 85 9 69 10 93 11 71 12 79 14 82) 7 (2 13 3 13 5 15 7 13 11 11 12 10 15 16) 8 (1 82 2 91 4 79 5 72 11 107 12 88 13 84 15 79) 7 (1 81 4 85 6 82 7 106 11 105 12 97 14 86) 5 (1 74 3 91 6 95 10 110 13 89) 8 8 (1 42 3 38 5 41 6 52 7 40 8 43 10 40 13 36) 2 (12 43 14 47) 8 (1 86 2 92 7 104 8 79 10 78 11 74 12 63 15 83) 9 (1 81 2 67 3 62 6 62 7 66 10 63 12 64 13 77 15 58) 10 (3 48 4 50 6 49 7 56 8 58 10 48 11 38 13 31 14 48 15 41) 3 (2 63 4 60 9 54) 6 (3 29 5 26 9 33 10 22 11 26 15 26) 6 (2 66 4 63 6 59 9 58 10 79 11 57)
15 7 6 (1 78 2 72 5 79 6 75 9 59 13 64) 10 (2 57 3 74 6 76 8 79 9 69 10 91 11 66 12 90 14 72 15 72) 10 (2 37 4 43 5 37 6 43 8 28 9 56 10 34 11 39 14 32 15 41) 4 (3 68 9 65 12 66 15 79) 6 (1 69 6 42 8 53 9 57 11 54 15 50) 5 (2 16 3 14 7 14 8 13 12 13) 4 (9 68 10 60 12 54 14 68) 8 3 (3 66 4 78 8 72) 5 (1 75 6 65 10 83 12 72 14 70) 2 (6 34 10 42) 2 (6 25 15 27) 7 (3 87 4 73 5 69 6 65 7 106 9 94 13 83) 5 (2 64 3 54 6 59 7 55 11 75) 8 (3 26 6 24 7 35 8 20 10 23 12 34 13 33 15 26) 3 (3 46 9 47 13 46)
15 8 2 (8 108 11 97) 3 (10 82 11 104 12 110) 4 (2 77 4 57 9 51 11 55) 8 (3 36 6 30 8 35 9 40 10 40 12 48 14 33 15 34) 3 (1 48 13 54 15 32) 5 (1 75 3 109 4 103 11 96 12 84) 6 (5 17 6 16 7 20 10 23 14 25 15 17) 2 (9 55 10 75) 7 5 (1 77 5 102 10 88 14 96 15 81) 8 (1 10 2 9 3 10 4 9 6 11 7 11 12 9 14 7) 8 (1 53 2 78 3 59 4 85 6 87 10 62 11 88 14 63) 7 (1 10 2 13 3 12 9 12 10 9 11 8 12 12) 6 (2 85 3 72 6 81 8 91 9 53 15 101) 9 (2 43 3 47 4 40 6 38 7 38 9 44 11 37 14 47 15 44) 8 (2 70 3 75 4 65 6 72 7 61 12 80 13 56 14 67)
15 7 3 (2 27 11 26 15 27) 9 (4 45 6 42 7 57 8 54 9 52 10 46 12 54 13 56 14 34) 6 (1 35 4 29 5 29 10 33 12 32 15 27) 10 (3 71 4 69 5 82 6 62 8 79 10 60 11 69 12 58 14 83 15 71) 9 (1 30 2 45 4 47 5 41 6 32 10 57 13 45 14 44 15 46) 6 (3 68 4 55 9 49 10 76 11 68 13 75) 4 (5 40 9 39 10 40 15 50) 8 5 (3 50 7 79 9 59 10 63 15 49) 6 (6 71 7 36 8 77 9 68 14 60 15 68) 3 (3 34 4 54 12 48) 2 (6 14 11 17) 7 (1 70 3 118 4 79 5 97 6 85 8 102 9 76) 7 (1 74 3 91 5 109 6 112 7 93 9 77 11 87) 4 (3 111 8 91 10 136 14 122) 10 (1 100 5 91 6 102 7 101 9 63 10 110 11 90 12 81 14 97 15 110)
15 11 6 (3 98 5 96 6 101 9 86 11 102 15 85) 6 (2 62 3 53 6 58 8 56 12 41 13 61) 6 (2 93 3 65 5 88 6 60 7 69 8 74) 5 (1 9 5 9 10 10 14 12 15 10) 5 (2 39 6 56 8 82 10 91 15 81) 6 (2 7 5 5 10 8 11 8 14 6 15 6) 10 (2 98 3 86 6 105 7 103 8 108 9 87 12 115 13 83 14 126 15 74) 4 (2 13 6 12 7 13 14 13) 6 (2 35 3 34 5 48 6 42 9 42 11 40) 2 (2 42 10 37) 8 (4 68 6 86 7 93 10 93 11 97 13 89 14 80 15 75) 4 7 (1 40 5 40 7 26 10 50 12 30 13 40 15 43) 9 (3 64 4 69 6 75 7 56 8 76 9 71 10 70 14 69 15 63) 9 (1 68 4 65 5 76 6 77 8 80 11 95 13 77 14 95 15 86) 7 (1 20 3 17 4 19 5 18 6 22 7 10 13 16)
15 10 4 (5 68 7 82 11 76 15 58) 3 (5 64 7 54 15 58) 9 (1 80 2 102 3 75 7 82 9 66 10 83 11 81 12 87 15 88) 3 (11 34 14 44 15 45) 5 (1 12 10 13 11 13 13 14 14 15) 4 (2 15 3 19 11 13 13 20) 2 (3 71 6 86) 10 (2 68 3 98 4 101 6 100 7 132 8 89 9 106 10 93 12 87 13 99) 4 (4 39 11 60 12 54 14 68) 6 (2 105 5 76 8 83 11 89 13 106 15 122) 5 2 (4 103 13 128) 9 (1 14 2 19 4 16 6 14 7 14 11 17 13 14 14 17 15 17) 4 (7 49 9 61 10 72 14 50) 5 (1 90 4 77 6 71 7 75 15 73) 2 (12 98 15 100)
15 11 7 (2 84 3 74 8 73 10 72 11 74 12 68 15 68) 8 (1 55 4 54 6 33 9 39 10 42 12 57 13 49 15 54) 2 (3 43 5 37) 7 (2 63 6 90 7 97 9 76 11 69 12 72 15 81) 10 (1 90 3 83 4 83 7 113 8 68 9 106 10 78 13 88 14 102 15 104) 5 (3 35 9 28 11 32 13 34 15 35) 4 (1 19 2 12 5 14 8 16) 7 (2 48 3 46 5 50 11 65 12 53 13 61 15 54) 6 (3 19 7 21 10 23 12 15 13 17 15 17) 2 (7 95 12 79) 9 (1 48 3 59 5 52 6 62 8 66 10 77 13 61 14 60 15 66) 4 4 (3 12 4 18 11 14 14 15) 10 (1 40 4 37 5 40 6 35 9 29 10 30 11 30 12 29 14 29 15 27) 8 (1 32 2 29 3 33 4 36 6 46 11 41 12 26 15 24) 7 (1 40 2 69 3 54 5 52 6 74 7 58 12 54)
15 14 3 (3 43 7 43 14 38) 2 (6 29 10 40) 6 (2 61 8 89 9 56 11 78 13 64 14 84) 8 (2 76 4 61 5 61 7 60 9 66 11 61 12 70 15 60) 6 (2 52 7 56 8 60 10 58 12 45 13 57) 8 (1 26 2 26 3 28 4 28 6 29 8 28 10 24 14 31) 4 (4 88 11 85 12 89 14 77) 3 (2 39 5 60 14 47) 7 (1 91 3 78 9 65 12 88 13 61 14 75 15 59) 5 (1 62 4 69 5 69 8 75 10 46) 4 (4 87 6 116 9 81 15 106) 4 (1 85 4 95 5 83 14 67) 5 (4 7 5 7 6 8 12 6 15 8) 5 (1 87 3 67 8 76 9 61 10 78) 1 8 (3 68 4 69 7 71 10 84 11 69 12 85 14 76 15 75)
15 7 7 (2 18 3 21 4 25 6 20 8 15 13 23 14 19) 8 (1 41 4 47 6 45 7 45 10 44 12 42 13 36 15 39) 8 (2 102 3 99 4 68 5 95 7 47 10 66 12 104 15 119) 7 (3 28 9 32 10 24 11 31 12 23 14 30 15 28) 4 (5 47 9 44 13 56 15 53) 5 (5 70 6 72 8 75 11 111 12 79) 9 (2 73 3 73 5 59 6 61 7 67 9 60 12 66 14 75 15 66) 8 7 (1 76 2 104 4 92 10 91 11 95 12 110 15 84) 5 (2 20 3 21 4 20 6 21 14 21) 2 (4 33 6 36) 6 (1 55 5 66 7 41 9 48 10 55 11 52) 6 (1 86 2 88 3 82 11 101 13 100 15 79) 6 (5 48 8 35 10 32 13 41 14 46 15 36) 3 (3 74 7 64 12 76) 9 (2 25 3 26 5 27 6 19 8 23 9 17 10 21 11 18 14 27)
15 8 5 (2 36 6 43 8 31 9 36 11 45) 2 (8 94 15 98) 7 (3 86 4 83 6 114 7 91 10 86 11 80 15 107) 3 (1 45 7 38 13 45) 9 (6 30 7 22 8 27 9 29 10 26 11 26 12 22 13 30 15 24) 8 (1 68 2 84 4 47 7 70 8 78 10 97 12 72 13 71) 4 (1 81 7 61 8 90 15 79) 2 (3 8 14 8) 7 7 (1 38 2 46 3 35 4 52 6 58 9 31 12 50) 6 (2 41 5 50 6 72 9 80 10 55 12 64) 8 (1 35 3 41 6 40 7 31 9 32 10 41 11 33 13 47) 9 (2 85 4 86 6 95 8 86 9 95 11 63 13 52 14 104 15 74) 4 (3 65 10 86 12 66 15 63) 4 (4 69 7 67 8 61 11 62) 4 (4 28 8 36 11 41 13 35)
15 8 3 (10 98 11 102 14 90) 8 (1 76 4 72 6 86 7 65 9 90 13 86 14 78 15 72) 6 (1 75 4 52 7 61 9 54 11 54 15 60) 8 (2 67 5 72 8 95 10 80 11 85 12 79 14 70 15 85) 9 (1 62 5 54 6 72 7 60 9 59 11 48 12 74 14 59 15 57) 8 (1 10 2 8 4 8 6 9 10 7 11 10 12 10 15 10) 2 (3 93 7 65) 6 (5 7 8 6 9 6 10 5 12 4 14 5) 7 9 (2 46 5 36 6 53 7 50 9 37 10 47 13 56 14 48 15 47) 8 (5 92 6 89 7 81 8 94 9 66 12 67 14 106 15 65) 2 (6 89 9 88) 5 (1 71 3 85 7 81 8 66 13 80) 8 (1 112 2 79 7 114 8 79 9 92 10 89 12 116 13 69) 8 (1 40 3 42 5 39 6 46 9 33 10 32 11 44 13 32) 9 (2 76 4 69 5 61 6 69 7 87 10 66 12 65 14 90 15 90)
15 11 7 (1 70 2 84 3 83 4 93 5 90 9 85 10 78) 6 (3 21 4 24 5 20 11 21 12 15 14 20) 7 (1 9 2 14 4 16 6 8 9 11 10 10 15 10) 6 (2 64 6 70 9 75 12 78 13 77 15 72) 7 (1 79 3 56 4 72 10 71 11 62 14 65 15 61) 2 (13 61 14 57) 5 (2 25 8 38 9 25 10 37 11 38) 9 (1 34 2 36 3 38 5 30 7 40 8 31 11 34 13 31 15 30) 9 (1 29 3 41 5 41 8 30 9 41 10 42 12 37 13 39 15 35) 3 (2 16 12 21 15 18) 5 (4 15 6 15 8 16 12 13 13 14) 4 9 (4 89 6 68 7 94 8 85 9 95 10 72 11 93 14 100 15 78) 8 (1 54 4 45 5 51 6 57 7 50 8 62 10 63 12 34) 8 (1 89 3 66 5 63 6 63 9 89 10 65 12 74 13 56) 5 (2 43 4 47 9 50 10 49 14 59)
15 7 7 (3 14 4 12 6 19 7 18 12 15 13 19 14 19) 10 (1 67 2 53 3 70 4 63 5 65 6 68 8 54 12 47 13 57 15 59) 7 (2 82 3 62 4 77 9 72 11 87 13 66 15 77) 7 (1 38 2 31 3 24 5 40 7 40 11 27 14 38) 5 (1 69 4 92 6 71 9 90 12 116) 10 (2 48 3 51 5 40 6 42 7 55 9 43 10 56 11 49 12 52 13 48) 6 (5 8 6 6 9 7 10 7 14 7 15 7) 8 2 (3 59 10 71) 9 (1 88 4 64 6 81 8 91 10 59 11 62 12 64 13 57 14 87) 10 (4 83 5 131 7 108 8 84 9 102 10 99 11 91 12 81 13 112 15 77) 6 (2 50 3 46 6 48 9 65 13 49 14 60) 7 (1 60 7 50 10 88 11 75 12 61 14 57 15 80) 8 (1 50 2 48 5 46 7 53 10 45 12 50 13 50 14 38) 10 (3 12 4 13 6 11 7 14 8 13 9 12 10 13 11 11 12 9 13 11) 3 (1 83 9 95 12 95)
15 12 7 (1 89 2 102 5 73 6 98 7 92 14 91 15 53) 8 (3 50 4 49 5 66 6 55 7 57 8 64 9 51 15 59) 8 (5 51 7 54 8 88 9 68 10 38 12 56 14 73 15 84) 9 (1 71 3 74 4 54 7 75 8 68 9 75 10 78 11 75 15 65) 3 (4 96 6 89 12 106) 4 (3 21 5 14 10 24 13 22) 9 (2 14 3 16 4 15 5 17 6 14 8 13 10 11 12 14 14 17) 2 (6 99 7 67) 4 (3 42 7 65 10 72 12 62) 6 (3 10 6 12 8 12 10 13 11 16 13 10) 3 (7 76 14 73 15 77) 6 (1 57 4 58 6 69 7 58 9 80 14 58) 3 2 (9 6 10 7) 4 (2 30 4 29 8 29 15 30) 7 (2 58 3 65 6 45 8 43 11 50 13 48 14 56)
15 11 6 (1 60 2 68 4 74 5 71 13 68 14 93) 3 (3 28 9 33 12 23) 7 (2 35 4 25 7 23 8 22 10 25 11 25 14 30) 4 (2 42 8 31 9 35 10 42) 7 (2 8 5 9 7 9 8 8 9 9 10 8 14 7) 2 (3 43 10 28) 2 (4 102 7 72) 6 (1 47 4 37 5 35 7 50 10 45 12 41) 10 (4 80 5 103 7 85 8 86 9 64 10 74 11 77 12 76 14 60 15 89) 9 (1 90 3 82 4 94 5 93 6 63 9 100 10 87 12 95 14 72) 8 (1 6 4 7 5 5 7 5 8 5 9 6 12 5 14 6) 4 10 (1 66 3 65 4 49 5 71 8 51 11 75 12 57 13 65 14 64 15 87) 7 (1 49 2 51 7 53 8 61 13 45 14 70 15 60) 2 (3 38 15 41) 5 (1 16 3 17 5 15 7 13 10 18)
