15 15
13 10 8 13 13 8 15 12 10 12 14 11 11 15 12
4 3 2 3 4 3 2 3 3 2 2 3 3 3 3
15 8 4 (3 22 7 23 13 23 15 22) 10 (1 54 2 64 3 45 4 43 5 63 8 53 9 53 10 45 11 57 13 66) 3 (2 59 6 67 13 69) 5 (5 82 6 88 7 102 10 117 13 116) 10 (1 13 2 8 3 12 6 11 7 13 8 11 9 12 12 13 13 13 15 14) 7 (2 35 4 30 5 36 7 33 10 31 11 23 14 35) 4 (5 19 10 16 11 14 15 14) 9 (2 18 3 21 4 23 5 28 7 20 10 18 13 28 14 22 15 17) 7 7 (1 45 3 56 6 56 9 58 12 59 13 40 14 53) 8 (1 30 2 28 4 23 6 25 7 20 9 20 13 26 15 25) 10 (2 63 3 63 4 37 5 61 6 67 7 40 8 63 10 49 11 51 14 46) 8 (1 85 2 83 4 80 6 117 10 94 13 89 14 117 15 112) 6 (2 28 3 38 5 28 8 38 10 37 14 24) 4 (1 49 7 43 9 46 15 42) 2 (4 41 10 38)
15 7 10 (1 43 2 53 4 55 5 62 6 60 7 68 11 47 13 51 14 60 15 51) 2 (1 82 9 86) 3 (2 66 7 73 12 56) 9 (1 63 4 62 5 65 6 63 7 67 9 63 10 51 11 78 15 53) 10 (1 34 2 24 4 34 6 42 8 37 10 39 11 35 12 33 13 25 15 40) 6 (2 94 4 90 5 61 8 63 10 108 11 61) 2 (3 46 7 37) 8 8 (2 53 3 50 4 60 8 64 10 63 12 58 13 55 14 62) 5 (1 73 4 69 6 90 10 95 11 74) 3 (8 13 9 22 13 20) 9 (1 37 2 26 4 24 9 31 10 34 11 30 12 39 13 30 15 45) 9 (2 90 4 77 7 74 8 80 9 74 10 62 11 77 12 84 14 82) 2 (1 97 11 85) 2 (8 56 10 63) 3 (3 51 10 72 12 69)
15 11 4 (3 75 5 116 7 70 13 80) 3 (5 90 9 70 14 83) 3 (3 82 5 99 9 97) 10 (1 44 3 42 4 38 5 43 6 36 8 34 11 40 13 31 14 41 15 25) 10 (1 61 4 51 5 60 6 68 7 55 9 50 10 58 13 76 14 49 15 79) 8 (2 95 4 92 6 72 7 119 10 97 12 99 14 111 15 97) 8 (3 81 4 106 5 98 8 94 9 85 10 83 13 92 14 105) 5 (5 13 6 17 10 20 13 14 15 19) 8 (2 51 4 38 5 41 6 39 9 44 10 37 13 37 15 41) 4 (1 39 7 44 12 49 13 39) 6 (2 80 3 55 4 86 9 74 11 60 12 69) 4 5 (4 46 6 39 11 52 12 39 13 60) 2 (1 26 5 19) 10 (1 99 2 101 3 85 6 109 8 91 9 84 10 96 11 86 13 72 15 87) 2 (1 24 15 26)
15 15 4 (1 57 2 66 8 83 11 71) 5 (4 93 9 102 10 84 13 97 14 93) 2 (3 24 7 23) 9 (1 9 4 7 7 7 9 8 10 5 12 7 13 7 14 8 15 6) 10 (2 101 3 115 6 91 7 93 8 116 11 96 12 94 13 85 14 93 15 72) 4 (1 22 3 31 6 33 11 42) 10 (2 30 3 38 4 39 5 27 6 33 8 34 9 41 10 42 12 30 15 38) 7 (2 71 3 82 5 75 6 86 8 62 13 82 15 68) 10 (3 8 4 11 5 9 7 9 8 8 9 8 10 9 11 11 13 7 14 10) 8 (2 85 3 89 4 72 5 100 6 92 7 100 10 89 15 95) 3 (3 49 14 43 15 33) 6 (3 68 4 87 7 82 9 64 12 63 14 75) 4 (6 55 7 63 12 80 15 39) 9 (1 11 2 5 3 9 4 12 6 15 7 10 10 14 11 12 15 11) 2 (5 84 9 68)
15 15 3 (11 96 13 76 14 69) 10 (2 27 3 33 5 24 6 31 7 24 10 23 11 30 13 23 14 32 15 21) 8 (4 51 7 55 8 47 10 67 11 55 12 49 13 36 15 46) 2 (10 59 15 47) 6 (7 44 9 46 10 62 11 49 13 52 15 35) 10 (3 44 4 42 5 39 6 40 7 39 10 39 11 51 13 46 14 48 15 45) 8 (1 8 3 9 5 9 8 9 10 10 11 9 12 10 14 9) 6 (2 42 3 45 6 40 7 43 13 33 15 35) 4 (1 49 5 56 6 59 11 58) 7 (1 28 2 23 7 19 8 25 9 27 10 33 14 25) 6 (1 103 5 102 10 91 12 97 13 92 14 73) 3 (9 48 13 33 14 39) 10 (1 12 4 16 5 13 6 20 8 17 9 16 10 18 11 18 12 14 13 17) 7 (1 55 3 49 4 59 6 65 7 60 8 80 10 44) 8 (1 49 5 27 6 35 7 43 11 45 12 38 13 44 14 43)
15 11 2 (3 19 14 22) 9 (1 82 2 71 4 83 9 58 10 51 11 78 12 64 13 76 15 85) 7 (1 92 8 77 10 96 12 93 13 71 14 92 15 86) 7 (1 75 6 85 7 72 9 68 11 52 13 70 14 88) 6 (2 13 4 13 8 16 12 13 13 18 15 14) 5 (8 9 9 7 11 9 12 7 13 7) 6 (1 45 3 39 4 41 7 39 10 37 14 37) 6 (1 33 4 25 7 24 10 24 13 30 15 23) 5 (2 47 8 33 11 66 14 61 15 49) 5 (6 35 7 31 8 31 9 36 15 24) 4 (5 82 8 91 13 71 14 85) 4 8 (1 30 2 23 4 31 6 27 8 25 9 31 11 25 12 26) 2 (4 32 6 42) 2 (2 23 5 25) 7 (4 54 7 37 10 43 12 45 13 43 14 51 15 41)
15 14 4 (1 65 4 60 9 96 12 69) 7 (2 104 3 93 5 87 9 97 10 82 13 87 14 106) 10 (3 17 4 19 5 24 7 20 8 17 9 17 11 12 13 17 14 13 15 14) 4 (8 74 9 60 11 61 13 68) 10 (1 40 2 48 4 37 6 40 8 64 9 51 11 48 13 40 14 56 15 25) 7 (2 33 3 35 5 41 6 27 7 42 11 29 13 31) 2 (7 68 8 50) 9 (1 21 2 16 3 23 4 19 5 15 10 24 13 20 14 18 15 22) 5 (1 25 4 26 6 22 7 29 9 25) 8 (1 86 2 93 4 111 7 72 8 93 10 64 11 106 15 86) 3 (1 72 3 76 5 64) 7 (2 100 5 74 6 72 8 90 10 92 11 75 14 85) 3 (9 85 12 89 13 68) 3 (1 114 8 97 9 82) 1 2 (3 73 13 78)
15 14 4 (2 65 5 37 6 47 14 59) 7 (3 68 4 101 6 101 8 55 12 102 14 63 15 90) 10 (4 75 5 78 6 67 8 67 9 79 10 76 11 76 12 73 13 76 15 87) 9 (1 85 2 83 3 75 4 82 6 85 10 91 12 70 13 84 15 54) 6 (1 19 3 26 4 26 5 22 7 21 12 27) 10 (2 25 4 25 6 27 8 27 9 25 10 25 11 30 12 26 13 27 14 33) 6 (4 18 6 16 11 19 12 18 13 20 15 15) 9 (1 32 5 35 6 35 7 40 9 29 10 28 11 29 12 33 14 27) 9 (1 73 2 58 3 106 6 85 7 84 8 90 9 82 12 86 15 82) 10 (1 102 2 96 3 99 4 119 6 106 7 107 11 104 13 83 14 104 15 99) 9 (1 118 3 104 5 93 7 96 9 126 10 73 11 95 14 82 15 108) 8 (3 23 4 30 5 21 6 23 7 21 8 20 9 34 14 26) 3 (3 45 10 42 13 43) 7 (2 70 5 65 6 79 9 69 11 74 13 65 15 75) 1 4 (2 23 8 28 9 23 10 22)
15 7 3 (4 23 5 26 10 35) 3 (2 43 12 53 14 39) 7 (3 79 4 76 8 84 9 47 11 64 12 51 15 56) 8 (1 35 4 27 5 26 8 28 11 36 13 24 14 27 15 28) 10 (1 13 2 16 3 20 4 13 5 19 6 19 8 20 11 19 14 17 15 23) 5 (5 79 7 60 8 69 9 90 11 61) 7 (5 19 6 14 7 19 8 14 12 18 13 16 15 19) 8 8 (1 47 3 46 4 50 5 37 6 44 9 48 12 41 14 49) 5 (1 55 4 75 7 52 13 50 14 76) 10 (1 11 2 14 4 19 5 9 7 12 8 13 9 13 11 10 12 7 14 12) 10 (1 31 2 27 3 27 5 28 6 28 10 24 11 27 12 33 14 32 15 36) 4 (4 72 6 113 9 124 13 93) 2 (5 38 14 28) 9 (2 59 3 53 4 42 6 39 8 44 9 42 10 41 11 43 14 50) 4 (4 49 11 53 12 63 14 52)
15 7 4 (1 37 9 25 14 34 15 36) 9 (2 59 4 74 8 81 9 78 10 68 11 89 12 95 13 71 14 72) 7 (2 71 3 77 5 65 6 70 7 76 9 58 12 71) 3 (1 41 4 51 9 71) 2 (2 46 15 56) 6 (1 105 4 91 6 73 7 116 10 110 15 79) 10 (1 15 2 16 5 15 6 15 8 19 10 15 11 13 13 14 14 17 15 14) 8 9 (2 41 3 38 4 41 6 40 7 41 10 37 11 35 12 45 15 38) 3 (3 84 9 87 12 55) 6 (1 53 3 54 5 45 6 56 10 32 13 67) 5 (2 64 5 60 6 60 7 64 8 52) 7 (3 66 7 79 10 74 11 66 12 81 13 111 15 71) 8 (3 108 5 103 7 112 8 88 9 74 11 81 12 108 13 84) 2 (7 14 10 14) 2 (4 61 13 48)
15 9 6 (2 64 6 49 7 65 9 67 13 58 14 50) 9 (1 89 2 87 4 99 8 93 9 93 11 89 12 99 14 79 15 69) 3 (8 54 10 50 12 59) 10 (1 73 3 76 4 70 6 83 7 90 8 77 9 87 10 64 14 103 15 71) 2 (1 76 15 64) 5 (4 56 5 63 9 54 12 51 13 53) 4 (1 34 6 36 10 33 15 31) 4 (3 68 11 75 12 63 13 82) 6 (1 23 3 24 9 16 11 23 12 21 15 20) 6 5 (1 25 5 39 8 35 9 36 12 31) 4 (1 65 2 56 7 57 11 68) 5 (3 86 7 69 12 79 14 96 15 69) 9 (3 10 6 15 8 12 9 15 10 8 11 13 12 15 13 13 15 14) 3 (2 38 3 30 6 40) 6 (2 55 3 70 7 66 11 65 13 61 15 67)
15 14 3 (3 38 9 23 13 32) 5 (1 31 11 50 12 59 13 48 14 42) 2 (6 52 7 44) 8 (1 43 2 45 4 47 5 53 6 44 7 57 13 49 15 41) 2 (1 57 14 50) 5 (2 53 3 42 5 51 7 42 11 50) 9 (1 9 7 9 8 8 9 8 11 8 12 8 13 8 14 9 15 6) 2 (1 24 7 13) 8 (1 105 4 112 5 98 6 80 7 90 8 104 11 96 14 95) 9 (1 25 3 33 4 26 5 28 7 28 9 31 12 33 13 31 14 29) 6 (1 18 2 16 9 16 10 16 11 12 13 13) 5 (3 65 7 67 8 70 9 75 11 41) 9 (1 35 7 47 8 39 9 39 10 52 11 39 12 40 14 47 15 56) 9 (1 44 3 46 7 61 8 48 9 50 12 51 13 49 14 62 15 44) 1 9 (1 32 2 41 3 33 5 58 8 45 9 52 11 35 12 30 15 47)
15 7 6 (2 54 4 41 5 60 6 51 8 56 11 47) 7 (4 53 5 48 7 38 10 61 12 52 13 69 15 59) 5 (3 67 5 53 7 79 12 67 13 70) 8 (2 17 3 14 4 22 7 20 11 16 12 20 14 19 15 24) 7 (4 79 6 95 7 86 9 62 12 82 13 89 14 79) 10 (1 96 2 72 3 106 4 93 6 87 9 84 12 118 13 101 14 92 15 106) 9 (2 67 3 73 6 54 7 54 9 61 12 71 13 66 14 32 15 60) 8 4 (6 83 8 67 10 79 11 67) 2 (7 60 14 103) 3 (1 38 5 33 10 43) 7 (2 97 6 100 7 59 8 92 10 87 11 71 15 98) 9 (1 18 2 16 3 24 5 15 7 17 8 24 10 24 11 21 12 21) 4 (2 56 11 62 12 57 14 45) 9 (1 25 3 38 4 43 6 31 8 38 10 37 12 36 14 36 15 30) 8 (1 71 2 54 4 52 6 66 9 46 10 58 14 48 15 69)
15 10 4 (6 85 7 102 11 116 14 88) 5 (2 45 5 51 8 54 9 39 10 49) 8 (1 21 2 16 5 16 8 15 12 14 13 13 14 14 15 16) 7 (2 37 4 40 5 34 8 41 9 41 10 42 14 39) 9 (1 17 2 18 5 17 6 22 8 12 9 19 12 13 14 18 15 16) 9 (3 84 4 89 6 88 7 73 8 80 9 95 10 73 11 83 12 103) 8 (2 31 5 29 6 29 7 31 11 30 12 30 14 28 15 28) 2 (14 90 15 41) 2 (9 57 11 60) 6 (3 41 4 25 5 34 8 27 10 28 15 31) 5 9 (1 58 4 62 5 59 6 53 7 30 8 45 12 49 13 45 15 39) 8 (1 19 4 26 6 23 7 24 9 20 12 26 13 25 14 19) 6 (2 16 3 20 6 21 10 22 11 22 13 19) 6 (4 19 6 16 9 22 11 20 12 18 14 22) 4 (10 35 13 47 14 47 15 37)
15 15 5 (7 41 9 34 10 22 14 41 15 30) 2 (7 81 8 81) 8 (2 58 7 66 8 76 10 63 11 50 13 54 14 53 15 70) 5 (6 57 8 40 9 61 13 57 15 78) 7 (4 48 5 51 8 68 9 72 10 50 12 44 14 78) 9 (1 53 3 61 6 61 7 52 8 56 9 64 10 64 11 50 15 58) 3 (6 54 8 66 9 73) 7 (2 55 4 61 5 64 6 58 10 75 11 82 14 51) 6 (2 36 4 29 7 32 9 35 12 25 15 34) 7 (3 49 7 57 9 56 10 66 11 56 14 54 15 45) 6 (1 43 2 34 4 26 12 39 13 37 14 32) 2 (11 74 14 72) 2 (1 52 13 65) 4 (2 62 3 63 11 55 13 67) 5 (2 15 3 15 5 19 8 15 10 16)
