15 15
9 14 14 11 11 13 12 13 14 9 14 15 11 9 8
1 4 3 3 2 1 3 3 2 2 3 3 3 4 3
15 11 9 (1 46 2 49 3 48 7 57 9 69 10 57 11 48 13 51 14 52) 8 (2 44 4 50 6 42 7 39 10 42 12 54 14 39 15 47) 4 (2 70 4 112 7 95 11 82) 4 (5 19 6 17 10 17 15 21) 3 (6 48 7 42 14 44) 6 (1 16 7 25 8 26 9 25 11 17 12 30) 7 (5 58 6 62 9 59 10 71 11 65 12 60 13 79) 9 (1 15 3 17 4 16 5 12 6 12 7 15 8 12 9 13 14 14) 9 (2 25 3 26 5 19 7 30 8 25 9 18 10 15 13 18 14 24) 4 (1 83 3 67 13 87 14 63) 8 (2 42 3 36 4 40 5 54 11 36 12 56 13 45 14 48) 4 7 (4 77 5 44 6 71 10 61 11 77 14 49 15 75) 6 (3 53 4 52 9 61 10 45 11 66 13 76) 6 (1 50 5 44 6 36 9 41 10 46 15 46) 4 (2 61 6 63 9 91 15 102)
15 8 5 (1 49 2 28 10 41 14 39 15 44) 8 (2 75 3 117 5 103 6 78 11 85 12 104 13 81 15 73) 7 (1 72 2 81 3 84 5 91 7 71 10 75 12 81) 7 (1 70 3 65 4 56 5 67 6 48 11 55 15 61) 2 (4 18 10 21) 9 (1 48 3 42 4 58 6 49 7 44 9 51 10 65 11 62 12 49) 2 (13 60 15 57) 9 (1 40 2 41 3 39 4 46 5 42 7 41 11 34 13 38 15 47) 7 2 (4 34 15 29) 10 (1 70 4 86 5 71 6 81 8 74 10 61 11 61 13 72 14 93 15 67) 3 (1 52 3 37 6 46) 5 (9 30 11 36 12 32 14 38 15 39) 8 (1 16 2 21 3 24 6 22 7 17 8 22 9 18 15 22) 5 (2 7 4 5 10 5 11 5 15 6) 5 (4 39 10 40 12 38 13 44 14 48)
15 12 8 (3 32 4 25 5 38 8 30 11 27 12 32 13 29 14 37) 7 (1 37 2 48 4 47 5 49 6 52 8 51 15 54) 6 (2 5 5 5 8 5 9 5 13 5 15 4) 3 (6 58 8 77 11 71) 8 (1 60 3 60 6 57 8 70 9 70 10 63 11 47 12 49) 4 (2 77 4 59 6 88 7 50) 3 (1 94 8 104 12 130) 4 (1 6 2 11 9 7 12 8) 7 (1 33 4 31 6 23 8 20 9 24 10 25 14 28) 8 (3 25 4 19 5 25 8 32 11 24 12 21 13 28 15 21) 8 (1 53 2 55 3 64 6 61 7 45 10 76 11 64 13 44) 4 (6 94 7 93 14 89 15 73) 3 5 (4 33 7 41 11 44 14 48 15 44) 5 (2 90 5 96 11 110 14 110 15 102) 2 (1 10 13 12)
15 13 6 (4 21 7 31 8 26 10 25 12 22 13 22) 4 (7 10 8 9 10 10 11 10) 4 (1 86 2 67 7 81 9 61) 10 (1 40 3 37 5 39 6 44 7 38 8 36 11 40 13 25 14 39 15 46) 2 (5 35 7 42) 2 (1 84 7 62) 4 (2 80 3 60 6 83 11 83) 3 (10 29 12 40 13 26) 8 (1 19 5 20 7 20 9 21 10 17 12 19 14 21 15 17) 3 (1 10 9 11 13 8) 6 (1 75 3 69 4 61 7 85 9 63 13 79) 2 (3 68 13 61) 6 (1 60 4 66 5 60 9 58 10 43 12 59) 2 9 (2 70 4 71 5 63 7 77 9 77 10 43 11 73 14 73 15 65) 5 (1 9 3 11 7 8 11 9 13 9)
15 15 10 (2 79 4 81 5 67 6 59 7 91 8 81 9 77 12 82 14 74 15 72) 7 (1 55 3 52 4 71 5 74 6 54 10 67 14 66) 4 (4 27 9 28 10 26 12 26) 9 (1 61 2 51 3 61 5 54 7 63 9 65 11 57 13 77 14 60) 2 (9 30 14 38) 3 (1 24 10 24 14 23) 9 (1 62 2 88 5 79 6 89 7 77 8 55 10 106 12 71 14 113) 2 (4 17 12 16) 8 (4 77 5 65 6 55 8 40 9 61 10 37 11 35 12 50) 10 (1 33 3 45 4 35 6 29 7 35 11 44 12 47 13 32 14 36 15 43) 2 (9 54 15 56) 8 (1 7 2 6 4 7 6 6 7 7 10 4 13 7 14 5) 7 (4 43 5 30 6 47 9 38 11 28 12 45 13 37) 8 (1 91 2 84 3 67 9 90 11 92 12 79 14 77 15 86) 10 (1 71 3 82 5 64 7 70 8 64 9 73 11 57 12 85 14 85 15 86)
15 10 3 (3 84 11 92 13 89) 3 (1 47 12 60 13 62) 6 (1 20 6 21 7 19 11 17 12 22 14 21) 5 (3 30 4 31 6 27 7 31 11 35) 8 (1 59 2 74 3 93 4 66 9 89 10 67 11 68 13 77) 8 (2 18 3 25 4 23 8 22 9 26 11 25 12 26 15 25) 3 (2 8 12 13 15 12) 6 (5 72 6 65 8 63 12 63 13 51 14 68) 8 (4 69 5 97 6 39 7 79 8 77 11 104 14 100 15 71) 8 (1 54 2 66 3 77 6 59 8 56 11 78 14 59 15 69) 5 3 (10 5 14 4 15 6) 9 (1 74 3 70 4 77 5 59 6 73 9 59 10 60 12 81 15 74) 5 (3 68 5 51 7 60 11 73 14 71) 3 (1 11 10 13 11 15) 9 (1 55 2 57 3 60 4 55 5 65 6 71 7 61 8 47 12 48)
15 13 9 (4 78 5 70 6 85 9 96 10 78 11 95 12 43 14 63 15 75) 9 (2 49 4 40 5 62 6 40 8 42 10 46 13 43 14 37 15 40) 9 (2 8 4 8 5 8 6 6 8 6 12 7 13 7 14 7 15 6) 3 (6 73 14 66 15 57) 10 (1 66 2 62 6 65 8 61 9 85 10 72 12 72 13 68 14 66 15 69) 4 (2 63 3 70 5 76 6 53) 2 (4 17 8 18) 4 (1 53 2 67 3 62 12 65) 4 (5 69 7 78 8 61 10 57) 3 (4 71 9 84 14 68) 2 (2 110 5 83) 8 (2 38 4 39 7 37 8 33 9 42 10 41 11 43 15 51) 6 (1 79 3 78 4 67 5 104 12 89 13 82) 2 2 (8 67 10 53) 3 (1 85 6 71 7 65)
15 15 7 (4 61 6 73 7 64 9 82 13 78 14 68 15 94) 7 (1 61 6 69 7 67 10 76 11 73 14 70 15 100) 3 (10 57 11 87 14 64) 6 (2 8 3 6 6 11 9 9 10 9 13 11) 4 (5 18 10 16 12 27 14 25) 5 (1 118 2 91 6 111 8 97 15 79) 8 (1 23 2 23 4 16 5 21 6 26 13 20 14 23 15 20) 3 (1 82 5 88 12 77) 5 (4 88 5 78 6 80 10 82 15 67) 4 (2 55 5 72 6 83 10 78) 7 (2 50 3 44 4 39 7 60 8 63 12 49 13 42) 2 (9 91 15 71) 7 (1 30 2 32 4 23 5 22 8 26 10 35 11 27) 10 (1 22 3 19 4 22 7 33 8 21 9 23 10 18 11 25 13 25 15 26) 6 (1 34 4 33 7 37 10 27 11 44 15 29)
15 10 2 (6 89 7 67) 6 (2 37 5 31 7 32 9 31 10 37 12 34) 9 (1 87 5 100 7 80 8 107 9 71 10 91 12 102 14 92 15 91) 6 (1 8 5 7 6 7 11 7 14 8 15 7) 5 (4 41 7 43 10 37 13 40 14 41) 8 (4 40 5 40 6 46 7 40 8 38 11 48 13 35 15 37) 5 (1 21 3 26 4 21 8 22 13 23) 2 (5 30 8 25) 7 (1 42 2 51 3 54 4 54 5 46 10 44 12 30) 3 (6 37 8 29 15 42) 5 2 (1 10 4 15) 2 (6 23 10 25) 9 (2 7 3 5 4 7 6 6 7 7 8 6 9 6 12 5 13 7) 2 (5 62 10 76) 2 (2 31 8 35)
15 7 10 (1 85 2 94 3 93 4 72 5 104 6 99 8 86 10 78 12 59 13 84) 6 (2 6 6 6 10 6 12 7 13 6 14 6) 8 (1 57 3 64 4 51 5 65 6 59 7 72 12 69 14 64) 9 (2 5 5 4 6 7 8 6 10 4 12 6 13 7 14 7 15 6) 8 (2 37 5 26 6 28 7 29 8 23 10 36 12 23 13 32) 4 (1 32 5 33 10 34 11 29) 6 (1 83 3 81 7 67 10 67 14 57 15 97) 8 5 (2 67 5 63 8 70 11 84 14 72) 2 (3 89 7 100) 8 (2 110 3 106 4 73 6 94 7 89 8 103 10 89 15 78) 6 (3 56 4 63 7 52 12 64 13 58 14 48) 5 (1 72 4 93 8 76 9 76 15 81) 3 (1 39 4 42 7 41) 2 (5 73 10 59) 8 (3 35 6 32 8 29 9 31 10 38 11 32 14 33 15 28)
15 8 7 (2 44 6 45 7 35 8 46 9 46 13 49 15 52) 4 (1 50 5 57 8 73 14 64) 5 (2 15 3 15 4 14 11 12 15 13) 6 (1 75 3 59 4 57 6 63 10 68 14 59) 4 (6 68 11 65 12 55 15 83) 10 (2 13 3 15 4 13 7 12 8 14 10 13 11 13 12 12 14 12 15 11) 3 (5 55 10 50 14 52) 4 (6 18 12 23 13 22 14 20) 7 7 (7 22 8 26 9 27 10 27 11 30 14 28 15 23) 7 (5 5 6 5 8 6 12 3 13 6 14 4 15 4) 9 (1 51 2 48 5 55 7 65 9 49 10 58 12 50 13 40 14 52) 7 (2 66 6 61 8 81 10 58 11 60 13 62 15 52) 7 (2 71 5 61 7 58 11 63 12 49 13 52 15 54) 6 (2 42 5 43 6 43 7 36 11 48 13 47) 5 (4 40 6 44 10 40 13 24 15 29)
15 7 6 (3 54 5 54 6 50 8 47 11 42 15 48) 10 (4 103 5 72 6 68 7 68 8 83 9 85 10 85 11 65 13 76 14 57) 8 (2 54 3 61 5 90 6 81 7 60 9 102 12 94 13 93) 6 (2 10 3 11 5 13 9 12 11 13 15 11) 3 (3 15 7 13 10 16) 10 (3 54 4 64 5 57 6 54 7 44 9 55 10 50 11 38 12 44 15 47) 5 (3 29 8 28 9 28 12 26 15 30) 8 2 (4 46 14 42) 10 (1 68 2 61 3 53 4 71 6 58 9 60 10 54 11 58 13 49 15 68) 2 (7 63 14 86) 2 (3 88 15 82) 8 (6 118 7 102 8 94 9 87 11 99 12 87 14 104 15 80) 3 (1 51 14 54 15 47) 4 (1 18 2 24 7 24 9 19) 9 (2 97 3 88 4 115 7 67 9 94 10 66 11 85 12 87 13 70)
15 9 3 (1 50 2 50 14 53) 10 (2 54 3 29 6 46 7 54 8 53 10 42 11 32 12 55 13 47 14 48) 4 (4 69 10 56 11 82 14 79) 6 (2 66 3 74 5 74 10 84 11 85 14 84) 9 (2 41 3 44 4 38 5 53 6 51 9 66 10 41 11 34 14 40) 7 (1 48 4 42 8 41 10 41 12 53 14 39 15 35) 9 (2 79 3 95 4 98 5 74 6 104 7 86 8 99 10 84 13 87) 9 (2 94 3 90 4 71 6 82 7 95 9 79 11 103 12 71 13 72) 6 (1 94 4 106 9 80 11 70 13 89 15 103) 6 9 (1 22 2 23 3 24 4 20 6 20 7 23 9 16 12 21 15 20) 6 (1 40 2 49 7 56 11 48 13 56 15 44) 3 (11 30 12 23 13 25) 7 (1 61 2 41 4 77 8 48 9 64 12 52 13 40) 7 (1 74 2 86 4 79 6 64 10 70 12 55 15 58) 5 (2 91 5 78 7 94 10 60 12 90)
15 9 3 (2 31 4 25 7 20) 6 (5 95 6 84 9 88 10 77 11 82 13 73) 7 (3 61 5 72 6 60 7 57 13 69 14 82 15 61) 10 (1 46 3 49 4 50 7 44 8 51 9 40 10 52 11 49 12 50 14 43) 9 (1 106 2 119 3 116 6 91 7 90 9 109 11 86 14 95 15 116) 2 (3 19 14 23) 3 (10 80 13 88 15 81) 2 (4 27 6 25) 6 (1 72 3 50 4 48 7 43 9 48 15 60) 6 10 (3 65 4 69 5 69 7 64 8 73 9 38 10 83 12 76 13 55 15 68) 2 (8 95 12 95) 2 (3 11 15 13) 2 (1 38 2 30) 10 (1 22 2 41 4 30 5 30 6 24 7 36 8 32 12 20 13 20 15 37) 4 (3 89 6 78 10 100 14 84)
15 13 7 (2 89 4 89 7 91 9 108 11 87 12 75 14 113) 8 (1 122 3 103 4 115 6 102 8 61 9 117 10 119 13 94) 7 (2 116 3 95 4 96 6 109 7 115 11 97 12 94) 6 (1 35 2 43 3 35 6 49 7 37 11 41) 3 (1 36 8 32 12 44) 3 (5 81 8 80 14 60) 7 (2 59 6 72 7 81 10 73 11 55 13 71 14 77) 4 (4 48 8 55 10 55 14 66) 10 (1 19 4 22 6 22 7 20 9 20 10 24 12 21 13 23 14 22 15 16) 10 (3 52 4 39 6 33 8 33 9 34 10 52 11 43 12 45 14 43 15 38) 6 (2 77 5 79 9 67 12 90 13 57 15 90) 8 (2 114 3 93 4 103 5 108 7 104 9 89 10 96 14 97) 8 (1 19 2 19 3 17 4 20 7 13 8 18 11 21 15 21) 2 4 (3 69 4 61 8 69 15 75) 2 (5 39 11 36)
