30 15
12 10 11 14 10 13 11 10 10 10 9 13 13 13 14
3 3 4 2 4 2 2 1 4 3 1 3 2 3 4
10 7 4 (2 58 7 79 11 73 12 67) 3 (4 106 6 100 15 98) 8 (1 34 2 24 3 26 7 23 9 23 10 28 12 22 14 35) 4 (2 24 5 32 7 37 8 27) 10 (1 90 4 77 5 80 6 61 7 111 8 99 9 110 11 94 13 56 15 93) 7 (2 107 3 97 5 125 10 101 13 98 14 106 15 104) 3 (5 8 11 6 12 6) 3 10 (2 88 3 106 4 103 6 113 8 108 9 83 11 82 12 109 13 126 14 103) 8 (2 35 3 44 5 39 6 45 7 49 9 40 12 49 14 33) 2 (8 36 10 52)
10 7 5 (1 30 2 35 3 40 5 32 13 35) 10 (2 111 3 98 4 86 5 82 7 119 8 83 11 93 13 136 14 76 15 93) 5 (5 60 6 52 9 66 11 62 13 54) 7 (1 96 2 79 3 107 4 92 6 91 7 87 15 88) 6 (2 86 3 61 8 62 9 98 11 110 12 97) 10 (1 92 4 81 5 93 6 85 9 83 10 61 11 94 13 86 14 87 15 83) 7 (1 16 2 22 5 17 6 18 7 22 9 23 14 21) 3 3 (1 43 4 51 10 52) 9 (3 18 4 16 6 12 8 17 9 19 10 20 12 24 13 18 14 19) 3 (8 7 9 4 12 5)
10 9 9 (2 41 5 34 6 45 7 60 8 42 9 38 12 43 13 35 15 44) 3 (6 78 11 65 14 36) 7 (1 53 3 50 6 42 7 40 11 39 13 47 15 45) 5 (8 77 9 72 10 64 14 67 15 64) 7 (1 65 4 55 8 66 12 74 13 51 14 53 15 63) 3 (1 22 12 20 15 19) 9 (1 68 2 70 5 72 7 67 9 91 12 72 13 52 14 66 15 66) 6 (4 61 8 59 9 50 11 61 13 78 14 52) 2 (8 80 15 98) 1 4 (1 59 5 70 6 67 15 64)
10 8 4 (3 63 5 53 9 50 14 68) 2 (4 38 14 46) 7 (2 77 3 74 6 83 7 48 8 81 9 63 14 79) 8 (1 8 2 10 6 9 7 9 10 9 12 9 13 8 15 9) 8 (1 50 2 52 3 47 5 41 6 41 8 51 12 43 14 39) 6 (1 16 3 19 4 17 8 21 10 20 12 11) 5 (1 32 3 38 6 34 7 37 14 30) 5 (2 23 3 21 4 27 9 32 15 28) 2 2 (1 96 11 75) 5 (3 66 4 79 9 72 11 65 12 67)
10 10 4 (1 50 6 40 9 43 14 57) 6 (1 30 4 32 5 29 6 28 7 18 12 33) 3 (2 43 8 40 15 54) 3 (2 55 5 48 14 47) 6 (1 22 4 22 9 21 10 15 12 33 13 23) 7 (1 15 3 13 7 18 9 25 13 17 14 21 15 22) 4 (8 89 10 94 11 99 15 84) 3 (1 110 4 100 5 64) 4 (3 41 6 41 10 44 11 52) 5 (3 72 7 97 8 79 11 100 14 90)
10 10 7 (4 91 6 87 7 93 8 81 10 84 12 103 15 107) 2 (9 26 10 41) 10 (1 5 5 3 6 5 8 5 9 4 10 6 11 3 12 4 13 5 14 5) 9 (2 18 3 13 6 14 7 18 8 19 9 15 10 20 13 14 14 17) 5 (1 68 2 81 6 72 10 66 14 73) 5 (3 57 5 58 9 37 10 50 14 51) 7 (4 34 5 27 6 37 7 40 9 23 10 39 13 27) 4 (3 59 5 54 10 50 12 48) 6 (2 59 4 62 7 66 12 71 13 70 14 54) 8 (1 41 2 36 3 31 5 33 8 36 10 39 13 38 14 41)
10 7 8 (2 113 3 109 5 96 6 79 7 109 8 104 10 112 12 92) 2 (8 82 11 106) 3 (8 21 9 30 11 40) 6 (1 3 8 6 10 4 12 6 14 4 15 6) 4 (8 65 12 87 13 80 15 57) 4 (5 4 7 6 10 4 15 5) 8 (3 62 4 82 5 82 9 69 11 58 12 79 13 74 15 60) 3 10 (1 5 3 5 4 5 7 5 9 4 10 5 11 4 12 5 13 6 15 5) 3 (5 63 8 84 9 86) 9 (1 66 2 70 5 69 9 63 11 68 12 55 13 57 14 49 15 55)
10 7 7 (3 87 4 89 5 68 6 83 11 65 14 87 15 84) 2 (14 5 15 7) 3 (4 27 7 24 9 16) 6 (4 50 8 42 9 52 10 46 11 50 14 51) 7 (1 35 5 38 6 32 9 29 12 34 14 30 15 26) 7 (1 22 3 31 5 22 10 31 11 26 14 18 15 27) 7 (2 23 4 22 5 24 7 23 8 26 12 31 14 27) 3 10 (1 67 3 72 4 69 5 49 6 76 7 52 8 72 12 58 13 66 14 66) 6 (2 10 7 17 8 14 10 19 12 14 15 17) 7 (1 30 4 55 6 37 7 48 10 38 11 24 15 48)
10 10 3 (2 49 8 56 10 71) 5 (1 55 3 59 6 50 10 43 15 48) 10 (2 23 4 26 5 18 7 23 8 14 9 18 10 15 11 26 12 15 14 16) 6 (3 112 4 91 8 71 9 100 13 101 14 92) 10 (2 46 3 46 6 56 8 34 9 53 11 48 12 50 13 32 14 46 15 61) 5 (5 33 7 24 9 24 11 29 15 27) 4 (4 91 5 82 12 71 14 77) 10 (2 46 4 45 5 62 6 49 8 64 9 40 10 55 12 57 13 52 15 55) 8 (3 72 5 107 6 108 8 93 9 84 12 98 14 85 15 106) 6 (1 30 3 31 4 28 8 26 13 25 15 29)
10 7 4 (3 70 6 66 7 95 10 74) 7 (1 67 3 72 7 76 9 58 11 57 12 56 15 72) 9 (1 9 5 7 8 5 9 9 10 7 12 5 13 7 14 6 15 7) 6 (1 40 3 33 7 53 11 43 14 37 15 34) 10 (1 14 2 19 3 16 4 15 5 15 8 13 9 14 10 13 11 15 15 13) 7 (1 30 3 35 5 43 7 50 11 37 12 39 13 40) 8 (2 83 3 62 5 81 6 61 7 85 10 74 12 77 14 62) 3 7 (6 77 7 91 8 67 9 104 10 75 11 83 14 72) 9 (2 53 3 67 4 57 6 58 7 55 8 49 9 49 10 48 11 59) 9 (2 108 4 94 7 122 8 84 9 102 10 87 13 86 14 82 15 115)
10 9 10 (2 9 3 10 4 9 5 9 6 9 9 11 10 9 13 7 14 8 15 9) 9 (1 75 4 104 5 75 8 101 9 91 11 73 12 86 14 110 15 83) 5 (2 7 11 5 12 5 14 5 15 6) 6 (4 75 5 62 6 67 7 76 10 73 13 53) 4 (1 84 3 101 5 89 7 131) 4 (5 95 7 84 9 77 13 80) 10 (1 15 2 14 3 16 4 16 6 19 7 10 9 14 11 15 14 18 15 15) 7 (2 34 3 40 4 49 5 49 8 39 12 43 14 37) 6 (3 81 4 93 5 85 9 95 10 74 14 92) 1 2 (13 67 14 76)
10 5 2 (3 62 6 79) 6 (1 18 5 20 7 27 11 26 13 24 15 24) 4 (8 31 10 24 11 30 12 33) 7 (1 52 2 54 3 72 7 55 9 67 10 54 12 47) 2 (2 40 10 39) 5 3 (1 60 4 51 9 71) 4 (4 84 5 76 11 73 15 78) 7 (1 47 3 44 10 46 11 35 12 44 13 30 14 50) 7 (5 62 6 56 7 74 9 69 11 53 14 51 15 67) 2 (12 35 13 48)
10 9 10 (3 38 4 52 6 44 7 37 8 41 10 33 11 45 12 46 13 48 15 35) 8 (1 15 2 14 7 10 8 12 9 13 12 14 14 12 15 15) 7 (1 63 2 70 3 74 5 60 7 47 12 84 15 72) 3 (1 122 11 102 15 96) 8 (1 101 2 75 3 90 5 100 7 101 12 104 13 93 14 96) 6 (1 17 2 13 9 7 10 10 14 13 15 14) 8 (2 18 3 12 7 16 9 15 10 15 11 15 12 15 14 13) 5 (1 70 2 95 12 72 13 67 15 91) 2 (7 112 14 92) 1 4 (2 12 5 12 11 15 14 16)
10 5 5 (4 15 7 13 9 15 11 14 12 16) 9 (2 30 5 31 6 20 7 29 8 18 11 24 12 23 13 28 14 25) 4 (2 75 3 54 11 72 13 80) 7 (4 43 5 42 6 47 10 55 11 44 13 42 15 41) 4 (3 89 6 75 10 55 15 69) 5 10 (2 33 4 28 5 33 6 27 8 31 9 40 11 34 13 32 14 42 15 34) 10 (1 46 2 29 4 43 5 33 10 40 11 34 12 43 13 40 14 30 15 32) 9 (1 25 4 25 5 31 8 29 10 29 11 25 12 24 14 19 15 25) 8 (1 73 3 104 6 82 7 106 9 73 11 94 13 104 14 86) 10 (1 71 2 73 3 50 6 52 7 65 9 65 12 65 13 56 14 56 15 48)
10 8 3 (5 11 10 10 12 12) 2 (8 42 13 49) 6 (1 117 4 107 7 103 12 69 13 81 14 93) 9 (3 6 4 6 5 7 6 7 7 7 10 7 13 8 14 6 15 5) 10 (1 60 2 40 5 41 6 48 7 57 8 39 9 42 10 53 11 41 14 47) 5 (2 25 3 21 11 22 12 20 13 20) 10 (3 11 4 10 5 12 6 11 7 10 9 11 10 14 11 15 13 11 14 8) 8 (1 31 3 33 4 27 6 33 9 31 11 31 12 25 14 29) 2 7 (1 34 2 58 3 64 4 55 9 55 11 63 12 60) 9 (3 32 4 26 6 28 7 34 8 36 9 27 11 32 12 35 14 31)
10 7 3 (1 81 10 70 14 80) 3 (1 44 11 50 13 59) 9 (1 69 4 94 9 114 10 88 11 94 12 78 13 93 14 63 15 69) 10 (1 53 2 45 3 36 5 34 6 38 8 44 10 42 11 33 12 39 15 39) 10 (1 84 3 105 4 92 7 62 9 115 11 95 12 81 13 74 14 80 15 82) 3 (4 24 10 34 15 36) 5 (1 76 3 64 5 64 10 84 14 80) 3 3 (8 67 9 64 12 46) 2 (1 75 8 93) 7 (3 67 5 54 7 63 8 48 9 47 12 77 13 71)
10 8 10 (1 49 3 47 5 44 6 42 7 48 8 61 9 46 10 50 11 50 13 43) 2 (10 54 12 68) 2 (13 15 15 19) 8 (2 14 5 13 6 15 8 10 10 14 11 12 13 11 15 13) 10 (1 106 2 69 3 101 5 93 6 105 8 98 9 88 11 108 14 94 15 92) 4 (2 52 3 59 9 54 10 44) 9 (1 27 3 31 5 34 6 25 7 25 8 38 9 29 10 31 12 34) 7 (2 57 4 82 7 67 10 78 11 67 12 42 13 80) 2 9 (3 10 5 11 7 11 8 7 9 9 10 7 11 11 14 9 15 10) 8 (1 32 4 41 7 34 9 26 11 29 13 35 14 46 15 39)
10 10 8 (1 26 2 25 6 27 7 20 8 29 9 25 12 18 14 25) 10 (1 59 2 49 3 49 4 37 5 37 7 45 8 37 9 40 13 46 15 45) 2 (3 65 5 50) 2 (5 32 8 29) 8 (1 55 3 61 4 50 5 40 6 63 7 52 10 65 13 52) 4 (6 26 8 40 14 27 15 44) 6 (3 66 4 81 9 75 11 61 13 58 14 74) 4 (4 22 7 20 8 18 13 29) 7 (4 83 5 100 7 82 8 101 9 100 10 107 15 94) 7 (1 78 4 73 5 81 6 72 11 82 12 100 14 83)
10 7 3 (5 87 11 90 15 101) 10 (1 79 2 91 3 96 5 72 6 71 7 71 9 87 10 84 13 87 15 89) 4 (2 69 5 60 7 79 14 84) 4 (1 81 3 59 4 69 11 70) 5 (1 104 3 65 5 108 10 117 12 74) 3 (4 12 7 12 15 9) 5 (9 51 11 55 12 63 14 62 15 69) 3 7 (1 47 4 45 7 47 8 39 12 59 13 58 14 64) 9 (1 33 2 28 4 34 5 34 6 34 7 36 9 32 13 36 15 28) 2 (13 92 15 79)
10 9 3 (3 12 7 18 8 18) 7 (1 37 2 37 7 30 8 36 9 37 11 32 13 32) 6 (1 108 2 68 3 100 5 103 11 73 13 88) 2 (2 3 3 4) 7 (6 67 7 66 10 76 11 71 12 90 13 56 15 67) 4 (2 108 6 97 7 97 11 86) 5 (4 27 6 18 9 16 13 29 15 29) 7 (5 71 6 83 8 91 10 100 12 84 14 78 15 77) 5 (1 63 6 52 8 51 9 58 13 53) 1 2 (4 51 12 69)
10 8 7 (1 61 3 50 5 52 7 45 12 65 13 68 14 64) 8 (4 16 5 18 7 26 9 18 10 21 12 20 13 22 15 16) 6 (2 38 8 33 9 45 10 37 11 36 15 40) 5 (3 15 5 18 6 16 8 17 12 12) 2 (2 69 12 57) 7 (1 74 3 59 5 68 8 75 9 72 10 70 11 75) 5 (4 7 9 5 10 7 13 8 14 10) 8 (3 51 4 50 7 80 9 63 10 56 13 50 14 55 15 73) 2 2 (1 23 15 16) 4 (6 32 12 38 13 30 14 29)
10 9 3 (2 31 5 38 6 26) 9 (1 49 3 52 4 61 5 42 6 34 7 34 9 47 11 37 14 50) 4 (3 91 8 73 10 87 11 69) 10 (2 63 3 65 4 49 5 54 6 59 7 50 8 62 11 53 13 55 14 63) 4 (1 84 7 83 10 94 15 67) 2 (9 64 14 53) 5 (6 16 7 24 9 22 11 22 14 20) 8 (2 8 3 7 4 8 8 9 11 8 12 8 13 7 15 7) 5 (5 30 9 31 10 25 11 25 14 28) 1 5 (7 104 12 86 13 117 14 73 15 79)
10 8 2 (9 59 15 64) 9 (3 67 7 71 8 59 9 54 10 65 11 57 12 59 13 60 14 74) 4 (2 45 7 55 14 49 15 53) 10 (1 123 2 109 3 111 4 103 6 91 7 106 8 142 10 83 12 96 15 97) 10 (1 7 3 6 5 8 6 9 7 8 8 8 11 9 12 10 13 8 15 7) 8 (2 17 4 12 5 17 6 16 8 12 12 15 14 14 15 18) 10 (1 18 4 23 5 21 6 25 8 17 10 16 11 22 12 17 14 18 15 16) 9 (2 63 3 107 9 98 10 101 11 99 12 106 13 109 14 91 15 85) 2 4 (2 50 12 61 14 68 15 57) 3 (2 49 3 54 9 60)
10 10 5 (3 44 9 34 11 37 13 31 14 29) 6 (4 79 6 83 7 86 8 74 14 93 15 87) 5 (2 116 5 81 7 85 8 113 11 111) 9 (1 46 3 25 5 46 7 30 9 33 11 48 12 40 14 34 15 44) 6 (2 48 4 47 5 38 10 47 12 38 15 58) 4 (1 62 4 78 6 64 9 88) 2 (8 85 14 71) 9 (4 54 7 56 8 65 9 54 10 34 11 41 13 60 14 50 15 61) 8 (1 78 2 70 5 79 8 72 10 75 11 79 14 73 15 70) 10 (1 52 3 47 5 56 6 58 8 57 9 53 10 55 11 57 13 58 14 55)
10 9 3 (1 14 4 15 6 11) 2 (9 4 11 4) 7 (2 27 4 32 7 27 10 26 12 24 14 25 15 22) 4 (2 104 6 95 12 100 15 82) 9 (2 83 3 104 5 83 6 106 7 96 9 120 11 94 13 57 15 100) 7 (2 26 4 29 7 22 9 29 10 33 12 26 15 31) 8 (1 82 3 99 5 74 7 65 9 78 11 88 12 64 15 69) 7 (1 20 5 21 9 25 11 28 12 22 13 21 15 24) 10 (2 12 3 12 7 12 8 12 9 10 11 13 12 10 13 10 14 13 15 13) 1 7 (1 36 2 42 3 38 5 35 8 40 11 43 15 25)
10 9 5 (2 48 3 63 5 58 11 55 12 35) 8 (3 53 5 69 6 53 7 39 8 50 9 46 14 57 15 70) 4 (1 18 9 26 10 27 15 16) 2 (14 6 15 7) 7 (2 28 4 24 9 29 10 33 11 33 13 38 15 30) 4 (4 95 6 95 10 113 15 109) 6 (2 93 3 90 4 77 8 51 12 96 14 80) 3 (5 29 8 25 12 35) 2 (8 24 10 24) 1 5 (6 28 11 47 12 44 14 50 15 49)
10 5 8 (1 86 4 106 5 77 7 71 9 87 13 93 14 95 15 93) 2 (9 15 15 19) 5 (1 37 8 50 11 51 14 52 15 50) 7 (1 46 2 51 4 40 6 45 12 47 14 42 15 43) 10 (1 24 6 28 7 31 8 28 9 32 10 35 11 25 12 28 13 29 15 35) 5 6 (2 81 5 101 6 104 7 89 10 112 14 103) 9 (1 50 2 48 5 41 6 40 7 42 8 38 9 38 12 40 14 44) 8 (2 83 3 48 5 65 6 61 10 68 11 75 12 68 15 56) 6 (1 88 4 66 6 61 9 78 12 74 15 65) 10 (1 25 3 24 4 30 8 36 9 25 10 28 11 26 12 35 14 32 15 19)
10 7 7 (3 76 4 63 7 39 10 69 11 63 13 93 14 78) 3 (1 21 4 17 15 22) 7 (1 23 6 18 7 19 8 16 10 21 11 22 15 25) 2 (5 65 11 58) 2 (8 44 14 44) 4 (6 18 8 12 12 14 15 18) 2 (3 50 11 54) 3 3 (6 50 11 44 14 37) 6 (7 49 8 35 10 54 11 40 12 47 15 45) 4 (2 26 3 45 6 41 7 43)
10 10 2 (7 46 11 65) 4 (1 34 9 43 10 46 12 45) 4 (2 69 3 61 11 53 14 77) 6 (3 6 6 7 7 6 13 8 14 7 15 9) 5 (5 91 6 78 9 75 13 81 14 83) 5 (3 65 5 50 7 51 10 57 11 62) 3 (1 76 6 86 13 81) 2 (2 90 7 93) 9 (2 53 4 62 5 66 6 70 7 90 8 75 10 60 12 82 14 75) 5 (3 37 4 37 12 29 14 35 15 36)
10 10 8 (2 36 5 29 8 28 9 36 10 34 11 30 12 28 14 22) 3 (9 82 13 98 14 104) 4 (4 14 9 12 11 14 12 12) 4 (2 91 7 77 8 69 11 60) 8 (1 118 2 99 4 106 5 78 6 121 10 117 14 103 15 69) 6 (1 26 5 20 6 25 8 19 12 21 14 32) 5 (4 51 6 50 7 59 8 43 13 55) 3 (1 51 4 45 13 50) 9 (1 65 4 75 7 64 8 61 10 47 11 79 12 57 14 74 15 61) 6 (2 91 4 82 6 72 7 105 9 91 13 75)
