20 15
11 9 15 8 14 14 13 10 12 13 12 10 12 8 12
2 2 1 1 2 2 4 2 2 2 3 2 3 2 4
12 6 3 (1 6 2 6 13 5) 4 (4 8 5 11 6 10 11 7) 2 (4 5 14 5) 5 (1 11 7 10 9 9 13 12 15 9) 8 (1 7 2 7 3 8 5 7 7 10 10 8 11 6 14 7) 8 (1 9 3 9 4 8 6 11 10 12 12 9 13 12 14 11) 6 7 (1 8 5 11 6 10 8 11 10 10 12 10 13 9) 4 (1 14 8 11 9 13 14 17) 9 (1 14 2 11 3 10 4 12 5 9 7 14 8 13 10 10 15 11) 3 (1 10 12 7 15 8) 4 (3 6 5 7 7 8 11 7) 8 (4 11 5 9 8 9 11 10 12 9 13 8 14 9 15 9)
13 8 7 (2 13 3 11 6 10 9 12 11 8 12 11 15 12) 6 (1 11 2 16 7 12 8 17 9 14 11 11) 7 (1 4 2 4 3 5 4 7 6 5 7 5 12 5) 10 (1 9 2 11 3 11 6 13 7 13 8 9 10 12 11 7 14 10 15 9) 5 (1 13 7 12 9 12 10 14 11 14) 10 (1 14 2 10 4 16 5 15 6 14 8 14 9 13 11 13 12 12 15 13) 9 (1 10 2 9 5 10 6 9 9 7 10 10 13 8 14 10 15 10) 6 (1 14 2 11 4 15 7 17 9 15 10 11) 5 10 (2 10 3 9 5 8 6 9 9 10 10 9 11 10 12 9 13 8 14 11) 10 (1 10 2 7 3 10 6 10 7 11 9 15 11 10 12 15 13 13 15 14) 5 (5 13 6 13 7 15 12 8 13 12) 2 (5 6 13 9) 6 (1 9 5 11 6 10 12 14 13 9 15 8)
11 6 4 (1 10 4 10 10 9 11 10) 10 (1 14 2 13 4 9 5 11 6 10 8 10 10 10 11 13 12 10 15 10) 3 (9 8 13 8 14 9) 10 (2 5 4 5 5 5 7 4 8 6 10 6 11 6 12 4 14 5 15 5) 7 (1 9 5 9 7 10 8 9 13 9 14 9 15 9) 10 (3 9 5 8 6 7 7 7 8 9 10 7 12 8 13 7 14 9 15 8) 5 9 (1 10 3 18 4 16 6 13 10 16 11 12 13 15 14 14 15 13) 9 (1 12 2 10 3 12 5 8 6 9 10 10 11 12 12 12 13 9) 4 (1 16 3 12 12 16 13 12) 4 (1 11 2 14 3 14 15 13) 8 (3 11 4 12 6 16 7 11 9 13 10 8 14 12 15 13)
11 8 2 (3 14 5 11) 4 (4 15 10 14 11 14 13 15) 3 (2 12 4 17 6 14) 7 (2 5 3 6 5 5 6 4 7 5 11 6 12 5) 7 (2 7 3 8 6 6 11 7 12 8 14 8 15 7) 5 (4 13 5 12 6 13 8 12 12 8) 2 (7 11 15 10) 5 (5 12 6 12 8 11 11 15 14 12) 3 6 (2 13 4 16 7 12 9 9 11 15 13 12) 4 (10 10 11 9 12 8 15 12) 9 (1 10 3 12 5 10 6 11 8 8 11 11 12 9 13 10 14 9)
14 14 3 (4 9 11 14 12 13) 8 (5 8 6 5 9 7 10 7 11 5 12 7 13 7 14 9) 3 (2 12 3 11 14 9) 7 (1 11 2 14 3 7 5 9 6 10 12 15 14 9) 9 (1 11 2 11 5 13 6 12 7 12 8 16 12 12 14 13 15 11) 9 (1 8 2 7 4 7 5 8 6 8 10 7 12 7 14 8 15 8) 4 (5 8 6 7 12 9 15 9) 4 (2 5 3 5 12 4 14 5) 7 (1 12 3 13 4 9 5 10 10 15 11 13 14 14) 7 (1 13 2 19 6 12 7 14 10 18 12 13 15 13) 9 (1 10 3 10 4 10 6 9 10 8 11 8 13 10 14 10 15 9) 7 (3 10 5 12 7 9 8 13 9 7 10 10 13 10) 9 (2 11 4 12 5 16 6 17 9 10 10 12 12 13 13 15 14 8) 2 (5 16 7 18)
11 8 7 (2 14 4 13 8 15 10 5 13 11 14 17 15 15) 3 (9 8 10 8 11 7) 4 (4 9 7 14 10 13 13 11) 5 (5 12 6 12 8 13 9 13 15 12) 8 (1 10 2 13 3 13 6 10 10 10 13 12 14 11 15 12) 3 (1 9 12 8 14 9) 8 (1 9 4 11 5 11 6 11 8 12 11 11 12 12 15 9) 4 (2 6 11 4 12 6 15 3) 3 3 (4 5 5 7 13 8) 10 (1 9 3 8 4 8 8 8 9 10 10 10 11 8 12 10 13 9 14 9) 2 (10 12 13 16)
14 7 4 (1 5 6 6 7 5 11 7) 9 (1 12 3 13 4 11 6 11 7 6 8 11 10 10 12 15 15 9) 10 (1 9 3 10 6 10 7 10 9 10 11 11 12 6 13 9 14 6 15 8) 7 (1 8 2 7 3 8 5 7 11 6 13 7 15 7) 9 (1 9 2 10 4 12 5 13 6 14 7 12 11 7 13 10 14 11) 7 (1 15 2 15 5 13 6 15 13 13 14 11 15 16) 7 (1 8 2 6 3 8 6 7 7 6 8 8 9 6) 7 5 (1 15 3 12 5 15 6 12 9 15) 6 (2 8 3 10 7 9 11 9 12 10 15 11) 2 (7 12 10 12) 10 (1 15 2 14 4 15 5 16 6 16 7 14 11 13 12 14 13 15 14 18) 5 (7 9 8 9 11 11 12 8 14 9) 2 (9 10 14 11) 2 (9 7 13 8)
13 11 5 (2 12 6 11 8 8 10 13 11 8) 4 (1 9 2 13 10 16 11 15) 3 (8 9 9 11 11 8) 7 (2 10 3 9 4 11 5 9 6 9 7 7 9 11) 9 (2 13 3 11 4 14 5 15 6 14 7 15 12 13 13 16 15 10) 9 (1 14 2 14 3 14 7 14 8 15 9 16 12 12 13 17 14 14) 10 (1 10 2 9 3 7 5 9 7 11 8 11 9 9 10 10 13 9 14 7) 9 (1 7 5 8 6 8 7 6 10 7 12 8 13 8 14 6 15 9) 7 (4 15 8 14 9 12 10 18 11 15 12 12 15 15) 3 (4 9 9 9 15 10) 5 (3 6 4 5 7 4 11 3 12 4) 2 3 (2 13 5 14 7 13) 2 (8 8 14 14)
11 9 3 (5 13 7 14 13 13) 9 (2 6 3 6 5 6 7 7 10 6 11 8 12 5 13 6 14 7) 7 (1 11 3 12 4 12 6 11 9 6 12 9 14 10) 6 (1 8 3 8 8 7 11 7 12 9 15 6) 6 (1 12 2 11 3 11 6 12 7 12 14 14) 4 (3 9 4 8 6 7 14 9) 4 (4 16 9 13 10 14 13 17) 5 (8 15 10 13 11 12 13 13 14 13) 3 (7 12 12 12 13 12) 2 4 (2 4 4 7 12 5 13 4) 5 (3 9 4 10 7 10 9 13 15 8)
12 8 3 (11 8 12 8 14 7) 2 (8 15 9 18) 3 (1 12 4 12 7 12) 5 (2 12 4 14 7 12 8 14 14 14) 3 (4 11 6 13 15 12) 2 (5 11 13 10) 10 (1 12 3 14 4 12 5 13 6 13 10 13 11 13 13 13 14 12 15 14) 7 (1 10 3 12 5 8 7 15 8 10 12 12 13 10) 4 5 (3 5 9 6 11 5 12 5 14 3) 8 (1 12 3 10 6 14 7 8 10 18 11 14 13 14 15 14) 10 (2 14 3 15 5 14 6 13 7 10 8 11 11 12 13 11 14 11 15 16) 9 (1 13 3 11 6 15 9 11 11 12 12 13 13 14 14 12 15 11)
10 10 4 (4 9 5 14 9 12 15 14) 6 (3 7 4 11 5 12 9 11 13 14 14 11) 9 (3 14 4 15 5 16 6 18 8 15 11 18 12 15 13 15 15 15) 3 (1 8 2 8 11 9) 8 (5 15 6 18 8 17 9 17 11 15 12 14 13 18 14 16) 7 (3 9 5 10 6 10 7 14 11 10 12 11 15 14) 3 (5 10 6 7 11 8) 2 (10 18 14 11) 2 (9 10 15 12) 8 (3 16 4 15 6 16 7 10 9 13 12 12 14 15 15 13)
11 6 2 (4 13 15 11) 3 (4 16 7 18 9 15) 2 (1 6 11 6) 10 (1 13 2 9 3 9 6 10 8 9 9 12 10 6 13 9 14 9 15 11) 7 (3 10 4 10 7 8 8 9 10 10 11 8 13 10) 10 (1 9 2 9 3 8 4 6 5 10 6 9 8 10 10 10 14 9 15 8) 5 4 (2 7 5 6 11 7 14 6) 3 (4 5 10 5 15 4) 8 (1 10 3 10 5 7 8 7 10 10 11 10 13 8 15 10) 9 (4 13 6 10 7 12 9 13 10 12 11 12 13 14 14 17 15 13) 3 (1 7 4 8 7 8)
11 10 10 (1 7 2 7 3 7 4 5 5 6 6 6 8 6 9 7 14 6 15 6) 10 (1 12 3 12 4 12 5 11 6 12 7 14 11 14 12 11 14 14 15 15) 10 (1 13 4 11 6 8 7 8 8 10 9 13 11 13 12 11 14 6 15 12) 4 (2 8 4 13 9 8 14 10) 9 (3 15 6 13 7 12 8 16 11 12 12 16 13 14 14 14 15 17) 4 (1 13 3 15 5 11 9 11) 3 (5 5 6 6 9 5) 10 (1 12 2 7 4 9 6 16 8 11 9 15 10 9 12 11 13 10 14 15) 8 (1 16 2 17 3 16 4 14 7 11 12 15 14 16 15 15) 7 (1 14 6 10 7 13 10 16 12 11 13 12 14 10) 1 2 (6 9 8 10)
10 5 5 (4 11 7 9 9 12 13 11 14 11) 4 (1 15 2 14 7 13 11 7) 5 (5 9 7 7 10 9 11 8 14 7) 7 (3 4 4 7 5 3 6 5 7 7 8 7 9 5) 9 (1 7 2 7 3 10 6 8 7 9 8 9 9 10 14 9 15 11) 5 9 (1 13 3 13 5 17 6 14 7 15 9 15 12 11 14 16 15 13) 10 (1 9 3 7 5 8 7 7 8 7 9 8 11 7 12 8 14 8 15 7) 6 (2 16 7 14 8 16 11 8 12 14 15 15) 4 (2 8 3 9 8 10 15 9) 9 (2 12 3 15 4 12 5 17 7 11 8 12 13 12 14 18 15 17)
12 10 2 (4 11 9 10) 5 (4 15 7 15 8 16 10 17 13 16) 6 (4 15 7 13 8 14 11 15 12 16 13 15) 10 (1 10 3 14 4 17 5 18 8 15 9 15 11 14 12 16 14 14 15 18) 3 (6 9 7 15 12 13) 5 (2 9 4 10 7 7 8 8 12 12) 8 (1 6 2 6 3 6 4 7 5 6 7 6 8 5 10 7) 4 (1 14 2 14 12 11 13 10) 3 (4 8 7 7 12 8) 9 (1 11 5 12 6 14 7 11 8 14 9 14 10 15 14 15 15 14) 2 5 (1 5 3 4 8 5 10 6 15 4) 5 (3 10 4 9 11 9 12 9 15 9)
14 13 7 (1 11 2 12 8 10 10 12 12 7 14 10 15 10) 3 (8 11 9 16 11 12) 10 (1 10 2 15 4 16 6 13 7 12 8 13 9 11 12 13 14 12 15 13) 8 (3 11 4 12 5 11 9 10 10 9 11 9 12 9 14 12) 5 (1 5 7 6 8 4 9 5 15 7) 6 (4 10 5 8 8 9 9 12 12 10 15 8) 10 (1 9 2 9 3 9 4 8 5 8 6 9 7 9 13 8 14 10 15 9) 10 (3 16 4 14 5 15 7 16 8 16 9 11 10 17 13 16 14 14 15 14) 4 (5 13 7 11 9 14 15 11) 6 (5 5 7 4 9 5 10 7 11 6 15 4) 7 (1 7 3 8 5 9 7 9 8 8 12 7 13 9) 8 (1 8 2 12 3 11 8 8 9 12 11 7 12 9 15 12) 5 (2 15 3 18 4 14 8 17 13 14) 1 6 (3 12 7 14 9 11 10 9 12 11 13 9)
13 7 10 (1 13 2 12 3 13 4 21 5 12 6 15 7 16 10 16 11 14 14 13) 7 (3 13 6 12 9 12 10 12 11 12 12 14 14 13) 3 (4 7 5 10 12 7) 6 (1 14 3 12 7 12 13 9 14 9 15 10) 4 (2 11 6 14 9 10 15 13) 5 (2 15 7 14 8 12 9 15 12 16) 10 (2 9 3 10 5 13 6 14 7 11 9 11 10 11 12 14 14 13 15 13) 6 4 (1 9 3 9 6 10 7 10) 8 (1 7 4 6 5 5 8 3 9 4 11 6 12 6 13 5) 7 (3 9 4 9 5 9 7 9 9 8 10 8 14 8) 6 (3 11 6 12 9 9 10 9 13 13 14 13) 10 (1 10 2 14 3 13 4 11 5 11 6 12 10 15 11 14 13 10 15 17) 10 (3 16 4 13 7 11 8 16 9 15 10 15 11 17 13 16 14 18 15 16)
11 11 9 (1 14 2 15 3 13 4 14 6 13 7 16 9 14 12 16 14 16) 8 (1 11 2 10 5 9 7 10 9 9 10 9 12 9 14 8) 5 (1 9 8 14 9 12 12 9 14 10) 2 (4 9 10 13) 3 (4 14 12 13 15 10) 2 (6 12 11 12) 3 (7 13 14 14 15 12) 2 (5 4 6 6) 10 (2 16 3 14 5 12 6 14 7 14 8 11 11 13 13 12 14 17 15 15) 5 (3 4 4 6 8 5 10 5 15 5) 10 (1 14 2 14 3 13 4 13 5 13 6 11 7 12 12 11 13 14 15 12)
13 8 5 (2 8 6 15 12 11 14 13 15 15) 5 (5 5 7 6 8 6 11 6 14 6) 3 (1 11 2 9 14 9) 4 (3 7 6 8 8 9 13 9) 7 (3 9 4 13 5 12 7 15 9 12 13 14 14 9) 6 (2 12 4 17 5 18 6 16 7 16 9 15) 8 (1 12 3 8 4 13 5 11 11 12 13 12 14 11 15 11) 2 (8 14 11 17) 5 7 (3 12 4 12 6 14 7 13 8 16 11 12 14 11) 5 (1 13 2 12 6 11 9 12 12 10) 5 (1 7 2 8 12 6 13 5 15 5) 7 (1 9 3 10 6 8 8 8 9 8 12 9 13 9) 5 (1 14 2 11 7 11 8 11 11 12)
13 6 8 (1 14 3 9 5 12 7 15 9 13 12 12 14 15 15 16) 6 (2 13 8 16 9 12 10 13 14 17 15 14) 5 (3 6 11 9 12 9 13 9 15 8) 7 (1 12 4 16 6 12 7 16 8 13 10 16 14 13) 8 (2 15 3 13 6 13 7 9 9 11 12 13 14 13 15 14) 3 (2 18 4 16 14 18) 7 3 (2 13 6 11 14 14) 5 (5 14 8 13 12 13 13 10 14 10) 3 (5 10 6 12 7 11) 8 (3 10 4 12 5 9 7 10 8 9 10 11 11 8 15 12) 9 (1 14 2 16 3 16 5 15 6 13 8 14 9 15 12 11 13 15) 9 (3 15 4 16 5 17 6 14 7 11 9 15 10 13 12 16 13 13) 10 (2 7 3 7 4 7 5 6 7 10 8 8 9 8 12 7 13 7 15 10)
