15 15
12 15 14 13 12 9 15 13 14 12 10 8 13 10 13
1 4 3 4 3 2 3 4 1 2 3 3 3 2 2
15 13 2 (3 72 5 67) 3 (4 29 12 32 13 20) 2 (6 86 14 89) 10 (1 30 2 38 3 34 7 35 9 32 10 35 11 36 12 26 13 35 15 42) 9 (1 52 2 69 3 51 4 52 5 41 8 45 9 55 14 50 15 59) 8 (2 63 3 68 4 90 5 77 7 80 10 64 13 71 14 93) 7 (1 74 4 69 5 76 6 43 7 80 10 81 12 87) 6 (1 26 2 33 8 38 9 29 10 37 13 40) 3 (1 13 8 15 9 15) 3 (7 87 12 78 13 70) 3 (7 35 9 28 10 38) 4 (6 64 7 54 10 59 15 48) 6 (2 26 5 39 6 33 8 55 11 29 13 38) 2 8 (4 59 5 53 6 44 7 52 8 53 9 55 13 73 15 47) 4 (2 27 3 22 7 31 14 23)
15 11 2 (2 67 15 62) 10 (1 50 2 42 3 58 4 59 6 49 7 53 8 58 11 50 12 60 15 60) 9 (1 87 4 100 5 100 7 101 10 81 11 84 13 100 14 93 15 79) 10 (1 25 2 29 3 22 4 30 6 24 8 38 9 33 10 28 12 41 14 31) 3 (3 8 5 6 13 6) 8 (3 50 5 46 6 56 7 62 8 59 9 55 12 47 15 42) 7 (1 86 2 76 3 71 4 67 8 74 10 64 12 70) 5 (1 7 2 6 4 7 10 6 13 7) 10 (1 104 2 78 5 93 7 109 8 76 10 92 11 59 12 104 13 109 15 78) 6 (2 23 4 23 6 20 9 19 13 14 15 26) 5 (4 25 5 22 10 22 12 22 15 24) 4 2 (7 12 8 12) 4 (1 41 6 56 7 48 13 45) 5 (5 58 7 42 8 43 10 57 13 41) 8 (2 66 3 58 4 72 6 66 8 92 9 80 12 66 13 69)
15 11 3 (1 70 2 56 10 92) 2 (7 80 9 81) 2 (4 24 12 21) 8 (1 63 5 53 9 81 10 46 11 68 12 46 14 71 15 61) 7 (1 106 2 112 6 90 8 91 9 81 11 87 14 67) 3 (4 16 10 22 15 23) 3 (4 53 6 64 9 62) 7 (1 88 5 71 8 62 9 64 11 63 13 77 14 70) 2 (9 45 12 58) 2 (1 94 7 64) 3 (4 104 11 115 14 127) 4 5 (5 72 6 86 7 78 8 101 14 48) 2 (7 72 14 63) 6 (3 32 5 30 7 27 9 31 10 28 14 31) 4 (2 97 7 96 10 67 12 65)
15 8 6 (1 13 2 12 5 13 9 12 13 11 14 11) 10 (1 66 2 45 3 57 8 43 9 46 10 52 11 43 12 52 13 45 15 43) 8 (1 26 2 22 3 29 7 32 9 32 12 41 13 30 14 24) 2 (2 13 8 17) 10 (2 85 4 65 5 60 6 75 7 72 8 70 9 83 10 61 12 58 14 61) 4 (4 77 7 102 11 69 14 70) 10 (1 86 2 80 3 75 4 81 5 111 8 111 10 91 11 55 12 84 13 104) 2 (9 11 15 11) 7 8 (1 51 3 43 5 38 6 41 7 46 8 48 12 48 15 37) 2 (3 31 13 21) 2 (6 17 14 14) 6 (3 34 4 25 6 25 8 27 12 33 15 20) 10 (3 8 4 8 6 6 7 7 8 6 9 7 10 5 11 4 13 7 15 5) 9 (1 98 2 94 4 129 5 111 6 114 7 83 10 90 14 117 15 107) 4 (1 51 2 42 12 37 13 43)
15 14 7 (2 85 5 104 7 99 8 112 9 91 11 87 15 98) 6 (3 5 4 6 5 6 7 8 10 6 12 7) 10 (1 115 3 75 4 91 5 106 6 123 7 124 8 93 9 92 14 111 15 97) 9 (1 14 3 15 4 17 5 19 7 17 8 14 12 16 13 19 14 12) 2 (10 75 15 73) 8 (1 36 2 44 3 50 6 41 7 42 9 50 12 49 15 36) 6 (5 37 8 36 10 34 11 38 12 22 15 29) 8 (2 21 5 19 7 19 8 23 9 20 11 23 12 26 13 23) 9 (1 37 5 40 6 43 7 46 9 46 11 35 12 36 13 43 14 35) 7 (1 116 2 90 6 90 9 94 11 71 14 92 15 94) 2 (3 22 6 26) 3 (1 57 6 73 14 88) 6 (2 65 5 76 10 90 12 76 14 66 15 72) 9 (1 19 2 17 4 23 5 16 7 24 8 24 11 27 12 24 13 23) 1 4 (2 43 5 28 7 31 9 38)
15 13 8 (2 92 6 79 7 74 8 81 9 81 10 66 11 72 15 63) 4 (1 55 6 99 10 91 14 78) 3 (4 55 6 60 10 69) 8 (1 11 2 13 6 9 8 10 10 11 12 14 14 12 15 14) 2 (10 40 15 46) 8 (4 57 5 78 8 85 9 46 10 74 11 77 12 75 14 64) 2 (3 50 5 56) 10 (2 12 3 12 4 14 7 15 8 15 9 15 10 16 12 13 14 15 15 12) 9 (2 60 3 82 4 60 6 53 8 65 10 57 13 76 14 54 15 69) 5 (2 20 5 19 6 21 8 21 13 15) 5 (2 97 4 78 9 88 14 62 15 58) 6 (1 40 2 28 3 36 8 32 10 20 13 34) 8 (3 71 4 82 5 64 6 80 8 36 9 73 11 76 15 65) 2 8 (1 4 3 5 4 5 5 5 7 4 10 4 12 6 14 3) 9 (3 46 4 43 6 42 8 45 9 49 10 59 11 43 12 52 14 52)
15 15 5 (5 14 7 13 10 14 12 14 15 13) 8 (2 63 3 122 7 106 8 66 9 75 10 76 11 57 13 71) 5 (1 24 8 16 11 23 13 17 15 19) 4 (1 58 3 47 5 41 14 57) 6 (1 82 2 77 6 82 12 55 14 75 15 67) 5 (3 46 6 57 12 43 13 54 14 57) 10 (1 103 2 114 3 100 4 99 5 125 9 84 10 94 11 89 13 97 15 117) 5 (1 27 2 33 6 25 10 24 15 16) 9 (1 48 3 50 4 42 6 66 7 51 8 68 10 64 11 73 13 59) 7 (1 43 3 39 4 37 5 37 8 49 10 43 12 42) 5 (1 58 4 73 7 56 8 67 14 72) 5 (1 58 5 46 8 49 9 63 11 59) 2 (5 8 14 8) 2 (5 26 14 31) 6 (2 75 5 84 6 91 11 103 12 101 13 94)
15 14 3 (4 51 8 53 9 51) 9 (5 26 6 28 7 25 9 32 10 28 12 24 13 24 14 25 15 30) 7 (5 14 6 12 9 11 11 11 12 13 13 11 15 12) 8 (1 40 2 35 5 36 8 30 10 30 11 49 12 38 14 33) 10 (1 45 2 35 4 42 5 39 6 32 7 36 9 43 12 35 13 36 14 37) 7 (2 45 3 53 8 52 10 64 11 63 13 36 14 53) 7 (1 75 2 53 3 61 6 64 7 47 10 51 15 57) 5 (1 32 8 36 9 34 12 33 13 40) 6 (3 66 4 61 5 44 6 53 12 36 15 52) 7 (4 94 5 93 6 105 9 93 11 89 12 103 15 115) 2 (4 64 6 74) 8 (4 84 5 67 6 75 8 90 9 75 10 81 11 76 15 49) 6 (4 23 7 24 10 29 13 23 14 23 15 25) 6 (2 25 5 24 6 21 9 25 11 25 12 27) 1 5 (2 88 4 66 7 83 8 91 10 79)
15 11 6 (2 11 11 8 12 13 13 13 14 13 15 7) 9 (1 60 2 74 3 86 4 65 7 85 9 90 10 74 12 84 14 81) 7 (1 25 3 29 10 17 12 30 13 31 14 29 15 25) 5 (3 17 9 21 11 19 12 21 14 21) 10 (1 19 2 27 5 26 6 30 8 36 10 32 11 28 13 31 14 23 15 30) 6 (1 98 2 89 9 83 10 100 11 101 13 79) 6 (3 39 4 30 6 35 7 27 9 37 13 29) 9 (1 54 2 45 4 43 5 38 8 51 9 28 12 52 13 41 15 47) 7 (1 64 3 70 4 56 5 71 6 68 12 73 14 50) 3 (3 19 9 15 14 13) 4 (3 7 8 9 9 10 14 9) 4 2 (3 82 8 73) 10 (1 45 2 57 4 62 6 64 7 62 9 42 11 57 12 79 13 59 14 53) 10 (1 34 3 47 4 55 5 32 8 40 9 45 10 35 11 34 13 50 15 28) 10 (1 61 5 64 6 60 8 47 9 57 11 46 12 66 13 62 14 69 15 64)
15 8 7 (1 97 2 90 4 96 8 88 13 60 14 77 15 89) 5 (1 17 4 11 5 14 9 10 12 15) 2 (5 72 7 75) 8 (2 45 3 61 4 41 8 43 9 52 12 58 14 41 15 44) 8 (2 51 3 50 6 46 9 56 12 52 13 58 14 46 15 41) 6 (2 89 3 97 5 82 7 93 8 88 13 100) 7 (3 67 4 83 5 66 8 69 12 84 13 67 15 89) 9 (2 27 3 20 4 30 5 24 10 21 11 21 12 23 14 18 15 22) 7 10 (3 13 4 17 6 15 7 14 8 15 9 18 10 17 11 13 12 16 14 13) 10 (1 70 2 60 4 63 5 66 7 63 8 63 10 78 12 63 13 51 15 54) 7 (1 35 2 34 4 43 7 45 10 54 11 40 15 35) 6 (3 44 4 36 5 52 8 41 13 38 15 46) 5 (2 10 6 17 9 15 14 13 15 14) 6 (2 66 3 68 7 63 8 59 11 58 13 61) 7 (4 82 6 75 9 69 10 91 11 86 13 69 15 88)
15 11 6 (1 73 6 56 9 53 13 37 14 58 15 53) 7 (1 27 2 18 3 20 6 24 7 23 12 25 15 25) 7 (2 67 5 69 8 65 10 50 11 52 14 55 15 40) 3 (1 44 10 42 12 68) 10 (1 61 5 85 6 88 7 74 8 74 9 66 11 62 12 73 13 58 15 84) 2 (6 17 8 17) 2 (8 4 11 6) 10 (1 41 2 87 3 87 5 105 7 117 9 110 10 72 13 112 14 104 15 116) 7 (1 69 2 106 3 102 4 95 8 112 10 113 11 99) 6 (1 74 4 76 6 70 7 61 8 53 14 89) 5 (7 57 10 50 11 53 13 47 15 59) 4 10 (1 65 2 83 3 92 4 64 6 53 7 75 8 75 10 45 13 82 15 88) 7 (2 33 6 24 8 33 9 35 11 41 14 27 15 32) 8 (5 37 6 34 7 47 8 40 11 33 12 45 14 37 15 25) 5 (5 133 7 94 9 100 10 88 13 61)
15 13 2 (9 108 15 128) 4 (6 36 7 29 11 30 12 33) 5 (1 20 4 20 8 20 14 24 15 20) 2 (4 10 14 8) 5 (3 45 5 42 9 39 11 47 12 43) 8 (2 78 3 80 4 64 7 91 12 63 13 81 14 59 15 56) 5 (1 74 8 88 9 73 11 107 14 93) 5 (4 34 6 42 8 40 11 40 14 31) 6 (6 26 7 27 9 30 10 34 13 25 15 28) 5 (2 89 4 96 6 106 11 113 14 100) 2 (1 78 12 81) 4 (6 6 8 5 12 5 14 6) 9 (1 48 2 55 5 51 6 62 8 62 9 59 11 64 13 70 14 55) 2 2 (7 8 9 7) 6 (2 36 4 29 5 28 6 34 11 30 13 34)
15 11 2 (13 39 14 61) 9 (1 88 4 73 6 67 7 82 9 96 10 82 12 89 13 71 15 75) 5 (3 85 4 69 8 52 10 69 12 65) 3 (3 76 13 95 14 77) 8 (1 66 2 83 4 92 5 97 6 95 7 85 8 80 11 85) 3 (2 108 10 63 11 99) 4 (2 69 7 81 10 85 15 78) 3 (2 30 3 35 14 23) 4 (2 40 4 41 6 38 12 36) 7 (1 39 3 60 7 41 10 57 11 51 12 48 15 44) 3 (4 5 10 8 12 7) 4 9 (1 37 2 40 4 35 9 31 10 38 12 35 13 41 14 36 15 32) 5 (2 85 4 74 5 69 11 62 14 51) 8 (1 50 4 45 8 52 10 57 11 53 12 53 13 53 14 48) 4 (1 81 8 75 11 61 14 55)
15 8 2 (14 82 15 63) 2 (12 36 14 37) 6 (3 47 6 48 7 46 9 59 10 58 12 41) 7 (1 21 3 24 4 28 9 23 10 29 11 24 15 29) 6 (2 36 3 33 4 35 5 32 11 26 13 35) 3 (6 56 9 53 15 35) 2 (5 76 15 71) 6 (2 24 3 36 6 33 7 28 9 31 12 28) 7 8 (1 74 2 58 4 57 6 75 7 56 9 74 11 67 12 69) 10 (1 52 3 40 4 39 5 34 8 36 9 47 11 45 12 52 14 43 15 44) 4 (2 56 8 65 11 57 13 48) 3 (4 57 7 63 11 61) 9 (1 39 2 53 3 50 6 45 8 46 9 56 10 40 11 57 14 40) 4 (5 75 7 77 10 103 15 99) 2 (1 139 13 85)
15 14 9 (1 71 2 77 3 68 6 72 7 70 9 58 11 60 13 73 15 80) 6 (1 13 4 17 8 18 9 19 13 19 15 21) 10 (1 76 4 86 6 90 8 88 9 91 10 86 11 102 12 95 13 100 15 93) 2 (6 64 11 71) 2 (2 15 8 16) 4 (4 24 7 26 12 23 13 29) 4 (6 22 11 18 13 21 15 22) 10 (1 17 2 21 6 10 7 18 8 16 9 14 10 24 11 19 14 21 15 16) 4 (2 34 8 36 9 44 10 39) 6 (1 86 4 107 9 93 10 64 11 78 12 78) 8 (1 25 2 27 4 31 6 27 8 26 12 31 14 20 15 24) 7 (2 39 3 40 6 32 9 33 11 25 12 41 14 35) 4 (1 78 9 88 12 114 13 88) 4 (6 82 8 88 9 77 10 66) 1 9 (1 49 2 38 3 39 4 45 5 46 11 50 12 37 13 49 14 35)
