20 15
10 10 12 10 10 15 12 14 15 10 12 12 11 12 14
4 2 2 2 3 3 4 3 4 3 1 4 1 1 3
10 7 3 (1 13 5 10 13 15) 5 (2 7 3 6 6 8 10 8 15 7) 8 (1 25 2 19 3 16 5 19 6 20 8 16 9 20 15 22) 3 (10 13 14 16 15 14) 4 (2 9 4 9 5 7 11 8) 2 (6 11 15 13) 3 (1 19 2 22 6 14) 3 4 (6 19 10 14 12 15 14 11) 3 (3 10 11 10 12 9) 10 (1 9 2 9 3 8 6 9 8 9 9 7 10 10 12 8 13 7 15 7)
12 10 4 (1 7 3 5 8 5 14 6) 5 (1 12 2 13 3 9 4 7 9 15) 5 (1 8 5 8 8 9 11 8 12 8) 7 (1 11 5 12 7 9 9 10 10 11 12 9 15 6) 7 (2 13 3 16 5 18 8 18 9 14 11 17 14 20) 5 (2 18 7 11 8 15 12 13 14 22) 5 (1 11 4 12 8 12 13 13 15 16) 7 (1 10 3 9 4 9 5 10 9 10 13 9 14 9) 8 (1 10 2 10 3 9 4 9 7 9 11 11 13 8 15 10) 2 (8 16 9 12) 2 5 (1 14 3 18 7 16 10 19 11 16) 9 (2 13 4 17 5 15 6 15 7 17 10 18 11 16 12 18 15 20)
14 10 6 (1 11 3 9 11 10 12 10 13 8 15 9) 7 (4 17 5 18 6 17 7 22 9 21 10 20 11 20) 9 (1 12 2 9 5 9 8 7 10 12 11 9 12 10 13 9 14 10) 10 (1 19 3 18 4 16 6 18 7 25 8 10 10 16 11 22 13 16 14 20) 2 (6 14 9 12) 7 (1 10 7 9 8 9 9 9 13 8 14 9 15 9) 4 (6 9 11 8 12 10 14 8) 8 (1 9 3 10 5 13 8 11 9 12 10 13 11 11 13 9) 5 (5 10 7 9 8 9 9 8 12 8) 4 (3 5 9 7 12 8 13 7) 4 2 (12 18 15 17) 10 (5 8 6 10 7 9 8 7 9 7 10 13 11 10 13 9 14 11 15 11) 9 (1 17 2 17 5 16 7 21 8 19 10 15 11 24 12 16 13 18) 3 (6 18 13 9 14 13)
10 5 8 (1 10 3 8 6 10 7 10 8 10 10 13 12 11 13 9) 2 (6 8 9 7) 4 (3 11 9 11 10 11 13 13) 8 (4 12 5 13 6 9 10 12 11 10 13 8 14 11 15 13) 7 (1 19 4 17 7 20 11 14 13 23 14 19 15 23) 5 2 (8 15 11 17) 5 (3 13 4 12 6 10 9 11 12 12) 9 (1 9 2 9 3 9 6 10 7 14 8 11 10 11 12 11 15 11) 2 (3 11 11 10) 8 (1 9 3 10 5 7 7 10 9 7 10 8 11 9 12 10)
12 10 10 (1 9 2 12 4 9 6 11 7 9 8 11 10 11 11 8 12 10 13 9) 7 (1 9 3 10 5 10 6 10 7 8 13 9 14 8) 4 (2 11 3 13 8 17 9 12) 2 (1 12 12 9) 10 (1 8 2 9 5 10 6 7 8 15 9 10 10 9 11 9 12 6 13 10) 8 (3 10 4 10 9 11 10 13 11 13 13 11 14 7 15 9) 6 (1 7 3 6 5 6 6 7 8 7 15 8) 6 (1 16 2 10 4 16 8 16 10 16 11 12) 4 (6 7 8 10 9 9 11 8) 5 (3 13 8 17 9 17 11 18 12 14) 2 7 (3 18 4 17 5 14 7 18 9 18 11 17 15 20) 7 (2 20 3 20 7 19 9 20 11 20 13 18 15 16)
10 8 5 (2 12 9 15 10 13 11 13 12 15) 7 (3 20 6 21 9 14 10 18 11 20 13 15 14 16) 3 (3 11 4 7 11 10) 2 (6 19 14 15) 3 (1 8 14 8 15 8) 10 (3 13 4 17 5 10 6 9 7 14 8 12 9 10 10 13 11 14 12 13) 9 (3 10 5 13 6 10 7 14 9 14 10 10 12 10 13 12 14 12) 8 (1 9 2 9 4 9 5 9 8 10 10 7 11 6 15 9) 2 6 (1 22 3 24 4 16 5 20 14 18 15 20) 5 (3 5 5 7 10 6 13 7 14 9)
12 10 4 (2 9 8 8 10 10 13 9) 5 (2 17 4 17 11 21 14 16 15 21) 10 (1 8 3 9 4 7 7 7 8 7 9 8 10 7 12 7 13 8 14 9) 6 (3 8 7 11 9 9 10 9 11 9 15 9) 10 (1 11 2 11 5 11 8 10 9 14 10 9 11 9 12 16 13 16 15 12) 8 (1 12 2 17 4 16 8 18 10 15 12 14 13 13 14 14) 9 (1 18 2 18 3 18 4 14 7 19 8 20 10 21 14 11 15 10) 6 (2 11 4 10 5 12 7 9 9 10 11 11) 2 (11 19 12 20) 7 (1 20 2 16 3 14 6 19 12 20 13 21 14 22) 2 3 (1 19 13 21 15 18) 5 (5 8 8 10 11 11 12 11 15 7)
11 6 10 (1 12 3 12 4 14 5 9 6 8 7 14 8 10 11 6 12 8 15 9) 5 (3 17 6 16 12 15 14 16 15 15) 5 (2 8 3 10 6 8 7 8 11 9) 8 (3 16 6 22 7 17 8 17 12 20 13 13 14 9 15 19) 4 (3 8 7 11 8 9 10 10) 9 (1 12 4 10 6 15 8 14 9 12 10 6 12 8 14 10 15 13) 5 8 (1 17 2 16 3 18 4 20 8 16 10 17 13 21 14 16) 9 (2 17 4 20 6 20 10 17 11 18 12 19 13 22 14 20 15 15) 3 (8 9 12 7 15 7) 8 (1 9 2 9 3 9 5 8 7 10 9 8 12 8 15 7) 2 (8 19 10 15)
14 10 2 (6 14 11 17) 4 (4 8 8 8 10 13 14 10) 2 (14 19 15 15) 6 (1 20 5 16 9 22 13 26 14 19 15 13) 4 (1 11 9 10 12 10 14 10) 3 (4 8 7 5 12 6) 7 (2 7 3 9 6 9 7 10 10 8 13 9 14 8) 5 (1 6 2 6 8 8 10 5 15 8) 8 (1 18 2 14 8 17 11 18 12 16 13 18 14 17 15 14) 7 (1 7 2 8 3 9 5 6 7 7 8 7 9 8) 4 2 (3 16 10 8) 10 (1 18 2 20 4 19 5 20 7 26 8 20 9 16 10 16 13 16 14 22) 7 (4 10 5 9 7 9 8 14 12 12 13 10 15 10) 3 (6 17 9 21 12 17)
11 9 6 (2 13 4 19 7 24 8 15 11 14 13 16) 4 (3 8 7 11 12 11 13 11) 7 (3 21 7 22 8 21 9 24 11 17 13 14 14 13) 3 (5 6 13 11 14 11) 2 (8 10 15 6) 9 (1 10 3 14 6 14 7 10 8 9 9 7 10 12 13 6 15 7) 3 (1 10 7 10 14 11) 10 (1 16 4 19 5 22 7 21 8 16 9 13 10 19 11 18 12 11 13 13) 5 (3 11 8 9 9 15 13 19 15 22) 2 3 (4 21 14 16 15 20) 7 (1 19 5 21 7 16 8 21 10 21 12 19 15 16)
11 11 3 (2 9 5 9 14 9) 10 (2 9 3 11 5 11 6 7 8 11 10 14 12 9 13 10 14 9 15 6) 7 (1 19 7 18 9 17 10 10 11 20 12 17 15 18) 2 (5 16 7 17) 5 (1 14 2 11 4 21 10 12 15 14) 3 (4 8 10 7 14 8) 8 (3 9 6 6 7 8 8 12 10 10 12 12 14 9 15 7) 6 (1 11 9 13 10 13 13 13 14 9 15 16) 10 (1 11 4 11 5 13 7 9 8 7 9 7 11 11 12 8 14 11 15 7) 8 (1 12 2 10 5 11 7 11 9 11 10 11 11 12 15 12) 9 (1 22 4 18 7 19 8 21 9 19 10 21 11 16 14 14 15 26)
10 10 10 (2 16 3 20 4 14 5 23 7 20 8 16 10 21 12 19 14 17 15 16) 10 (2 10 3 11 5 8 6 10 7 7 8 9 10 10 11 12 13 7 15 11) 4 (4 7 5 6 8 7 12 6) 7 (3 15 4 17 5 15 7 18 8 16 10 17 12 19) 6 (7 14 10 12 11 10 12 13 13 16 14 15) 2 (11 11 15 11) 7 (1 9 3 10 4 9 5 8 8 10 13 9 15 8) 8 (1 9 3 12 5 12 7 11 10 11 12 12 14 13 15 12) 10 (1 23 2 22 4 22 6 17 7 15 10 21 11 19 13 21 14 16 15 21) 2 (7 10 9 8)
11 10 5 (3 12 9 10 10 8 13 12 15 9) 9 (4 19 5 20 6 25 7 18 8 20 9 21 11 18 12 18 15 16) 8 (1 11 2 13 4 16 5 17 6 16 8 14 13 12 14 13) 10 (1 16 2 17 4 15 6 20 8 21 9 19 10 21 11 20 12 17 13 21) 5 (1 22 4 17 6 20 8 20 15 20) 3 (3 11 7 16 10 17) 4 (3 16 4 13 7 12 9 12) 8 (1 10 4 14 5 14 6 10 7 9 8 9 9 12 13 6) 4 (2 20 4 14 6 16 7 17) 9 (1 7 3 10 4 9 7 10 9 8 11 9 13 9 14 11 15 9) 1 5 (2 5 4 6 6 5 11 5 15 6)
11 6 6 (3 10 4 7 5 10 6 10 8 12 11 11) 2 (9 8 12 8) 10 (1 9 2 8 3 11 5 12 6 11 8 12 9 11 11 10 12 7 13 6) 8 (1 13 2 12 3 9 4 11 5 7 9 10 10 11 11 10) 5 (2 15 3 10 4 16 9 15 15 14) 9 (2 11 3 12 4 12 5 16 6 15 9 15 10 15 11 14 15 14) 5 2 (5 13 11 12) 5 (5 18 6 18 7 15 8 19 10 19) 5 (1 9 3 9 5 7 7 9 10 9) 5 (7 11 8 9 9 10 10 9 14 9) 3 (2 7 9 6 10 5)
11 8 2 (6 12 9 11) 6 (2 6 4 7 6 8 7 8 8 5 10 7) 9 (1 12 3 14 4 16 5 12 6 16 8 16 11 13 13 14 15 15) 7 (1 13 2 13 8 9 9 10 10 8 14 8 15 13) 7 (1 15 2 12 4 15 5 10 7 16 12 17 13 16) 6 (2 17 5 18 6 21 11 19 12 20 13 19) 6 (3 13 4 13 6 12 7 10 10 8 12 13) 2 (8 5 10 6) 3 7 (1 8 2 13 4 13 7 8 8 9 12 15 13 7) 2 (4 18 13 22) 8 (1 11 2 19 5 19 9 18 10 20 11 16 12 18 13 17)
11 11 2 (11 5 12 6) 6 (4 13 5 13 7 14 8 15 9 12 12 12) 6 (2 8 5 9 7 10 11 7 13 11 15 13) 6 (4 15 5 9 8 15 9 11 12 11 13 14) 8 (5 21 7 15 8 18 10 15 11 17 13 17 14 22 15 23) 5 (2 10 4 11 5 13 9 11 14 16) 10 (3 10 4 8 5 7 6 9 7 12 8 10 10 11 11 10 12 9 14 11) 10 (2 8 3 8 5 8 6 12 7 9 9 11 10 13 11 6 13 9 14 10) 9 (3 22 4 22 6 21 8 20 9 12 10 18 11 17 12 13 15 18) 4 (3 9 4 15 11 19 15 14) 5 (5 14 6 12 8 10 11 11 13 12)
13 9 8 (1 11 2 11 4 12 5 9 8 8 9 8 12 9 13 9) 6 (2 9 4 9 7 9 9 9 14 11 15 9) 10 (1 10 2 10 3 8 4 8 5 9 6 10 9 8 11 9 12 9 15 9) 5 (5 20 6 16 11 18 12 23 15 18) 4 (6 13 11 10 12 10 14 11) 7 (2 11 3 9 4 9 7 8 11 5 12 9 13 8) 3 (5 3 8 4 10 3) 4 (1 9 2 9 4 9 11 13) 6 (7 8 9 15 11 6 13 9 14 9 15 11) 4 8 (4 14 5 9 6 7 8 13 9 12 12 10 13 11 14 11) 10 (1 14 4 13 7 13 8 12 9 10 10 13 11 16 12 12 14 13 15 15) 8 (1 19 2 12 3 17 8 17 11 13 12 19 13 18 14 20) 10 (3 11 4 15 6 15 7 15 8 12 9 14 10 15 11 15 14 14 15 15)
11 10 7 (2 13 5 10 7 15 8 11 9 17 13 16 14 17) 9 (2 6 3 6 5 6 6 4 8 5 9 5 10 4 12 4 13 4) 3 (1 15 6 15 8 19) 2 (5 20 9 19) 5 (3 23 5 13 6 24 13 19 14 16) 2 (8 8 15 6) 3 (3 9 6 8 7 8) 6 (2 13 4 14 6 17 10 13 13 13 15 14) 6 (2 11 5 11 7 11 8 11 9 8 14 16) 6 (1 8 2 13 4 8 5 7 9 9 12 12) 1 4 (1 9 9 9 11 10 12 10)
10 5 10 (1 15 2 12 4 13 5 14 6 14 8 16 9 18 11 17 12 17 14 15) 3 (8 4 10 3 14 6) 7 (2 8 4 9 6 10 8 9 9 8 10 9 14 7) 10 (1 8 4 12 5 13 6 10 8 14 9 9 10 15 12 13 14 9 15 8) 10 (2 9 3 9 6 10 8 9 9 9 10 8 11 8 12 9 13 10 15 9) 5 4 (5 21 9 16 14 17 15 19) 8 (2 8 4 11 5 10 7 13 8 12 10 11 11 13 12 14) 9 (3 11 4 11 7 8 9 12 10 13 11 13 13 10 14 11 15 10) 9 (2 9 3 8 4 7 5 8 7 10 8 9 9 8 11 8 15 9) 2 (7 18 15 18)
10 9 7 (3 14 4 19 6 18 10 21 13 21 14 17 15 15) 2 (7 11 10 12) 2 (7 15 8 17) 5 (1 10 2 10 4 10 8 14 11 13) 5 (1 17 5 17 8 16 12 14 15 13) 2 (7 5 8 5) 7 (1 12 2 13 6 10 7 11 11 8 12 8 15 11) 8 (2 9 4 11 7 7 8 10 9 7 11 10 13 9 15 8) 9 (2 9 3 8 4 9 6 9 9 11 12 9 13 9 14 9 15 7) 1 6 (3 16 5 13 6 12 10 19 12 15 13 14)
