15 15
11 11 14 15 8 10 15 11 12 10 9 14 14 13 14
2 1 4 2 3 4 4 1 2 3 3 1 2 2 2
15 11 8 (2 71 4 73 5 46 7 70 9 69 12 59 14 49 15 61) 4 (1 30 6 19 8 30 9 30) 7 (1 79 3 79 7 85 8 103 9 74 12 90 15 84) 3 (6 37 10 28 12 40) 4 (8 59 11 46 12 49 13 59) 3 (2 91 6 93 14 88) 4 (2 76 5 61 11 67 13 69) 8 (1 33 2 34 5 33 6 30 7 34 8 38 11 31 14 27) 10 (2 14 3 17 4 9 6 12 8 14 9 12 10 14 11 16 13 13 15 12) 2 (2 70 11 83) 2 (2 45 7 30) 4 7 (1 77 4 72 6 65 7 54 10 57 12 48 14 73) 8 (2 39 4 30 6 46 7 37 9 31 11 37 12 38 15 33) 9 (1 52 3 54 5 48 7 55 9 60 11 56 12 38 13 59 14 77) 5 (1 29 2 26 5 28 9 23 14 33)
15 8 8 (3 47 4 72 10 72 11 61 12 57 13 69 14 73 15 58) 10 (2 54 3 47 5 63 6 59 7 50 8 51 9 62 11 55 12 46 14 50) 7 (1 71 4 68 5 92 8 70 10 75 12 95 15 69) 3 (2 35 9 25 14 38) 9 (2 7 3 6 5 6 7 8 9 7 10 8 11 7 14 7 15 6) 3 (6 49 8 46 12 46) 7 (4 79 7 84 8 69 10 70 11 75 14 76 15 59) 10 (1 9 2 7 3 8 7 7 8 9 10 7 12 8 13 7 14 6 15 7) 7 8 (4 97 5 73 6 110 8 104 10 77 11 117 12 121 13 87) 3 (2 18 3 23 15 22) 9 (2 22 3 25 4 20 6 22 9 24 11 23 12 23 13 17 14 24) 10 (2 10 3 11 5 8 6 11 9 10 10 10 11 11 13 10 14 9 15 11) 10 (1 44 4 46 6 47 7 43 8 37 9 41 10 44 12 44 14 32 15 28) 9 (2 45 3 61 4 60 6 54 9 40 10 54 11 35 13 38 15 58) 7 (1 74 3 77 4 97 6 76 8 74 13 65 15 63)
15 9 6 (1 69 5 59 10 99 11 71 13 74 15 64) 7 (1 73 4 58 6 74 7 74 9 92 10 85 15 61) 9 (1 23 3 31 5 21 6 24 7 29 8 30 9 25 10 23 15 21) 7 (2 61 5 48 6 67 7 63 13 63 14 76 15 55) 3 (1 96 5 64 10 82) 5 (1 26 5 20 10 19 11 23 15 21) 3 (3 61 6 74 12 62) 3 (10 69 12 67 15 53) 6 (4 56 6 51 8 40 9 62 10 52 15 44) 6 9 (1 62 4 93 7 96 8 77 10 93 11 89 13 59 14 86 15 73) 2 (6 90 9 90) 4 (2 81 11 85 12 66 15 91) 10 (1 64 3 52 4 66 6 48 8 54 9 83 10 79 12 52 13 72 15 71) 6 (1 25 5 36 7 29 9 25 13 35 14 30) 10 (1 102 2 70 3 49 4 69 8 79 9 100 10 83 11 99 12 90 13 66)
15 14 6 (5 9 7 11 9 15 10 13 13 9 15 10) 8 (1 54 3 58 6 49 8 67 9 44 11 53 12 53 13 48) 10 (2 30 3 31 5 39 6 25 7 31 8 40 9 34 11 30 14 35 15 39) 9 (1 15 2 15 3 16 5 11 6 16 8 15 10 16 13 14 15 16) 6 (1 83 5 57 7 58 11 77 13 66 15 84) 6 (7 107 9 98 10 103 13 81 14 88 15 113) 5 (3 92 9 72 11 99 14 87 15 93) 10 (1 13 2 9 3 10 7 6 8 13 9 11 11 15 12 14 14 14 15 13) 5 (2 50 7 47 8 38 10 40 13 47) 3 (8 25 9 31 13 22) 2 (2 15 10 13) 2 (10 29 13 29) 4 (2 6 3 7 6 7 10 6) 6 (3 124 5 116 7 99 8 105 12 88 14 105) 1 2 (10 38 14 36)
15 13 9 (1 98 4 87 5 119 6 107 8 77 10 81 11 117 13 112 15 87) 9 (1 9 3 9 4 7 9 8 10 6 11 4 13 8 14 6 15 6) 8 (1 71 3 88 5 115 6 103 9 111 11 74 13 62 14 82) 2 (7 14 11 15) 4 (2 86 11 72 12 83 15 80) 8 (3 47 5 51 6 47 10 48 11 40 12 48 14 37 15 45) 5 (1 31 3 29 5 30 10 36 11 30) 9 (1 23 3 24 4 19 7 17 8 27 11 20 12 25 14 24 15 23) 7 (2 39 3 42 6 54 7 47 10 49 13 40 15 33) 7 (1 108 3 91 5 95 6 76 9 69 10 98 12 88) 8 (1 26 2 22 5 28 6 26 9 20 13 20 14 22 15 21) 4 (3 88 4 63 7 82 14 75) 5 (4 88 5 58 7 82 13 81 15 77) 2 8 (1 19 2 26 3 27 4 18 8 23 9 23 11 29 12 23) 7 (1 26 2 31 5 37 7 30 11 25 14 30 15 49)
15 13 8 (1 73 2 66 3 72 5 73 7 98 8 85 9 61 12 56) 3 (3 88 4 110 13 93) 10 (1 87 2 98 3 110 4 100 5 90 6 85 8 83 9 95 11 113 15 89) 3 (3 15 7 12 8 17) 8 (2 46 3 40 5 38 6 46 7 33 13 42 14 48 15 36) 6 (2 61 4 75 5 76 7 59 10 80 12 65) 7 (1 62 4 52 6 76 8 55 9 74 11 50 14 67) 5 (3 13 4 13 9 12 13 15 15 14) 4 (2 66 3 80 5 79 9 64) 6 (1 12 3 14 4 26 6 13 8 15 9 19) 9 (1 79 4 93 7 83 8 94 9 94 11 97 12 61 13 74 14 96) 10 (2 33 4 42 5 29 6 31 7 30 8 32 11 40 13 29 14 37 15 38) 2 (8 53 14 70) 2 5 (3 6 7 2 9 6 10 6 11 3) 6 (2 47 3 40 9 48 11 38 12 63 13 45)
15 12 4 (6 18 12 13 14 14 15 16) 2 (12 97 15 85) 8 (3 19 4 21 8 26 9 25 11 21 12 16 13 24 15 20) 8 (3 56 4 50 6 39 8 59 9 40 10 67 12 52 13 42) 7 (1 52 3 85 4 62 6 72 9 67 10 78 13 73) 4 (1 47 4 48 5 56 8 45) 9 (3 109 4 80 6 106 7 90 8 116 10 102 11 101 13 140 15 109) 4 (1 30 4 24 6 23 12 25) 2 (5 74 6 45) 10 (1 37 2 51 3 45 7 36 8 38 9 44 10 52 12 44 14 46 15 40) 10 (2 64 3 57 6 74 7 85 8 68 9 49 11 88 12 76 13 61 15 74) 2 (4 36 10 41) 3 7 (1 7 7 9 8 8 9 7 10 8 13 6 14 8) 4 (9 26 10 29 12 28 15 31) 10 (1 86 4 85 5 94 6 73 7 90 8 92 10 100 12 104 14 108 15 96)
15 8 5 (4 67 7 59 9 71 11 50 15 56) 5 (1 26 2 25 5 27 10 19 12 20) 6 (1 18 2 15 4 13 6 12 8 15 15 17) 9 (1 37 3 44 6 32 7 40 9 36 11 38 12 32 14 41 15 37) 3 (1 44 7 35 8 29) 2 (4 50 8 44) 9 (1 54 2 43 3 47 4 50 5 57 8 46 10 59 12 63 13 58) 4 (5 44 7 38 11 29 13 40) 7 7 (3 64 4 41 5 52 6 40 12 61 14 41 15 52) 6 (5 112 7 89 8 99 9 104 12 83 14 77) 5 (2 38 7 72 10 62 12 48 13 39) 6 (6 67 8 69 10 69 11 59 12 54 14 80) 3 (2 16 6 22 10 22) 9 (1 19 3 20 4 23 9 26 10 24 11 21 13 25 14 22 15 19) 9 (2 95 3 82 4 100 7 90 8 87 9 83 10 94 12 88 14 82)
15 9 5 (2 13 3 13 4 13 6 16 10 11) 2 (1 69 7 69) 5 (4 27 5 18 8 30 13 34 14 24) 9 (1 21 3 25 4 26 5 29 6 25 9 20 10 23 13 26 15 16) 10 (1 27 2 26 6 22 7 28 8 30 10 33 11 30 13 21 14 27 15 33) 10 (3 102 4 78 5 89 9 87 10 74 11 96 12 60 13 86 14 81 15 92) 9 (2 31 4 30 5 40 7 24 8 31 10 34 12 38 13 32 15 34) 4 (2 43 9 46 12 40 13 45) 6 (2 71 4 81 5 70 8 77 9 64 12 55) 6 5 (3 16 4 17 6 15 12 16 13 15) 2 (7 10 9 10) 8 (2 76 3 71 4 79 7 67 10 55 11 89 12 72 15 74) 2 (4 53 6 53) 4 (3 47 7 45 8 45 14 36) 6 (1 67 2 60 6 71 7 64 9 68 13 57)
15 7 4 (1 112 4 106 6 93 12 80) 4 (3 15 6 12 11 15 13 13) 3 (1 70 3 73 8 80) 8 (1 65 3 47 5 52 9 38 10 42 11 52 12 39 14 49) 5 (4 52 6 55 8 52 10 35 11 50) 2 (3 117 12 113) 7 (1 74 3 87 5 76 6 83 7 75 10 62 12 76) 8 5 (2 25 5 34 6 22 10 24 11 27) 9 (1 14 3 13 4 13 5 11 6 12 7 17 10 12 11 12 14 12) 7 (1 67 2 42 3 49 4 55 5 79 7 83 10 68) 3 (1 38 7 54 11 26) 7 (5 46 7 41 8 48 11 46 12 45 13 49 14 48) 2 (2 16 9 17) 3 (2 60 3 53 6 35) 4 (1 98 6 82 14 114 15 96)
15 10 10 (1 51 2 53 3 60 5 56 6 55 7 49 9 63 12 51 13 52 15 60) 3 (1 24 8 23 15 15) 3 (5 84 7 61 13 73) 5 (3 49 7 42 9 43 11 45 15 42) 5 (3 50 4 72 7 69 10 100 12 58) 4 (10 13 13 16 14 15 15 15) 3 (2 5 11 6 15 7) 7 (2 94 5 99 8 88 10 83 11 97 13 110 14 79) 2 (3 83 11 123) 2 (13 71 14 62) 5 3 (9 58 10 54 13 63) 9 (2 59 4 73 5 68 6 71 7 73 8 100 9 70 11 75 12 80) 6 (1 34 3 28 4 22 11 32 12 24 15 33) 4 (6 46 8 34 13 44 14 54) 5 (1 83 2 92 3 91 6 119 15 109)
15 7 10 (2 89 3 90 5 100 6 102 9 89 10 91 12 87 13 68 14 104 15 77) 9 (1 41 2 34 4 42 6 31 7 47 8 38 9 32 11 40 13 36) 4 (7 17 8 17 11 19 13 22) 4 (6 10 9 9 13 8 14 9) 6 (2 51 3 58 4 56 5 53 9 49 11 42) 4 (1 79 8 61 11 83 13 63) 6 (1 96 2 76 6 83 8 66 9 74 15 84) 8 9 (2 29 3 45 6 41 9 36 10 28 11 37 12 33 13 43 14 31) 3 (3 29 4 30 15 37) 8 (1 106 2 61 4 92 5 85 7 111 10 119 11 97 12 116) 2 (4 87 7 93) 3 (1 8 9 7 11 7) 2 (7 60 12 44) 8 (2 6 3 6 5 8 6 6 7 5 9 5 11 7 12 6) 6 (4 31 7 29 11 39 12 18 14 30 15 32)
15 7 9 (2 48 5 41 6 59 7 42 8 65 9 55 11 44 12 45 13 48) 5 (1 107 7 90 9 85 14 76 15 100) 8 (2 86 3 78 6 76 7 75 8 71 11 55 14 50 15 86) 9 (2 88 3 77 6 64 8 99 10 86 11 89 12 67 13 74 14 91) 3 (2 76 5 95 13 80) 8 (3 60 4 70 6 96 7 81 8 81 9 115 11 65 13 92) 8 (1 66 3 81 4 91 5 51 6 80 7 84 10 73 13 62) 8 2 (5 31 15 38) 9 (1 30 2 36 3 38 4 33 6 29 8 31 12 29 13 40 15 35) 10 (2 62 3 48 4 55 5 56 6 54 7 64 9 62 10 59 11 58 14 73) 5 (1 6 2 8 5 7 10 7 11 7) 2 (6 35 13 40) 3 (3 76 11 52 13 81) 2 (5 59 9 62) 2 (12 67 15 71)
15 7 5 (1 98 4 101 11 70 14 88 15 115) 4 (4 28 8 30 11 33 12 36) 9 (1 44 4 64 5 50 10 54 11 49 12 50 13 56 14 47 15 57) 2 (2 21 13 21) 10 (2 27 3 23 5 27 6 26 7 25 8 31 11 27 12 29 13 25 15 34) 4 (3 43 9 40 12 34 15 42) 7 (1 74 4 89 6 68 10 88 11 75 12 88 14 88) 8 10 (1 25 2 24 3 24 5 33 6 29 7 33 12 30 13 28 14 37 15 28) 10 (1 81 2 88 4 62 6 71 8 80 9 83 10 71 11 78 14 70 15 66) 10 (3 33 5 43 6 40 7 37 8 48 11 32 12 47 13 49 14 35 15 38) 10 (1 44 2 44 3 45 6 46 7 35 8 40 10 37 11 56 13 64 15 32) 8 (2 55 6 64 7 49 8 68 10 30 11 67 12 71 13 48) 3 (1 41 6 43 11 52) 9 (1 86 2 74 3 118 6 99 7 112 10 80 11 110 12 83 14 115) 4 (5 91 12 107 13 97 15 91)
15 11 2 (2 79 10 70) 6 (1 18 5 21 8 15 9 18 11 21 15 14) 2 (9 73 10 87) 5 (1 71 2 66 3 55 8 68 10 67) 7 (2 14 3 13 7 15 10 14 12 17 14 17 15 16) 4 (7 20 8 22 14 24 15 19) 10 (2 23 4 26 5 17 7 22 8 21 9 20 10 26 11 24 13 19 15 16) 9 (6 13 8 20 9 19 10 12 11 14 12 17 13 20 14 14 15 24) 8 (2 41 5 50 7 39 8 54 9 42 12 41 13 48 15 55) 6 (6 85 7 88 9 95 11 79 14 89 15 64) 5 (6 36 8 26 9 31 11 30 15 28) 4 4 (6 37 8 35 11 40 13 32) 9 (5 89 6 76 7 88 8 91 9 108 10 85 12 101 14 66 15 81) 7 (4 73 5 58 6 59 8 62 9 85 11 85 15 84) 10 (3 32 5 41 6 51 7 55 8 43 10 33 11 40 12 37 13 46 14 40)
