15 15
12 12 9 12 12 10 11 14 11 12 15 9 10 9 8
2 1 3 4 2 4 4 2 2 2 4 1 2 2 3
15 14 5 (1 79 2 73 7 59 10 61 15 54) 8 (1 29 3 21 4 27 6 31 8 23 9 28 10 28 14 29) 3 (3 79 5 86 6 59) 7 (1 23 5 35 6 30 10 32 12 27 13 24 15 23) 6 (4 34 5 47 11 43 12 51 13 36 15 51) 5 (1 76 3 87 10 62 11 59 12 79) 8 (2 73 3 60 4 58 6 66 9 76 11 77 13 68 14 66) 7 (2 36 5 25 7 43 10 37 11 29 13 34 14 31) 8 (1 12 3 15 5 15 7 14 10 13 11 15 12 16 13 11) 3 (3 75 8 92 9 60) 5 (4 40 7 37 9 32 11 37 15 34) 4 (5 56 13 59 14 71 15 52) 5 (6 38 7 41 9 35 12 33 14 41) 7 (2 66 3 41 5 56 7 67 10 77 11 42 12 72) 1 6 (4 33 6 26 8 33 9 29 10 17 12 18)
15 10 2 (3 58 15 63) 5 (2 47 3 42 6 52 7 46 14 59) 3 (5 77 12 73 13 88) 8 (1 40 6 28 8 34 9 26 10 31 13 31 14 36 15 31) 4 (5 7 8 5 9 4 14 5) 2 (4 47 6 55) 5 (4 83 5 68 6 71 12 70 15 89) 7 (3 7 4 6 8 7 10 7 11 6 13 7 14 6) 7 (1 109 2 91 5 105 6 95 8 54 10 95 12 57) 3 (4 24 12 19 15 24) 5 2 (4 26 6 30) 5 (1 12 3 10 4 7 10 12 13 9) 3 (1 43 2 41 12 27) 8 (2 43 3 50 5 49 8 50 9 48 12 53 13 59 15 48) 6 (4 67 7 58 9 56 11 53 12 82 15 83)
15 9 5 (3 51 4 76 5 88 8 70 10 78) 2 (6 78 15 71) 4 (4 22 9 26 12 25 15 28) 7 (1 72 2 72 5 64 10 69 11 72 12 62 14 65) 8 (1 79 2 91 3 85 5 78 8 91 10 68 13 113 15 93) 9 (2 22 4 20 5 23 6 25 9 20 10 19 11 17 12 25 14 23) 3 (1 91 5 51 11 74) 10 (1 96 3 47 4 80 6 57 9 79 10 79 11 88 12 49 13 81 14 69) 10 (1 36 3 51 5 38 6 55 8 50 9 52 11 54 12 58 13 45 15 48) 6 9 (2 84 3 79 6 69 7 62 8 101 10 113 12 63 13 90 15 68) 3 (6 92 14 119 15 105) 8 (2 79 4 57 6 85 8 73 11 84 12 64 13 81 15 71) 6 (1 52 3 43 5 61 9 59 12 71 14 68) 2 (4 27 14 26) 4 (9 78 12 83 14 75 15 73)
15 10 5 (3 11 4 10 5 12 13 12 14 10) 8 (2 59 3 55 4 52 5 47 9 65 10 43 11 45 12 54) 6 (1 29 3 28 4 30 5 37 7 39 9 24) 8 (1 14 2 16 5 16 7 18 10 7 11 14 13 12 15 16) 7 (3 51 4 78 5 76 6 95 8 70 9 91 14 73) 3 (4 93 8 88 13 105) 10 (2 112 4 100 5 83 7 91 9 99 10 93 11 88 12 88 13 106 15 65) 9 (1 9 2 11 6 10 8 14 9 17 10 13 13 9 14 13 15 15) 10 (1 47 2 34 4 40 7 40 8 29 9 41 10 54 11 37 14 37 15 39) 8 (1 23 3 17 4 25 7 25 9 28 13 21 14 25 15 22) 5 9 (1 12 3 16 5 17 7 15 9 16 10 15 11 13 13 16 15 16) 10 (4 28 6 36 7 28 8 31 9 25 10 24 11 25 12 25 13 25 14 28) 8 (1 5 3 5 4 6 5 6 8 6 11 8 14 7 15 7) 4 (3 109 5 91 8 100 12 124) 2 (3 40 7 47)
15 7 6 (1 100 6 117 7 104 10 93 11 80 12 111) 9 (1 6 2 7 4 7 7 8 9 8 11 7 13 7 14 7 15 8) 9 (1 101 2 84 5 92 7 74 9 107 10 103 12 103 13 120 14 101) 5 (3 15 4 17 5 15 7 15 12 15) 5 (1 68 6 73 7 83 11 71 13 72) 2 (1 48 7 41) 4 (2 38 3 31 12 24 15 28) 8 7 (2 25 3 22 4 22 8 22 10 21 13 19 14 27) 4 (1 41 2 41 14 30 15 44) 10 (3 88 5 102 6 113 7 88 8 95 9 97 10 95 11 104 12 95 15 101) 3 (6 22 9 22 15 23) 10 (1 72 3 101 5 75 6 74 8 104 9 87 10 71 11 89 14 79 15 57) 3 (2 82 9 64 11 86) 2 (11 23 15 21) 6 (3 41 6 28 8 34 9 45 12 32 15 29)
15 9 2 (2 77 8 70) 5 (1 85 11 80 12 65 13 97 14 90) 2 (1 106 9 99) 8 (2 14 4 13 5 12 6 12 7 14 8 13 10 13 12 14) 2 (6 49 9 46) 6 (2 51 5 54 6 75 10 64 13 72 14 56) 3 (3 57 7 64 10 59) 7 (1 12 4 13 6 15 7 14 11 17 12 16 15 14) 7 (1 73 3 62 6 50 7 69 9 77 11 60 12 72) 6 4 (1 20 8 20 9 14 14 15) 9 (3 118 4 96 5 76 8 90 9 97 10 80 11 95 12 84 13 90) 5 (2 36 3 32 5 33 10 45 14 43) 7 (4 64 5 75 6 78 9 80 10 84 11 59 13 66) 10 (2 6 3 4 4 5 5 5 6 5 9 4 10 4 11 6 14 6 15 6) 3 (3 44 11 51 15 45)
15 11 2 (3 14 15 15) 5 (2 81 3 71 7 95 11 70 15 60) 6 (1 25 3 23 5 23 8 23 9 20 10 20) 8 (1 52 6 52 7 52 10 43 11 61 12 45 13 54 15 63) 9 (2 52 3 89 4 76 7 76 9 84 10 73 11 63 14 71 15 50) 5 (2 47 4 45 6 54 10 51 12 47) 6 (1 110 2 106 3 98 5 100 6 91 11 87) 4 (7 23 8 25 14 23 15 23) 10 (1 69 2 62 5 69 7 59 8 68 9 65 10 65 12 39 14 35 15 58) 2 (8 47 12 48) 2 (2 89 3 82) 4 9 (1 59 7 47 8 50 9 44 11 38 12 45 13 44 14 41 15 51) 8 (2 8 3 9 4 6 7 9 8 8 9 8 11 7 12 9) 5 (2 26 8 31 10 24 12 17 15 25) 7 (1 72 3 104 7 111 8 96 9 91 10 113 11 103)
15 11 4 (6 53 9 46 10 51 15 49) 8 (4 27 6 16 7 20 8 34 9 22 10 32 12 15 14 20) 4 (3 16 5 10 11 13 13 17) 9 (1 48 3 37 4 39 5 39 6 40 8 42 9 35 14 44 15 41) 6 (2 45 5 34 6 31 7 34 13 32 15 29) 5 (1 56 6 50 7 50 12 42 14 45) 3 (5 55 13 47 14 59) 10 (1 42 2 44 5 25 6 36 7 37 8 40 10 33 12 35 14 43 15 30) 7 (1 42 4 48 6 52 10 36 12 46 13 59 14 39) 10 (2 92 3 109 4 106 5 91 7 78 9 83 10 94 11 89 12 73 15 101) 3 (4 71 7 61 13 60) 4 9 (4 78 5 66 6 72 7 52 8 71 10 51 11 78 13 49 14 58) 9 (1 20 2 18 3 26 4 16 5 18 8 23 9 25 11 26 13 28) 3 (4 24 6 23 14 19) 5 (4 95 5 87 6 91 7 77 10 105)
15 8 6 (1 13 2 10 6 13 10 17 11 9 12 10) 5 (2 76 4 74 7 59 8 59 15 72) 9 (1 25 3 22 4 22 5 29 7 23 8 22 10 19 13 19 14 38) 3 (4 24 7 25 10 24) 5 (1 27 4 27 5 21 8 32 11 29) 10 (2 115 3 80 4 92 5 73 6 75 7 84 9 68 12 92 13 92 14 73) 7 (1 38 3 34 5 33 7 28 9 32 11 33 14 34) 8 (2 39 5 35 7 49 9 46 10 35 12 39 13 40 15 50) 7 3 (3 69 7 73 13 73) 2 (10 13 15 16) 7 (2 8 3 7 7 9 10 8 11 8 13 10 15 9) 6 (8 87 10 58 11 79 12 61 13 85 14 70) 8 (2 42 3 72 4 57 5 57 6 54 12 62 13 66 15 49) 4 (4 42 6 36 13 34 15 31) 3 (1 65 4 72 13 41)
15 14 2 (8 104 9 84) 4 (1 11 8 12 9 14 12 13) 6 (1 55 3 85 7 95 8 73 10 72 11 80) 10 (3 41 4 62 6 47 7 40 8 46 9 55 10 46 11 42 13 51 14 57) 5 (2 51 3 45 8 56 9 38 11 61) 10 (1 76 2 89 3 78 4 111 5 83 6 89 8 83 9 74 11 89 14 91) 10 (1 73 2 89 4 80 5 57 6 82 7 64 8 81 9 78 13 71 15 84) 8 (4 18 7 24 8 28 9 23 11 23 12 31 13 25 14 24) 3 (5 13 11 12 15 15) 4 (2 98 8 59 10 67 11 57) 10 (1 51 2 39 4 32 6 43 8 47 9 34 12 53 13 37 14 52 15 47) 4 (2 37 3 59 4 47 8 40) 4 (4 16 6 18 7 11 12 13) 8 (2 59 3 63 4 66 5 49 6 65 9 61 10 58 15 69) 1 10 (2 95 3 89 4 91 5 87 6 112 7 95 11 78 12 91 13 78 14 95)
15 7 8 (1 45 2 60 4 53 6 53 7 55 11 35 12 46 14 55) 4 (1 23 9 23 11 24 14 19) 4 (3 60 10 83 12 67 14 50) 6 (1 38 2 39 3 40 5 50 8 53 12 53) 3 (1 70 4 95 11 76) 6 (1 15 2 17 4 13 7 18 13 18 14 15) 6 (2 6 7 5 10 7 11 6 13 5 15 6) 8 7 (3 86 5 88 6 91 7 91 8 85 9 104 13 85) 4 (6 121 8 101 9 97 13 87) 3 (4 65 13 75 15 90) 6 (1 53 3 48 5 50 10 48 11 58 15 50) 8 (1 75 2 76 3 69 6 79 7 78 10 80 13 81 15 105) 6 (3 35 5 22 8 37 9 39 11 41 15 31) 5 (1 40 7 46 10 29 13 36 15 47) 3 (8 95 10 87 12 73)
15 13 9 (1 102 2 108 4 93 5 86 7 75 8 111 13 106 14 99 15 99) 7 (2 43 4 37 5 27 8 42 11 34 12 35 15 34) 5 (4 19 8 20 9 22 10 23 13 19) 4 (2 9 10 9 12 8 13 10) 9 (1 51 2 60 3 53 6 37 7 63 10 37 12 48 14 45 15 46) 8 (2 84 3 85 5 69 9 61 12 77 13 75 14 81 15 69) 4 (9 102 12 83 14 61 15 87) 4 (2 47 11 43 12 34 15 29) 9 (2 31 3 32 5 23 6 23 7 22 8 33 12 31 13 38 15 37) 5 (1 122 3 92 9 88 12 101 13 123) 7 (1 97 2 63 3 76 4 68 5 85 8 97 15 93) 5 (2 7 3 7 4 9 11 7 14 7) 2 (5 39 6 74) 2 8 (1 5 3 5 4 5 5 5 6 6 13 5 14 6 15 6) 6 (1 29 4 31 7 33 8 35 14 31 15 33)
15 8 5 (1 46 6 51 9 58 12 39 13 52) 3 (8 89 11 72 12 55) 7 (1 105 3 75 4 74 6 94 10 58 11 95 13 86) 9 (2 73 3 104 4 88 5 97 9 71 10 93 11 99 12 82 15 91) 10 (1 83 3 75 4 81 5 98 6 100 7 67 8 88 9 76 10 43 15 97) 9 (2 94 3 106 4 74 5 82 6 72 7 103 11 87 12 96 13 93) 10 (2 77 3 82 4 72 7 67 8 70 9 70 11 87 12 77 13 95 14 81) 4 (4 29 8 18 12 26 13 41) 7 9 (1 40 2 36 4 33 5 39 8 36 9 35 12 34 13 32 15 33) 10 (3 50 4 67 5 42 7 48 8 54 10 58 12 50 13 52 14 52 15 37) 4 (1 8 2 7 3 5 4 6) 5 (1 26 8 41 9 38 10 44 12 34) 5 (7 63 8 73 11 78 12 75 13 86) 3 (5 56 7 56 10 41) 10 (1 80 3 69 4 68 6 80 9 65 10 89 11 64 12 68 13 91 15 67)
15 10 8 (1 97 2 69 4 96 5 112 8 106 9 123 14 119 15 99) 7 (2 36 5 35 7 28 10 27 12 28 13 38 14 36) 8 (1 51 2 42 3 44 4 47 5 48 11 50 12 53 14 48) 2 (10 22 12 26) 6 (1 34 6 28 8 21 11 33 13 31 14 28) 9 (1 41 2 38 3 44 5 35 8 42 9 38 11 42 12 50 13 36) 3 (3 83 4 66 6 84) 5 (3 29 6 35 13 26 14 29 15 32) 9 (1 55 2 62 3 75 4 72 9 76 11 56 12 65 13 65 15 55) 7 (1 38 3 44 5 45 7 39 9 54 11 51 15 34) 5 2 (2 50 4 63) 3 (1 50 4 63 7 64) 5 (1 41 3 40 4 43 12 47 15 49) 6 (2 110 6 82 8 83 10 101 11 93 12 95) 3 (4 116 6 83 15 104)
15 15 5 (3 64 4 74 5 41 8 73 13 65) 8 (5 19 6 21 7 21 8 19 9 9 10 16 14 21 15 18) 2 (2 87 6 102) 3 (9 50 12 60 15 97) 3 (1 15 4 17 10 10) 5 (2 21 7 24 11 25 13 20 15 27) 10 (1 18 3 19 4 16 6 24 7 19 8 22 9 18 10 20 14 17 15 19) 4 (1 18 9 17 11 16 13 19) 5 (1 54 3 43 5 45 12 44 13 46) 2 (1 106 6 102) 2 (11 27 14 24) 6 (1 26 2 34 7 40 8 38 9 33 10 32) 6 (2 108 6 97 7 92 9 104 12 102 15 64) 10 (1 88 3 81 4 79 6 84 9 58 10 110 11 75 12 79 14 91 15 96) 5 (2 40 4 44 9 41 12 33 14 42)
