15 15
8 13 11 10 15 8 11 12 12 9 13 14 12 10 10
2 4 4 2 1 4 3 4 2 3 2 2 4 2 4
15 7 7 (1 69 4 47 7 72 8 58 10 69 11 70 13 61) 8 (1 29 3 25 4 21 6 24 8 31 9 26 10 26 11 22) 7 (1 76 2 63 7 77 10 75 11 85 13 71 15 89) 2 (4 26 12 26) 7 (1 51 2 44 3 48 4 52 6 57 9 64 13 36) 2 (6 86 11 83) 2 (2 72 4 83) 8 9 (1 36 2 30 3 31 9 33 10 33 11 32 13 32 14 35 15 38) 5 (5 11 6 12 10 15 13 13 15 15) 3 (7 67 10 93 14 83) 9 (3 38 4 27 5 36 6 37 7 34 11 40 12 35 13 31 14 39) 6 (1 81 4 48 8 41 12 63 14 41 15 66) 10 (1 35 4 43 7 33 8 35 9 28 10 34 11 35 12 35 13 32 15 41) 5 (4 47 10 59 12 52 14 44 15 48) 10 (1 30 2 29 4 29 7 27 8 31 9 26 10 23 11 28 13 30 14 28)
15 12 10 (1 54 2 59 3 52 4 54 7 56 9 47 10 66 11 74 12 60 15 65) 9 (2 55 3 43 4 54 5 60 6 46 7 45 10 57 11 66 12 67) 3 (5 87 6 86 12 94) 8 (1 29 2 36 4 41 5 36 6 38 8 37 9 32 15 37) 2 (9 6 10 6) 5 (2 66 7 60 13 50 14 50 15 56) 8 (2 67 6 58 7 86 8 74 9 65 10 75 12 53 14 51) 3 (4 8 9 8 15 6) 6 (3 81 6 75 8 72 11 102 12 98 13 124) 2 (1 23 7 20) 5 (5 24 7 27 12 19 13 23 14 22) 3 (6 11 9 13 10 8) 3 9 (4 40 5 41 6 35 7 36 8 34 11 50 12 38 13 31 15 37) 10 (3 35 4 50 5 48 8 49 9 53 10 41 12 47 13 54 14 49 15 50) 5 (1 88 6 74 8 69 9 82 13 60)
15 15 4 (2 85 6 84 11 76 12 73) 6 (2 91 9 80 11 88 12 57 14 88 15 76) 5 (1 24 6 24 8 25 11 22 15 29) 7 (1 84 3 59 4 69 5 60 7 67 8 69 15 72) 6 (3 83 4 96 10 88 11 97 13 109 14 100) 2 (1 23 4 24) 10 (1 70 2 64 4 68 5 56 7 56 8 81 11 55 13 62 14 59 15 78) 9 (1 94 4 78 5 63 6 90 7 59 8 65 10 74 13 73 14 76) 8 (5 54 6 55 7 46 9 64 11 66 13 46 14 50 15 64) 10 (1 69 2 69 3 90 4 80 5 77 8 80 11 80 12 99 14 85 15 82) 4 (8 87 9 109 12 93 14 95) 6 (2 73 4 101 8 70 11 76 13 84 14 84) 2 (10 48 15 48) 5 (3 31 5 35 7 32 12 24 13 33) 2 (6 78 9 90)
15 15 8 (3 12 6 11 7 12 8 14 10 12 12 15 13 12 15 10) 3 (5 44 12 54 15 49) 2 (13 35 15 33) 2 (3 16 12 19) 8 (1 85 3 63 5 77 6 85 10 58 11 84 13 89 15 68) 4 (2 87 3 70 11 116 14 61) 3 (8 87 12 95 13 127) 2 (11 14 14 11) 8 (2 38 4 37 8 42 10 42 12 43 13 37 14 44 15 47) 2 (3 28 4 20) 7 (1 17 2 16 6 16 7 13 10 15 11 18 13 13) 3 (11 30 12 32 14 33) 6 (2 7 3 6 8 7 9 6 10 6 13 6) 3 (5 71 8 102 9 115) 4 (2 35 11 53 12 43 15 40)
15 11 4 (1 91 5 93 8 95 13 96) 4 (3 8 5 8 13 8 15 8) 4 (5 87 6 98 8 96 13 77) 7 (1 16 5 11 6 16 8 13 10 17 11 15 15 15) 5 (3 69 7 81 8 88 9 73 12 69) 6 (3 50 9 39 10 38 11 40 12 41 13 33) 5 (3 32 5 29 7 41 11 35 14 26) 2 (1 23 15 15) 6 (2 54 4 36 5 38 7 34 8 51 14 40) 7 (1 80 5 63 7 122 8 112 10 92 12 75 15 61) 7 (1 29 7 23 8 25 11 21 12 23 14 21 15 17) 4 9 (1 106 2 64 4 71 6 60 7 88 9 79 13 97 14 69 15 89) 3 (3 80 8 94 15 80) 10 (2 23 4 33 5 23 7 18 8 20 10 34 11 24 12 31 14 26 15 18) 8 (3 32 5 30 6 30 7 28 10 30 11 28 12 36 14 29)
15 12 6 (3 75 5 78 8 61 12 77 13 59 15 64) 4 (4 82 6 68 8 92 14 113) 4 (1 91 3 73 7 83 9 77) 9 (2 14 3 13 5 10 6 11 8 13 11 12 12 12 13 13 14 13) 10 (1 40 3 43 4 50 6 49 8 43 9 46 10 43 11 51 12 47 14 46) 7 (3 61 4 55 5 71 9 79 10 78 11 59 15 69) 5 (3 74 5 94 7 59 12 66 13 63) 7 (2 11 3 19 4 15 5 14 7 16 8 12 15 16) 8 (1 68 3 63 4 48 8 75 9 67 10 68 12 66 14 62) 6 (3 13 5 14 7 16 8 16 9 15 15 19) 6 (1 84 2 84 3 101 11 63 13 91 15 75) 3 (3 34 4 31 10 20) 3 2 (11 78 13 68) 10 (3 3 4 5 6 4 7 4 9 4 10 5 12 4 13 6 14 5 15 5) 4 (2 44 6 46 7 38 15 50)
15 8 10 (1 17 2 12 3 15 4 19 6 13 7 15 9 15 11 14 13 14 14 12) 5 (2 92 3 106 6 95 9 88 11 75) 10 (1 19 3 18 5 21 7 21 9 23 11 26 12 23 13 17 14 26 15 22) 9 (1 63 3 49 4 45 6 58 8 46 9 53 13 58 14 57 15 54) 2 (7 88 11 63) 7 (1 62 3 49 4 42 5 47 6 55 7 53 12 43) 3 (9 76 10 65 11 92) 10 (1 29 3 26 4 20 6 27 7 22 8 32 10 18 12 24 13 24 14 22) 7 9 (1 52 3 47 6 65 7 50 8 55 9 60 10 41 12 54 15 64) 2 (8 50 10 40) 10 (1 67 2 63 3 67 4 57 5 64 9 53 12 64 13 71 14 67 15 70) 4 (4 44 5 54 9 73 12 55) 4 (5 9 8 8 12 6 14 6) 4 (1 22 3 21 9 26 11 26) 8 (4 115 6 104 7 102 8 89 9 114 10 90 12 121 13 98)
15 15 3 (1 57 5 51 8 47) 8 (1 24 2 22 5 23 9 28 12 18 13 27 14 27 15 20) 6 (8 11 9 15 10 14 11 14 13 13 14 12) 2 (6 35 14 35) 7 (1 35 2 32 5 36 6 41 7 40 10 33 13 30) 2 (4 40 5 54) 10 (1 52 2 56 4 62 6 63 9 50 10 65 11 54 13 50 14 49 15 63) 4 (4 31 5 40 13 31 15 36) 6 (2 59 3 47 4 45 5 38 10 46 14 45) 10 (1 117 5 88 6 97 7 112 8 110 9 102 11 86 12 99 14 83 15 90) 9 (2 81 4 48 5 78 6 56 7 52 8 43 12 48 13 70 14 59) 10 (1 69 2 66 3 76 4 77 7 67 10 77 11 81 12 87 14 73 15 61) 4 (7 25 8 30 10 23 15 19) 5 (1 30 3 24 5 23 7 22 14 21) 10 (2 97 3 103 4 72 5 71 6 83 7 75 11 91 12 81 13 79 14 88)
15 9 6 (1 8 4 11 5 12 10 12 11 13 14 11) 8 (1 51 2 74 5 74 6 65 7 80 10 82 14 72 15 60) 4 (1 25 12 25 14 32 15 29) 2 (4 22 5 26) 10 (1 27 3 29 5 30 6 25 7 25 8 23 9 31 13 23 14 30 15 29) 6 (1 80 3 103 4 90 6 87 11 76 15 77) 10 (2 35 3 27 4 32 5 30 6 25 7 33 9 31 11 33 12 34 14 39) 8 (3 49 4 26 7 55 8 45 11 49 12 56 14 48 15 50) 9 (2 67 3 73 4 62 5 64 7 69 11 32 12 67 13 71 15 77) 6 7 (2 16 3 13 5 15 7 20 8 14 12 17 14 14) 4 (2 9 5 10 13 8 14 10) 7 (1 71 4 54 6 73 7 73 9 77 11 47 12 66) 7 (3 78 4 53 6 56 8 54 10 79 13 63 15 61) 8 (1 34 2 39 3 35 7 42 8 29 9 36 10 46 11 44) 10 (1 61 3 75 4 65 6 67 8 62 9 68 10 53 12 69 14 62 15 64)
15 15 8 (1 95 3 91 6 100 9 110 11 91 13 108 14 73 15 103) 7 (2 10 5 13 9 8 10 9 11 12 12 11 13 9) 8 (2 87 4 85 5 57 7 61 8 84 12 82 14 72 15 88) 7 (2 52 3 50 5 54 8 46 10 59 11 43 12 49) 4 (2 37 3 35 8 46 12 68) 10 (1 74 3 103 4 113 6 94 7 81 9 74 10 92 11 78 13 92 15 87) 10 (2 72 3 81 5 76 6 80 7 71 8 62 9 77 10 95 11 64 15 60) 5 (1 22 7 19 8 23 11 21 14 24) 3 (3 13 9 13 13 13) 10 (1 76 2 55 4 78 6 75 7 82 9 79 10 66 11 52 12 86 14 74) 8 (3 36 4 45 5 47 6 34 7 49 8 49 10 54 15 41) 4 (1 40 11 31 14 23 15 43) 10 (3 15 4 14 6 11 8 14 10 15 11 18 12 16 13 17 14 12 15 17) 9 (1 52 3 59 5 47 8 61 9 62 10 50 11 54 12 61 14 70) 2 (3 103 12 81)
15 10 5 (7 64 9 57 11 53 13 60 14 52) 6 (3 18 5 27 11 20 13 24 14 23 15 19) 4 (3 54 5 67 14 68 15 57) 7 (3 42 4 42 5 49 7 48 8 52 9 45 15 52) 8 (1 89 2 75 3 74 4 76 7 56 8 76 9 79 10 79) 10 (1 12 2 18 3 17 4 16 5 18 6 14 8 18 9 14 11 16 14 15) 9 (2 5 3 5 7 7 9 5 10 6 11 7 12 7 14 5 15 6) 9 (2 89 5 85 7 86 9 113 10 105 11 96 13 94 14 103 15 91) 8 (4 79 5 98 6 91 7 98 8 89 10 81 13 90 15 92) 7 (2 83 5 51 7 65 8 72 10 72 11 64 13 49) 5 6 (2 51 8 40 9 63 10 50 12 62 14 62) 5 (5 73 8 61 9 66 10 66 14 81) 8 (1 37 2 34 3 27 5 35 9 36 12 31 13 39 15 25) 8 (1 49 3 43 4 42 5 49 6 42 11 48 12 43 15 34) 9 (4 91 6 90 7 115 8 95 10 102 12 98 13 61 14 80 15 97)
15 10 3 (8 47 13 88 15 62) 5 (1 33 5 32 6 29 8 44 14 26) 4 (4 19 5 24 6 25 14 21) 6 (1 9 3 8 4 8 6 10 9 9 10 8) 2 (3 46 7 35) 6 (3 75 4 66 8 68 11 52 12 67 14 80) 6 (4 101 7 68 8 62 9 67 10 78 15 62) 5 (1 37 3 42 5 37 11 48 14 33) 4 (2 35 3 37 4 31 6 28) 4 (7 83 8 86 11 99 15 88) 5 8 (1 84 2 69 3 85 4 79 5 72 7 85 14 62 15 74) 4 (6 7 8 7 14 6 15 7) 7 (3 54 5 55 7 59 8 57 9 53 12 58 15 49) 3 (2 7 4 7 10 5) 2 (1 33 2 30)
15 13 8 (1 41 3 47 4 50 5 51 7 52 11 55 12 54 15 46) 2 (3 88 6 104) 8 (1 77 4 68 7 77 8 58 9 76 11 76 13 71 14 60) 7 (2 93 4 77 8 111 9 74 10 81 14 87 15 89) 6 (1 91 3 91 4 92 6 90 9 65 10 79) 3 (6 74 8 115 12 72) 5 (1 57 3 72 5 79 6 61 9 76) 10 (2 37 3 35 4 26 6 29 7 37 9 41 10 30 13 41 14 38 15 32) 5 (1 33 4 36 7 29 12 34 13 32) 9 (2 49 3 58 4 45 5 39 8 68 9 48 13 51 14 50 15 47) 9 (1 6 3 7 4 9 5 6 7 5 8 8 12 9 13 7 14 8) 10 (2 20 3 29 4 36 6 37 9 29 11 30 12 35 13 34 14 40 15 33) 4 (1 59 5 82 12 75 15 76) 2 9 (1 60 4 58 5 55 6 50 7 62 8 49 12 57 13 60 14 63) 8 (3 96 4 102 5 70 8 72 9 92 10 74 11 82 12 79)
15 15 4 (2 93 5 122 6 97 15 77) 4 (3 34 4 40 11 27 14 37) 5 (3 51 4 60 6 47 7 50 10 60) 2 (1 30 5 24) 10 (1 34 2 33 3 33 7 35 8 25 9 31 10 24 12 21 13 24 15 32) 5 (1 44 2 23 8 28 10 38 15 40) 2 (5 95 14 79) 2 (8 26 9 33) 4 (5 91 10 69 13 80 15 49) 7 (1 46 2 38 3 37 5 46 6 48 8 39 10 44) 7 (3 46 6 46 10 57 12 49 13 51 14 62 15 55) 10 (3 56 4 60 5 56 6 63 9 52 10 61 12 59 13 41 14 67 15 58) 4 (5 53 12 46 14 45 15 52) 7 (1 113 4 91 6 102 7 102 10 83 12 117 13 116) 8 (1 81 2 96 4 118 8 93 9 108 10 98 11 111 15 110)
15 7 6 (3 60 5 85 6 68 8 63 10 76 11 48) 3 (4 16 7 18 8 20) 8 (2 67 3 87 5 62 7 96 10 87 11 85 12 96 14 83) 3 (8 70 11 72 14 66) 7 (1 12 3 12 4 11 5 12 6 17 8 14 14 14) 4 (3 27 8 25 13 22 15 19) 2 (1 23 12 21) 8 10 (1 17 2 14 3 16 5 18 7 17 9 15 10 19 11 18 13 17 14 19) 2 (3 32 5 45) 2 (1 77 15 67) 6 (1 25 2 33 3 26 5 32 10 26 13 22) 7 (2 40 4 47 7 25 8 40 12 46 13 44 14 35) 10 (1 75 2 77 3 94 4 68 6 54 7 71 9 93 11 91 12 96 13 100) 10 (2 80 4 99 6 84 7 68 8 95 9 92 12 89 13 104 14 63 15 93) 4 (1 40 9 47 10 41 12 37)
