15 15
11 12 12 13 11 11 10 10 15 8 9 14 8 13 8
2 3 2 2 3 3 2 1 2 2 3 3 3 3 2
15 13 2 (7 68 9 59) 4 (1 33 7 31 8 21 13 29) 9 (2 79 3 64 4 63 7 69 8 60 10 87 11 86 12 60 14 95) 2 (9 34 10 35) 3 (5 52 13 55 15 55) 9 (1 65 3 55 4 80 6 74 7 70 8 71 9 89 10 61 13 67) 10 (1 69 2 79 3 56 4 67 6 69 7 76 9 88 10 77 11 78 13 79) 6 (4 25 5 29 6 34 7 19 8 19 14 25) 6 (1 11 4 13 5 15 10 10 12 14 14 12) 4 (2 77 5 85 6 113 10 97) 10 (1 34 3 36 5 40 6 34 7 27 9 35 10 37 11 46 12 33 13 29) 3 (1 54 9 67 11 56) 10 (1 45 2 34 4 41 5 53 7 25 8 46 11 34 12 34 13 38 15 41) 2 7 (2 50 3 40 6 58 9 52 10 64 13 46 14 53) 3 (11 24 13 28 14 32)
15 10 9 (2 58 3 72 6 70 8 54 9 62 10 80 11 55 12 65 14 46) 2 (3 59 13 45) 10 (1 54 2 77 3 74 4 83 6 83 8 77 11 81 13 76 14 74 15 74) 5 (3 30 9 25 10 35 12 31 15 40) 3 (2 5 3 6 4 5) 8 (2 44 4 40 6 43 8 41 11 55 12 60 13 57 14 64) 6 (5 68 6 52 7 76 8 88 9 89 12 70) 9 (1 8 2 5 5 6 6 8 8 8 12 6 13 7 14 7 15 6) 5 (3 88 5 80 8 79 9 111 15 98) 3 (1 21 2 19 5 19) 5 10 (1 14 2 22 3 25 7 21 8 25 10 26 12 23 13 25 14 23 15 19) 2 (6 9 11 14) 9 (1 38 3 25 5 34 7 40 8 47 10 40 12 42 13 47 14 40) 9 (3 37 4 57 5 47 6 46 7 36 8 40 10 45 13 47 15 49) 5 (3 69 4 47 8 64 9 65 14 80)
15 15 8 (3 78 4 75 5 62 6 92 9 77 11 67 13 67 15 58) 7 (2 81 3 81 7 69 8 63 9 75 10 109 11 66) 10 (1 22 3 28 4 24 6 23 7 28 8 18 9 24 10 28 12 20 14 23) 3 (7 67 8 63 13 72) 9 (1 106 3 104 5 91 7 82 10 92 11 104 13 80 14 84 15 104) 5 (3 18 5 18 6 17 12 18 13 22) 10 (3 56 5 77 7 55 9 66 10 64 11 76 12 72 13 76 14 60 15 66) 2 (2 58 6 76) 4 (2 53 8 51 10 64 12 44) 5 (2 59 6 81 7 95 9 97 14 73) 8 (2 82 4 86 5 97 6 79 11 86 12 103 13 93 14 109) 6 (1 88 4 66 5 82 7 75 9 82 13 90) 6 (1 58 3 73 5 58 10 64 13 56 15 61) 7 (1 24 3 34 6 33 9 29 11 31 13 27 15 29) 8 (2 75 4 83 5 76 6 74 10 74 11 74 13 88 14 91)
15 14 7 (1 15 2 13 4 12 9 12 11 10 13 17 14 12) 6 (1 63 4 42 6 25 7 48 8 46 15 43) 4 (2 32 4 29 9 40 14 39) 8 (1 13 2 13 4 14 10 15 12 13 13 14 14 15 15 16) 3 (1 59 3 77 8 63) 2 (12 92 15 106) 3 (1 108 2 88 13 89) 2 (5 12 7 12) 2 (10 51 12 41) 3 (5 28 11 22 14 16) 10 (1 12 5 18 6 18 7 14 9 12 10 13 11 15 12 21 14 11 15 10) 5 (1 27 2 26 3 33 4 22 8 23) 10 (3 5 4 6 5 6 6 8 7 7 11 6 12 7 13 8 14 6 15 7) 2 (3 80 6 104) 1 9 (2 45 4 35 5 38 8 36 9 42 12 40 13 42 14 39 15 46)
15 14 3 (2 103 6 91 8 108) 4 (3 7 8 6 9 6 12 7) 7 (2 98 3 106 4 106 5 107 10 96 12 102 15 123) 2 (8 14 12 16) 9 (1 74 2 82 3 78 4 75 5 72 7 84 12 79 13 77 15 68) 7 (2 40 4 45 6 47 7 40 9 37 12 30 15 35) 10 (1 32 2 32 4 38 5 25 6 28 10 32 11 38 12 29 13 41 15 36) 2 (11 27 12 21) 8 (1 39 3 48 4 48 6 36 11 38 13 47 14 30 15 40) 4 (1 98 5 91 9 82 15 64) 6 (2 19 4 24 5 29 8 22 13 20 14 30) 3 (3 60 5 74 11 99) 6 (1 84 6 91 7 77 8 63 12 77 13 56) 2 (1 27 7 20) 1 5 (4 37 5 34 6 36 12 32 14 28)
15 11 9 (1 84 4 64 5 84 7 84 8 69 9 71 10 68 11 73 15 66) 8 (1 95 3 89 4 88 6 110 11 82 13 89 14 79 15 88) 2 (4 93 7 104) 2 (2 9 3 12) 4 (1 38 3 56 12 50 13 62) 6 (4 68 6 62 9 63 10 45 11 23 15 78) 8 (1 59 2 54 5 63 9 71 11 38 13 60 14 69 15 84) 2 (14 11 15 14) 10 (1 59 3 68 4 58 5 57 7 51 9 66 10 71 13 78 14 59 15 72) 3 (4 16 6 16 10 19) 9 (1 93 2 84 3 94 4 73 7 90 8 97 10 81 11 96 12 103) 4 5 (3 26 4 37 6 35 12 31 14 26) 9 (1 80 2 93 3 77 5 82 7 65 9 51 10 66 12 45 15 72) 6 (2 5 4 6 11 5 12 4 13 7 14 5) 9 (1 45 2 43 4 61 5 46 9 52 10 52 11 55 12 38 13 52)
15 12 9 (1 18 2 16 3 14 6 15 7 12 8 16 11 12 12 15 14 17) 9 (2 83 3 69 5 90 6 92 11 66 12 88 13 81 14 81 15 83) 9 (1 24 3 20 5 22 6 19 7 20 10 18 13 23 14 19 15 22) 3 (3 39 4 46 7 52) 10 (1 66 2 45 4 50 6 63 7 81 8 86 9 80 10 67 14 81 15 83) 6 (3 52 4 47 6 38 7 48 10 50 12 44) 5 (1 127 2 97 5 122 8 93 15 104) 5 (1 20 6 29 8 21 9 33 15 37) 8 (2 47 3 74 4 48 5 59 7 72 9 55 12 59 13 54) 2 (3 48 15 43) 5 (2 94 3 74 6 50 12 53 15 72) 4 (4 41 9 56 10 44 11 49) 3 8 (1 8 2 8 4 8 5 9 6 8 13 8 14 7 15 9) 8 (1 26 2 29 6 25 9 32 11 27 12 26 14 36 15 28) 6 (2 81 7 90 9 96 10 62 11 90 13 119)
15 9 9 (1 53 2 44 3 44 6 56 7 61 9 63 11 63 13 52 14 60) 5 (2 26 7 24 8 25 11 21 12 27) 9 (1 13 2 13 3 14 4 13 6 17 10 15 12 16 13 16 14 11) 3 (6 45 7 40 14 36) 2 (11 37 15 35) 8 (2 56 3 64 4 49 6 51 7 54 9 52 11 44 14 49) 9 (1 56 3 60 4 59 5 48 7 67 8 61 10 60 14 54 15 50) 8 (2 34 3 41 5 29 6 34 7 34 8 35 12 36 14 29) 5 (1 44 9 50 11 42 12 42 13 41) 6 10 (2 119 3 73 4 90 7 87 9 85 10 79 11 107 12 100 14 112 15 70) 4 (1 64 2 65 8 60 9 61) 10 (1 78 2 48 5 60 6 84 9 77 10 73 11 59 12 80 14 61 15 66) 7 (2 21 3 22 4 23 6 25 7 21 12 22 14 25) 9 (1 26 2 21 3 20 4 23 10 24 11 21 12 30 13 20 15 19) 7 (1 85 4 101 5 70 7 81 8 91 10 103 14 85)
15 8 5 (1 17 6 12 7 13 11 12 13 12) 3 (2 51 6 78 7 56) 7 (1 24 4 36 6 24 8 35 10 23 11 37 15 28) 9 (3 23 5 23 6 18 7 20 10 23 12 22 13 24 14 24 15 22) 7 (1 23 2 28 6 24 7 27 9 27 10 26 12 27) 7 (1 80 2 77 3 86 4 83 8 77 9 72 10 73) 3 (8 30 9 33 13 38) 5 (2 36 6 33 7 44 12 40 15 38) 7 2 (2 48 15 72) 6 (3 17 4 16 9 18 10 15 13 19 14 13) 6 (4 9 5 8 7 9 8 7 14 8 15 9) 10 (2 88 7 91 8 80 9 87 10 70 11 81 12 65 13 80 14 80 15 73) 5 (5 64 6 54 11 57 12 56 15 54) 4 (8 41 11 35 12 31 13 35) 6 (1 56 5 63 6 69 7 57 13 56 15 75)
15 8 4 (3 67 7 95 8 98 10 91) 8 (1 10 3 13 4 16 5 8 6 15 8 13 11 13 12 14) 7 (3 74 4 94 7 79 8 82 9 80 11 86 15 78) 10 (2 50 4 45 5 50 6 50 7 52 8 43 9 47 12 41 13 47 14 54) 6 (6 46 7 49 9 53 10 48 14 46 15 50) 4 (2 77 5 90 6 104 7 97) 2 (10 84 15 72) 7 (1 21 9 22 10 25 12 24 13 26 14 30 15 16) 7 8 (3 12 4 14 5 14 7 13 8 11 13 14 14 14 15 14) 2 (2 54 9 75) 2 (8 42 15 67) 5 (1 49 4 34 8 43 14 50 15 49) 10 (2 17 5 16 6 12 7 15 8 18 9 15 10 17 11 16 12 15 14 16) 9 (1 64 3 66 4 56 6 53 8 44 9 61 10 79 11 60 13 64) 8 (1 92 2 102 5 106 6 107 8 66 11 100 12 90 14 70)
15 12 10 (1 59 2 41 3 47 6 48 7 38 8 61 9 53 10 48 11 56 15 44) 3 (6 20 8 23 9 23) 8 (3 64 4 56 5 67 7 77 8 45 9 65 10 64 14 63) 6 (2 39 4 42 5 42 7 40 8 58 9 49) 9 (2 79 3 81 4 87 6 71 7 76 8 73 10 65 14 64 15 82) 6 (2 15 5 13 6 16 8 15 10 16 13 13) 3 (5 7 10 5 12 4) 2 (9 86 15 70) 6 (4 93 5 68 6 81 10 82 13 110 14 98) 8 (3 67 4 59 5 60 8 73 10 68 12 58 13 68 15 62) 6 (1 62 5 51 6 50 7 53 9 49 14 59) 10 (2 73 5 75 6 98 7 81 8 70 9 64 11 86 12 62 14 80 15 85) 3 8 (1 23 2 37 4 31 5 23 7 37 10 32 12 32 14 37) 8 (2 32 5 35 6 32 8 24 10 41 12 46 14 52 15 34) 9 (1 110 4 85 7 92 8 115 9 111 10 136 12 93 14 93 15 105)
15 14 5 (4 97 6 107 9 93 12 98 14 132) 7 (2 33 7 31 9 40 10 37 12 32 14 33 15 35) 8 (1 19 2 25 3 25 5 25 7 23 9 24 10 19 11 23) 6 (1 8 2 8 4 8 8 8 10 9 11 10) 9 (1 48 3 49 5 46 6 55 8 48 10 56 11 44 12 28 14 43) 4 (6 85 8 81 12 67 15 69) 2 (5 81 14 74) 3 (5 35 12 35 14 44) 5 (5 28 6 35 12 32 14 24 15 21) 2 (7 94 10 116) 6 (3 93 6 79 7 84 10 74 11 91 13 96) 10 (2 8 3 7 4 9 5 8 6 8 8 7 9 7 11 8 12 7 14 8) 9 (3 62 5 56 6 56 7 55 8 58 9 52 10 57 11 53 15 65) 4 (1 5 6 6 12 8 15 6) 1 7 (3 41 5 44 6 30 8 38 9 28 11 30 15 29)
15 11 5 (7 49 10 51 12 52 14 52 15 49) 3 (2 83 12 74 15 80) 8 (2 75 3 58 5 79 7 66 12 75 13 82 14 69 15 64) 3 (6 82 9 94 13 77) 2 (1 70 5 66) 2 (10 119 11 67) 3 (3 60 11 71 13 92) 10 (1 34 2 28 4 29 5 42 6 33 8 30 12 30 13 31 14 24 15 39) 5 (1 30 2 37 3 27 4 36 9 38) 4 (2 47 4 71 7 41 15 63) 4 (9 8 10 6 13 7 15 7) 4 2 (9 49 11 31) 7 (2 85 3 60 8 67 9 79 10 54 11 79 12 68) 4 (2 64 7 61 10 61 13 57) 3 (2 71 9 78 12 83)
15 10 7 (2 100 4 82 5 109 9 82 10 119 13 106 14 83) 2 (2 41 10 28) 10 (1 55 3 61 4 39 5 50 9 44 10 62 11 48 12 44 13 53 15 60) 3 (4 20 14 29 15 27) 6 (3 31 5 31 6 26 10 30 11 31 14 29) 9 (1 34 3 46 4 34 5 29 8 45 9 39 11 43 12 45 14 45) 7 (1 86 3 88 4 76 6 66 10 74 13 94 14 89) 8 (2 31 3 24 5 30 8 26 9 33 11 29 12 28 13 33) 5 (2 63 10 89 11 71 12 62 14 79) 7 (1 50 2 41 6 37 7 46 8 50 10 45 11 50) 5 6 (2 51 3 51 11 48 13 39 14 50 15 55) 7 (3 84 7 77 9 59 10 59 12 64 13 52 14 61) 8 (1 43 2 35 5 41 7 44 12 41 13 45 14 58 15 44) 6 (1 94 4 100 6 115 9 101 14 113 15 90) 8 (1 111 2 89 7 105 9 110 10 121 11 96 13 94 14 99)
15 11 5 (4 84 8 75 9 79 13 85 15 53) 3 (2 19 5 12 14 18) 6 (2 100 3 80 4 69 5 71 13 85 15 113) 3 (1 87 4 60 13 71) 4 (1 16 11 13 13 13 14 13) 6 (1 25 2 22 3 23 6 19 8 18 13 24) 10 (2 23 3 18 4 26 5 18 8 20 9 20 10 24 12 17 13 20 15 23) 2 (4 20 10 18) 8 (1 52 3 44 5 34 6 40 7 43 11 41 12 47 13 48) 6 (1 84 2 80 3 102 5 70 6 94 9 65) 3 (2 29 3 30 4 22) 4 3 (2 31 3 37 14 33) 7 (3 92 4 80 7 81 10 94 11 71 12 94 14 84) 3 (7 55 11 56 13 65) 3 (3 47 5 39 12 46)
