15 15
12 13 11 9 12 14 8 14 12 12 14 11 10 15 13
2 1 4 1 2 3 2 4 2 2 3 1 2 1 2
15 12 9 (1 76 4 67 5 75 6 47 7 66 8 66 9 61 10 76 12 77) 9 (2 26 6 23 7 26 8 30 9 21 10 40 12 29 13 23 14 28) 8 (1 68 2 74 3 91 4 85 5 84 9 59 10 86 11 91) 9 (1 27 2 34 5 26 7 25 8 32 9 37 10 34 13 26 15 41) 10 (1 46 4 38 5 51 6 62 8 44 10 60 11 52 12 45 14 54 15 48) 3 (1 94 3 71 9 93) 8 (2 47 3 84 4 82 5 73 6 82 7 71 9 72 15 74) 2 (11 46 13 32) 7 (1 13 3 13 5 14 6 14 9 10 11 15 14 12) 4 (1 104 6 67 8 65 9 64) 6 (1 49 3 38 5 37 7 36 13 35 14 37) 4 (4 51 5 63 8 44 12 54) 3 5 (1 36 2 42 9 34 10 44 15 37) 6 (2 42 3 63 5 53 6 60 10 57 14 51) 6 (2 23 5 30 9 21 10 24 12 30 13 26)
15 8 6 (1 52 4 76 10 66 12 73 14 64 15 54) 10 (1 43 2 41 3 42 4 56 5 47 7 47 8 45 9 70 12 40 14 45) 5 (1 62 2 80 11 70 13 89 14 90) 8 (1 34 3 24 7 28 8 24 10 35 11 43 14 33 15 21) 5 (1 6 5 6 8 5 11 6 15 5) 9 (1 58 3 52 4 57 6 43 7 57 9 64 13 46 14 42 15 56) 3 (3 75 7 77 10 55) 10 (2 7 3 7 4 8 6 6 7 7 9 8 11 7 12 9 14 5 15 7) 7 8 (1 76 2 91 3 69 8 102 10 99 11 104 13 133 14 91) 6 (1 26 3 16 5 22 8 19 12 24 14 28) 9 (2 24 3 19 5 27 8 20 10 24 11 21 12 24 13 24 15 21) 3 (9 10 10 12 13 9) 2 (8 39 15 44) 7 (2 40 3 46 5 49 6 38 11 49 12 44 14 57) 6 (1 79 2 57 3 84 7 91 9 66 10 91)
15 9 6 (3 79 6 66 10 63 11 64 14 66 15 55) 8 (2 103 4 95 6 104 8 70 11 71 12 61 13 85 14 88) 7 (3 24 7 20 8 26 10 20 11 26 13 21 15 25) 10 (2 64 3 69 4 66 5 65 8 50 9 62 10 70 11 65 12 69 13 67) 2 (12 85 14 111) 2 (5 18 9 16) 10 (1 52 3 58 4 72 6 69 7 72 8 59 9 66 10 72 13 74 15 50) 9 (2 60 3 72 4 80 6 76 7 52 11 75 12 64 14 60 15 69) 5 (3 54 7 44 10 55 14 59 15 56) 6 3 (5 80 6 78 8 79) 8 (3 108 4 95 5 83 6 107 7 84 10 85 11 84 15 105) 9 (1 66 3 102 5 56 6 86 7 89 10 80 12 79 14 68 15 71) 8 (2 56 4 50 6 62 8 65 9 49 10 58 12 59 13 71) 4 (2 33 4 29 6 30 7 32) 2 (2 86 9 108)
15 7 7 (1 12 3 13 4 12 8 10 9 10 11 10 13 13) 6 (3 58 6 63 8 44 12 33 13 44 14 63) 3 (7 30 9 32 13 43) 7 (1 18 4 14 6 15 7 18 11 11 13 10 14 14) 8 (1 53 3 72 5 71 9 75 11 75 12 63 14 65 15 83) 2 (1 96 6 123) 6 (4 85 5 113 7 106 12 79 13 115 15 95) 8 8 (3 11 4 11 5 12 11 11 12 12 13 13 14 9 15 10) 3 (4 42 6 40 8 47) 4 (2 29 5 17 8 26 10 16) 5 (4 12 6 17 10 15 11 16 14 14) 6 (2 22 4 23 5 25 6 28 7 25 8 30) 6 (2 5 4 7 10 9 12 5 13 6 15 5) 2 (7 115 8 110) 3 (2 43 8 36 12 50)
15 11 7 (2 83 3 78 6 88 8 97 11 106 13 103 15 80) 9 (3 8 4 7 5 6 6 7 8 8 9 6 12 6 13 7 15 5) 9 (1 105 2 105 4 92 7 89 8 115 9 84 12 100 13 87 14 81) 8 (2 11 3 17 5 18 8 13 9 15 12 13 13 16 14 12) 8 (3 83 4 66 5 80 7 57 11 80 12 90 14 63 15 54) 2 (9 38 15 39) 9 (3 35 4 32 5 34 7 26 9 40 10 36 11 34 14 35 15 24) 3 (2 24 6 26 10 23) 9 (1 41 2 40 4 46 6 48 7 38 11 47 13 35 14 43 15 34) 9 (1 96 4 82 5 92 9 105 10 69 11 93 12 87 14 104 15 91) 7 (2 19 6 27 9 22 10 25 12 25 14 20 15 24) 4 4 (4 74 7 93 12 68 13 91) 5 (2 81 3 100 8 55 12 77 14 84) 5 (1 28 3 29 13 23 14 26 15 32) 6 (1 39 7 34 8 22 9 32 10 38 12 38)
15 11 3 (6 69 7 69 9 62) 2 (4 82 7 64) 4 (10 85 13 103 14 84 15 94) 5 (7 18 8 13 10 15 13 17 14 11) 6 (4 54 5 40 10 50 12 33 13 34 15 35) 5 (1 47 3 69 7 87 12 62 15 74) 5 (2 58 4 53 8 72 10 72 13 71) 9 (4 11 5 16 7 14 9 12 10 16 11 17 12 16 14 15 15 16) 8 (1 76 3 63 5 60 6 77 7 65 8 64 10 82 13 77) 7 (2 17 3 17 4 16 7 15 9 22 11 16 13 17) 9 (2 104 3 67 4 89 6 109 7 98 8 76 9 73 13 102 14 80) 4 10 (1 34 2 33 3 37 4 37 6 32 7 34 8 32 11 31 13 42 15 28) 6 (1 47 4 61 9 80 12 72 14 74 15 74) 10 (1 3 2 3 3 6 4 5 5 4 6 4 10 5 13 4 14 6 15 4) 9 (1 42 2 45 3 41 4 55 5 53 8 73 9 43 10 41 14 41)
15 11 8 (1 10 2 17 4 13 7 12 10 13 11 16 13 14 14 14) 4 (4 79 8 70 9 70 10 97) 7 (7 22 8 21 9 20 11 21 12 17 14 24 15 19) 10 (1 56 3 55 5 40 7 50 9 50 11 69 12 54 13 47 14 64 15 54) 7 (1 50 10 80 11 60 12 76 13 70 14 78 15 67) 9 (1 43 3 45 5 37 7 59 8 51 10 40 11 58 12 54 14 47) 2 (8 105 11 105) 6 (3 27 4 26 5 27 6 26 11 30 15 17) 5 (3 47 4 56 6 51 10 57 12 48) 2 (10 38 12 55) 4 (6 55 7 88 10 65 11 71) 4 9 (1 48 2 48 3 33 6 64 7 52 9 40 11 56 12 44 13 40) 10 (1 9 2 7 4 7 5 8 6 9 10 9 11 9 12 8 14 7 15 8) 8 (1 30 2 27 3 35 7 26 8 22 12 25 14 29 15 28) 8 (3 95 5 95 6 111 8 115 9 95 12 94 13 97 14 95)
15 14 4 (1 62 3 58 8 51 10 50) 5 (6 24 10 24 11 32 12 25 15 34) 6 (2 14 5 18 8 13 9 12 10 14 13 14) 3 (3 35 12 40 14 35) 6 (5 31 7 34 9 35 11 33 12 40 15 35) 8 (3 54 4 50 6 53 7 53 10 57 12 63 13 50 14 42) 10 (1 61 3 58 4 49 5 44 7 69 8 52 9 46 11 50 13 43 15 38) 4 (3 32 9 37 11 43 15 33) 5 (2 41 3 51 4 62 7 38 14 59) 3 (5 94 11 81 13 74) 9 (1 66 3 43 6 61 7 50 8 63 10 65 13 69 14 53 15 53) 5 (3 67 6 74 7 84 8 59 9 79) 6 (1 19 3 24 8 18 12 24 13 20 15 22) 10 (1 25 3 23 4 24 6 21 7 23 9 28 12 23 13 28 14 17 15 20) 1 7 (6 73 7 76 8 86 10 96 12 97 14 76 15 76)
15 8 8 (1 12 2 9 4 13 7 14 11 12 13 13 14 9 15 12) 4 (5 62 7 78 13 67 15 67) 6 (1 30 3 28 4 20 5 27 8 29 12 26) 7 (2 28 3 21 6 22 7 24 8 21 12 25 15 26) 3 (3 32 7 33 14 26) 10 (2 67 3 94 4 100 5 92 7 89 9 72 10 71 11 64 12 89 13 74) 2 (1 34 5 28) 8 (1 46 2 39 5 38 9 54 10 51 13 44 14 54 15 45) 7 6 (2 68 3 55 4 60 5 59 6 61 13 55) 7 (1 17 7 17 8 17 9 16 10 14 12 15 14 15) 5 (1 9 4 9 6 9 7 11 10 8) 3 (3 74 11 77 15 83) 9 (1 50 3 62 4 70 5 62 6 58 8 66 10 54 12 54 13 55) 5 (1 34 2 27 4 34 9 37 13 29) 4 (2 61 4 60 6 63 14 60)
15 14 9 (1 86 2 87 3 86 5 82 6 93 8 94 9 98 13 82 14 75) 5 (3 14 7 11 10 12 12 12 15 11) 10 (1 86 2 88 4 84 5 84 6 52 9 83 10 62 11 94 14 82 15 75) 2 (3 58 9 40) 4 (2 41 10 49 11 41 14 46) 9 (2 70 3 98 4 87 5 88 6 114 8 79 11 84 14 104 15 109) 5 (2 72 4 78 5 72 6 75 14 69) 5 (2 26 4 28 5 23 6 28 10 29) 9 (2 12 4 13 7 13 10 15 11 13 12 15 13 14 14 13 15 15) 10 (1 74 3 58 4 67 6 86 7 80 9 53 11 78 13 80 14 96 15 87) 2 (2 45 9 38) 3 (1 50 2 43 9 52) 6 (2 19 3 17 5 16 10 17 11 19 15 16) 5 (1 81 3 54 6 64 10 43 13 57) 1 8 (2 87 4 85 5 97 9 99 10 94 11 107 12 95 13 105)
15 8 4 (6 41 7 52 8 58 10 57) 10 (1 26 2 19 5 19 6 20 8 23 11 25 12 25 13 23 14 17 15 21) 8 (2 67 3 65 5 67 6 63 7 53 8 63 10 59 15 43) 2 (9 53 10 37) 9 (1 93 2 68 3 72 4 83 5 92 7 73 9 73 10 81 15 71) 7 (1 21 2 16 4 18 9 15 11 15 14 15 15 16) 2 (12 6 13 7) 10 (1 75 4 108 5 94 6 84 9 96 10 82 11 78 12 119 14 92 15 93) 7 9 (1 84 4 76 5 80 6 103 7 108 8 87 11 81 13 97 15 90) 8 (4 83 5 67 6 61 9 70 10 57 12 52 13 50 15 69) 9 (1 58 3 58 4 50 5 46 6 54 9 46 11 44 14 48 15 65) 3 (4 68 6 81 8 76) 4 (6 37 10 30 12 37 14 30) 5 (1 26 2 40 6 57 9 37 11 50) 10 (1 104 3 109 5 138 6 77 8 95 9 118 10 85 12 88 13 89 15 119)
15 12 5 (5 78 7 94 9 73 11 89 15 91) 10 (2 34 3 48 4 29 6 40 7 39 8 31 9 33 11 44 12 33 13 52) 3 (3 22 11 28 14 24) 2 (13 9 14 9) 9 (4 53 5 35 6 45 8 41 10 38 11 52 12 37 13 50 14 52) 4 (2 82 4 55 6 83 15 95) 4 (6 85 12 87 13 85 15 63) 8 (3 39 4 30 6 36 7 37 8 40 11 46 12 36 14 39) 9 (3 28 4 25 6 35 7 24 8 25 10 41 11 26 13 31 15 25) 5 (7 95 8 104 9 88 10 122 13 73) 5 (2 74 3 58 6 80 9 83 11 69) 4 (2 10 4 7 6 6 7 7) 3 5 (2 61 10 56 11 57 13 35 14 37) 7 (1 3 5 7 10 6 12 6 13 7 14 7 15 6) 8 (1 30 3 30 4 31 5 36 6 31 8 36 11 22 15 25)
15 15 3 (1 35 3 40 5 35) 2 (1 77 15 91) 3 (10 74 11 87 13 72) 6 (8 107 9 55 12 89 13 79 14 98 15 82) 10 (1 85 2 102 3 79 4 78 5 60 6 86 8 64 10 71 14 71 15 79) 6 (1 68 7 89 11 101 13 66 14 115 15 93) 6 (4 66 5 71 7 61 10 42 11 72 14 84) 7 (1 23 2 33 4 15 5 32 8 30 9 29 11 36) 7 (3 34 7 29 8 43 9 36 12 39 13 34 15 36) 6 (2 58 5 67 6 77 8 43 12 45 15 51) 7 (1 10 9 6 10 7 11 8 13 8 14 5 15 8) 10 (1 43 2 26 3 37 4 49 5 42 6 28 7 43 8 38 9 38 10 25) 5 (1 66 2 54 5 82 11 79 14 91) 3 (3 51 12 55 13 57) 5 (2 83 4 61 6 74 12 58 13 54)
15 10 10 (1 89 2 103 3 111 4 91 7 78 8 93 9 78 10 112 13 90 15 122) 2 (6 39 15 30) 3 (7 53 12 50 14 65) 6 (2 27 5 30 8 24 11 30 12 25 13 27) 2 (13 26 14 40) 10 (1 37 2 45 3 46 5 37 6 34 8 28 9 51 10 40 11 34 12 33) 5 (1 72 2 64 6 73 10 73 14 80) 3 (4 26 7 31 15 24) 9 (5 71 6 56 7 69 8 36 9 69 10 75 12 62 13 66 15 59) 8 (3 41 4 39 5 51 8 40 10 41 12 49 13 45 15 32) 5 2 (4 39 12 49) 10 (1 55 3 51 4 61 5 68 6 60 7 51 8 61 9 60 10 58 11 50) 9 (1 52 2 49 3 52 4 58 5 44 9 39 10 46 12 48 15 46) 5 (1 106 2 93 3 77 5 115 13 107) 9 (2 94 3 106 7 120 8 101 9 64 10 76 11 95 12 84 13 98)
15 7 3 (7 55 10 46 14 72) 5 (2 15 4 17 8 14 11 19 14 16) 6 (4 79 5 90 6 77 8 99 13 89 15 106) 9 (3 73 4 68 5 79 8 67 9 68 10 66 12 62 14 58 15 77) 8 (2 16 4 15 6 11 7 13 8 14 13 15 14 14 15 13) 3 (5 18 10 28 14 21) 10 (1 16 2 15 6 20 7 23 8 21 10 17 11 16 12 21 13 16 14 21) 8 4 (1 14 5 14 11 14 13 18) 6 (2 39 4 52 10 40 11 41 13 37 15 50) 9 (1 86 4 86 6 93 8 92 9 83 12 73 13 64 14 99 15 93) 4 (1 25 3 27 8 24 10 25) 2 (5 42 7 40) 4 (2 75 3 109 4 58 13 67) 5 (1 105 5 88 6 76 8 82 11 109) 5 (8 34 10 43 13 47 14 43 15 37)
