15 15
10 11 9 15 11 14 13 12 13 12 14 13 13 12 9
3 2 1 3 4 2 4 3 3 3 3 3 2 3 2
15 9 2 (5 50 15 61) 3 (2 24 3 25 7 24) 7 (2 84 4 60 6 71 9 75 11 68 12 74 15 63) 7 (4 34 5 37 6 34 10 35 12 36 13 29 14 31) 7 (1 52 4 44 5 71 9 42 10 57 12 39 13 45) 4 (5 65 11 86 12 81 15 81) 8 (2 70 7 65 9 62 10 93 11 53 12 73 13 74 14 66) 5 (2 38 4 39 9 29 14 36 15 39) 4 (5 13 6 12 8 11 13 15) 6 3 (4 90 6 102 12 79) 4 (1 24 5 43 7 38 11 31) 9 (1 53 2 62 9 42 10 60 11 51 12 45 13 49 14 53 15 54) 5 (2 41 5 34 7 33 13 42 14 34) 7 (1 56 2 57 8 61 9 52 10 58 11 55 14 53) 7 (1 27 2 30 4 30 10 28 12 23 13 20 14 27)
15 11 6 (4 71 5 67 6 67 8 69 12 60 14 55) 8 (3 45 7 51 8 51 9 51 10 60 11 54 13 39 14 53) 2 (8 77 11 98) 6 (1 28 3 34 5 39 8 31 11 32 13 33) 4 (3 6 4 6 9 5 11 6) 9 (1 44 2 57 5 63 9 58 10 63 11 37 12 58 13 53 14 48) 3 (4 89 8 75 9 67) 10 (3 6 5 6 6 7 7 6 8 5 10 8 11 5 12 6 13 9 14 8) 2 (10 80 15 95) 9 (2 21 3 22 4 23 6 17 10 20 12 20 13 23 14 22 15 24) 9 (1 24 2 22 3 25 6 16 8 19 9 27 10 19 12 22 14 22) 4 6 (4 9 6 9 7 11 11 9 12 10 13 10) 2 (6 44 9 44) 5 (1 52 8 49 10 52 11 47 12 60) 4 (1 63 4 75 5 78 14 85)
15 12 5 (7 75 9 79 12 72 13 74 15 66) 6 (2 72 3 73 5 80 9 78 10 103 12 97) 9 (2 23 3 25 4 22 5 28 6 23 8 19 9 22 10 27 15 22) 4 (1 47 5 56 7 65 15 64) 3 (3 83 5 65 9 83) 8 (2 19 3 20 5 20 6 17 7 22 8 20 10 25 11 21) 2 (5 64 12 74) 5 (3 61 9 82 11 73 13 66 15 60) 2 (2 46 8 45) 8 (2 86 4 94 8 96 9 84 11 91 12 81 13 57 15 93) 3 (5 86 7 100 15 101) 4 (3 81 4 71 6 61 11 62) 3 8 (2 60 3 56 5 51 7 67 9 61 10 75 12 62 14 71) 5 (4 29 5 32 11 33 12 26 14 26) 3 (6 91 13 68 14 76)
15 8 4 (3 12 4 12 5 12 12 12) 5 (5 70 6 46 7 43 8 56 15 55) 8 (3 27 5 27 7 33 8 35 9 34 11 33 12 32 14 40) 10 (1 17 2 18 5 12 6 15 7 15 9 16 10 14 12 15 13 16 15 14) 2 (8 96 12 82) 5 (2 105 7 95 8 86 9 98 11 94) 8 (1 96 2 95 4 92 6 71 7 94 10 86 12 109 15 60) 4 (3 12 6 10 11 14 13 15) 7 10 (1 30 3 39 4 38 5 29 6 41 9 48 10 40 11 42 14 46 15 36) 3 (1 22 11 20 14 24) 10 (3 15 4 13 5 14 6 19 7 15 8 15 10 16 11 18 12 13 13 15) 2 (2 30 7 30) 3 (1 6 6 5 15 8) 10 (2 106 3 106 4 76 5 84 6 84 8 89 9 81 11 99 14 104 15 116) 5 (3 38 5 44 6 52 8 45 14 40)
15 8 3 (3 101 4 112 15 113) 5 (3 6 4 8 6 7 11 5 13 9) 3 (1 69 9 94 13 86) 3 (6 15 7 15 14 24) 6 (4 87 8 51 9 47 12 61 14 68 15 63) 10 (3 42 4 55 6 33 7 46 8 43 9 46 11 45 12 46 13 41 14 46) 5 (4 40 6 25 10 32 11 43 15 17) 5 (6 27 9 17 10 23 13 20 15 18) 7 3 (9 39 14 47 15 38) 2 (4 109 7 107) 5 (6 24 9 24 11 23 12 23 14 20) 10 (1 80 2 81 3 85 5 77 6 98 7 88 12 81 13 94 14 57 15 114) 10 (2 84 3 78 4 83 5 70 8 81 9 80 10 62 12 75 13 67 14 93) 7 (4 29 6 26 9 28 12 18 13 24 14 26 15 20) 6 (1 30 2 29 5 34 6 28 12 36 14 32)
15 14 5 (1 61 9 53 10 61 13 91 15 60) 2 (4 96 11 85) 8 (6 62 7 91 8 114 9 87 11 83 13 80 14 63 15 105) 8 (1 13 2 12 3 16 7 10 8 17 10 17 13 14 14 13) 6 (3 55 5 44 6 48 7 41 8 52 11 45) 4 (9 80 13 55 14 63 15 69) 7 (2 67 3 58 6 73 8 61 9 75 10 64 12 61) 3 (3 16 4 14 8 15) 8 (1 72 3 64 4 66 6 46 7 75 11 51 12 59 14 50) 4 (3 19 5 16 9 17 15 20) 2 (9 99 14 81) 10 (2 31 3 40 4 28 5 37 6 43 9 33 10 35 12 30 13 41 14 31) 6 (1 76 3 55 4 66 6 61 10 69 14 54) 5 (4 5 8 4 10 5 11 5 12 7) 1 6 (3 57 7 45 8 53 10 40 13 58 14 64)
15 7 2 (8 12 15 14) 3 (2 74 12 101 15 76) 6 (3 18 5 21 6 27 11 17 12 18 13 20) 10 (1 55 2 36 3 38 4 54 5 60 7 55 8 45 9 55 10 62 15 56) 9 (1 56 4 93 6 72 9 68 10 66 11 56 12 61 13 76 14 71) 3 (1 51 11 51 13 55) 4 (1 96 2 81 3 115 11 89) 8 5 (2 33 9 29 11 27 13 30 15 26) 3 (2 70 8 53 11 54) 5 (3 42 4 42 6 42 8 40 15 60) 2 (9 58 10 68) 3 (8 51 9 44 10 46) 3 (2 7 6 7 14 9) 2 (4 27 12 22) 7 (3 88 5 120 8 96 9 81 10 120 12 107 14 117)
15 14 5 (2 59 3 61 10 64 14 59 15 52) 10 (1 20 4 22 5 21 6 17 8 27 9 19 10 25 11 24 13 24 15 26) 5 (3 13 10 10 11 13 12 17 13 11) 4 (2 32 8 33 10 40 15 36) 2 (5 35 14 42) 4 (7 47 12 46 13 60 15 49) 9 (1 56 3 53 4 58 8 44 9 47 11 53 12 48 14 40 15 41) 5 (4 33 7 28 8 38 10 37 13 32) 6 (1 45 3 37 7 55 11 41 12 40 14 44) 7 (1 108 4 115 6 80 8 105 9 79 10 97 15 96) 3 (9 67 13 70 14 56) 10 (3 81 4 65 5 73 6 72 8 60 9 52 11 58 12 75 13 92 15 68) 6 (1 25 2 18 3 20 4 24 5 23 6 21) 9 (1 25 3 26 4 24 5 29 7 28 9 22 10 22 14 22 15 21) 1 3 (10 100 13 68 14 100)
15 12 6 (2 11 3 8 4 12 6 9 7 14 10 9) 7 (1 80 8 69 9 59 10 65 11 61 13 52 14 86) 4 (2 21 5 27 11 28 12 30) 2 (4 21 14 26) 4 (1 30 5 30 8 28 15 38) 5 (1 72 5 59 9 70 10 83 15 81) 10 (1 35 2 38 3 35 5 28 6 32 9 37 11 28 12 29 13 30 14 32) 10 (5 43 6 47 7 44 8 30 9 35 10 37 12 49 13 43 14 43 15 73) 2 (4 61 5 50) 7 (1 14 3 15 7 12 8 15 9 10 10 14 15 13) 10 (1 9 2 9 3 9 4 9 5 9 6 10 7 8 10 10 11 10 15 7) 8 (1 68 3 60 5 78 6 83 7 92 8 57 9 90 10 69) 3 6 (1 50 3 52 5 54 9 60 10 58 12 60) 2 (6 41 14 50) 2 (6 62 8 83)
15 12 8 (1 77 3 72 4 85 8 90 11 100 12 85 13 99 15 80) 7 (1 9 3 14 5 13 7 12 8 10 13 13 14 11) 10 (1 95 2 77 3 88 4 80 6 102 8 91 10 89 11 53 12 101 13 80) 10 (2 44 4 56 6 55 7 51 8 48 10 50 11 55 12 43 13 46 14 53) 9 (1 46 2 53 4 44 5 41 6 43 7 38 9 43 10 44 15 37) 8 (2 103 6 106 8 100 9 106 10 93 11 85 12 81 15 99) 5 (1 71 3 84 5 83 8 82 14 46) 4 (4 25 11 20 12 29 14 24) 2 (6 14 13 14) 6 (1 48 2 72 4 47 10 55 12 47 15 79) 9 (1 35 2 41 4 39 5 52 6 49 7 54 8 43 12 39 14 64) 5 (5 56 7 42 10 45 11 33 15 46) 3 7 (1 17 4 19 5 18 7 17 9 16 11 19 15 16) 10 (1 66 4 60 5 63 6 67 7 50 11 75 12 54 13 62 14 64 15 73) 5 (9 96 11 111 12 84 13 124 15 112)
15 8 2 (9 53 10 57) 7 (2 21 4 26 7 23 10 25 12 20 13 20 14 21) 5 (2 66 3 77 12 61 13 66 15 49) 10 (2 43 3 42 5 44 6 49 7 39 8 32 9 34 11 45 14 52 15 63) 6 (1 85 7 84 10 46 11 71 13 57 15 70) 6 (1 18 4 18 6 19 7 17 13 16 15 15) 5 (1 6 2 6 4 7 13 7 14 6) 10 (1 73 2 103 3 103 6 86 7 94 8 124 9 81 10 108 11 101 15 82) 7 4 (6 87 8 84 10 88 13 88) 9 (1 73 4 64 5 68 7 68 8 69 10 74 11 61 12 68 13 75) 4 (4 70 5 43 13 57 15 50) 9 (1 74 2 65 6 63 7 67 11 81 12 69 13 76 14 84 15 68) 2 (2 26 9 35) 3 (2 37 5 39 11 37) 8 (2 126 6 79 7 99 8 102 11 108 12 99 14 87 15 94)
15 9 10 (1 85 3 91 6 84 7 111 9 69 10 69 11 95 12 89 14 72 15 90) 8 (3 27 4 42 5 38 6 37 7 40 8 39 12 39 14 31) 6 (4 17 6 25 9 23 10 21 13 21 15 28) 8 (3 9 4 9 5 10 6 10 7 8 8 7 9 8 14 9) 9 (1 49 2 56 6 38 7 43 8 60 9 42 11 57 12 44 14 54) 3 (6 78 9 60 11 77) 2 (4 74 15 82) 6 (1 30 5 40 9 36 10 39 11 37 13 36) 10 (1 31 2 32 3 30 5 31 6 29 7 30 8 38 9 22 10 24 13 31) 6 2 (4 102 10 101) 10 (1 82 2 90 3 73 6 90 8 77 9 81 10 84 11 77 14 56 15 73) 10 (1 7 2 7 3 8 6 7 8 7 9 7 10 9 11 5 13 7 14 8) 9 (2 53 4 45 5 63 6 62 8 45 9 57 10 50 13 74 15 59) 2 (10 6 14 6) 7 (3 21 5 31 6 26 8 26 9 27 11 36 15 29)
15 9 4 (5 50 9 46 11 46 15 63) 4 (6 93 11 94 12 104 15 111) 4 (5 73 10 57 12 56 14 76) 7 (1 97 6 77 7 81 10 87 12 69 13 78 15 78) 8 (1 81 3 79 4 86 6 88 7 75 8 69 9 75 14 78) 6 (2 113 3 78 4 94 12 88 13 98 14 95) 8 (1 73 3 78 4 73 5 73 6 64 8 53 12 75 15 72) 10 (2 30 3 35 5 34 8 36 9 24 10 24 11 27 13 32 14 27 15 34) 6 (5 38 10 28 11 29 13 38 14 37 15 38) 6 7 (3 56 6 55 7 60 10 46 11 52 13 50 14 44) 4 (8 6 9 6 12 8 13 7) 2 (1 43 6 46) 4 (7 51 11 74 14 81 15 78) 7 (4 49 6 61 7 46 11 40 13 58 14 40 15 66) 5 (1 76 2 58 9 64 12 98 14 90)
15 11 5 (1 82 5 85 6 74 8 103 13 86) 7 (2 26 3 27 9 36 10 35 12 33 13 36 14 35) 9 (1 38 4 52 8 50 9 61 11 55 12 52 13 54 14 50 15 47) 10 (1 25 2 30 3 25 4 32 9 23 10 33 11 29 13 28 14 27 15 28) 5 (4 27 8 28 9 29 12 33 15 33) 6 (5 35 7 44 8 36 10 42 11 49 14 33) 9 (2 90 5 83 6 70 10 89 11 92 12 83 13 93 14 92 15 96) 7 (1 26 2 30 6 29 8 29 9 29 10 25 14 21) 10 (2 75 3 57 4 95 5 60 6 63 7 80 8 63 11 81 12 48 15 92) 4 (8 41 9 49 11 51 14 45) 4 (2 43 6 41 13 44 15 62) 4 5 (4 59 9 48 11 57 12 53 13 52) 5 (1 41 3 51 4 36 12 38 14 49) 4 (2 95 5 77 8 86 11 105) 5 (5 117 10 74 11 117 12 87 14 103)
15 15 5 (2 87 3 85 6 75 8 63 11 72) 8 (1 21 3 14 4 14 6 16 7 18 9 16 11 20 13 24) 7 (2 95 4 58 6 96 7 91 8 79 10 89 13 110) 7 (1 80 3 62 5 64 8 72 10 75 12 57 14 77) 5 (3 11 4 13 6 10 8 12 11 18) 7 (2 19 5 21 6 27 10 25 12 26 13 24 14 23) 4 (2 24 9 24 10 16 14 22) 10 (2 16 3 16 4 19 5 11 7 18 8 19 10 17 12 20 14 18 15 19) 2 (3 47 8 47) 3 (1 77 3 81 7 83) 7 (3 20 8 25 9 20 10 24 11 24 13 21 15 21) 8 (2 31 3 38 6 31 7 29 10 38 11 43 12 35 14 32) 5 (1 87 10 90 11 85 13 58 14 101) 6 (1 83 2 90 6 87 7 86 13 57 15 85) 4 (8 52 9 41 10 56 13 48)
