10 1 2 2
11 1 40 10 3 41 11 1 46 13 2 43
5 3 3 1 1 (1 20 2 16 ) 1 2 (1 21 ) 4 1 1 (1 52 2 57 ) 1 2 (1 43 2 46 ) 1 1 1 (1 66 ) 3 1 1 (2 50 ) 1 2 (1 55 2 47 ) 3 1 1 (1 29 ) 1 2 (1 33 2 36 ) 
5 2 1 1 1 (1 24 ) 2 1 2 (1 49 2 40 ) 2 1 1 (1 17 2 16 ) 4 1 1 (1 24 2 24 ) 1 2 (1 30 2 29 ) 1 1 2 (2 62 ) 
5 11 1 1 2 (1 41 ) 4 1 1 (1 103 2 100 ) 1 2 (1 81 2 105 ) 2 1 1 (2 33 ) 1 2 (2 42 ) 2 1 2 (1 25 2 29 ) 1 1 1 (1 10 ) 
5 5 2 1 1 (1 71 ) 1 2 (2 100 ) 3 1 1 (2 58 ) 1 2 (1 60 2 56 ) 2 1 1 (1 70 2 55 ) 4 1 1 (1 66 2 77 ) 1 2 (1 66 2 60 ) 3 1 1 (1 84 ) 1 2 (1 93 2 86 ) 
5 6 2 1 2 (1 80 2 78 ) 4 1 1 (1 38 2 38 ) 1 2 (1 30 2 41 ) 2 1 1 (1 76 ) 1 2 (2 61 ) 1 1 1 (2 19 ) 2 1 2 (1 50 2 35 ) 
5 1 2 1 2 (1 49 2 49 ) 1 1 1 (1 44 ) 1 1 1 (2 67 ) 1 1 1 (1 59 ) 2 1 1 (1 71 ) 1 2 (2 59 ) 
5 1 2 1 2 (1 72 2 71 ) 1 1 1 (2 88 ) 3 1 1 (1 77 ) 1 2 (1 94 2 83 ) 3 1 1 (1 80 2 100 ) 1 2 (1 97 ) 3 1 1 (1 115 2 95 ) 1 2 (1 62 ) 
5 13 2 1 2 (1 44 2 36 ) 3 1 1 (1 71 2 54 ) 1 2 (2 46 ) 1 1 1 (2 40 ) 2 1 2 (1 25 2 30 ) 3 1 1 (1 105 ) 1 2 (1 81 2 110 ) 
5 3 3 1 1 (1 20 2 22 ) 1 2 (2 22 ) 4 1 1 (1 41 2 66 ) 1 2 (1 46 2 57 ) 2 1 1 (1 24 2 15 ) 1 1 2 (1 33 ) 2 1 1 (1 102 2 96 ) 
5 13 1 1 1 (1 83 ) 1 1 1 (1 99 ) 2 1 1 (1 44 2 37 ) 4 1 1 (1 74 2 90 ) 1 2 (1 86 2 67 ) 3 1 1 (2 105 ) 1 2 (1 94 2 94 ) 