10 1 2 2
13 1 42 12 1 44 11 1 47 14 2 45
5 6 1 1 2 (1 25 ) 4 1 1 (1 101 2 64 ) 1 2 (1 77 2 71 ) 2 1 1 (1 32 ) 1 2 (2 39 ) 1 1 2 (2 74 ) 1 1 1 (2 17 ) 
5 12 4 1 1 (1 25 2 23 ) 1 2 (1 22 2 26 ) 2 1 2 (1 32 2 33 ) 4 1 1 (1 23 2 18 ) 1 2 (1 21 2 30 ) 4 1 1 (1 14 2 18 ) 1 2 (1 19 2 19 ) 2 1 2 (1 65 2 75 ) 
5 9 1 1 2 (1 74 ) 1 1 2 (2 22 ) 3 1 1 (1 28 ) 1 2 (1 28 2 26 ) 2 1 2 (1 56 2 56 ) 2 1 2 (1 105 2 102 ) 
5 2 2 1 1 (1 63 ) 1 2 (2 92 ) 4 1 1 (1 97 2 86 ) 1 2 (1 87 2 88 ) 2 1 1 (1 116 ) 1 2 (2 116 ) 1 1 1 (2 46 ) 3 1 1 (2 91 ) 1 2 (1 81 2 94 ) 
5 4 3 1 1 (1 28 2 31 ) 1 2 (2 23 ) 4 1 1 (1 31 2 43 ) 1 2 (1 49 2 38 ) 2 1 1 (2 49 ) 1 2 (2 53 ) 3 1 1 (2 12 ) 1 2 (1 21 2 18 ) 1 1 1 (1 50 ) 
5 11 1 1 2 (2 82 ) 3 1 1 (1 90 ) 1 2 (1 102 2 86 ) 2 1 2 (1 47 2 58 ) 2 1 1 (1 31 2 28 ) 1 1 1 (1 59 ) 
5 10 3 1 1 (1 28 ) 1 2 (1 26 2 32 ) 2 1 1 (1 11 2 15 ) 1 1 1 (1 23 ) 2 1 1 (2 90 ) 1 2 (1 74 ) 2 1 1 (1 41 ) 1 2 (1 54 ) 
5 11 2 1 1 (1 53 2 58 ) 3 1 1 (1 86 2 93 ) 1 2 (2 102 ) 2 1 1 (1 70 ) 1 2 (1 77 ) 2 1 1 (2 44 ) 1 2 (1 51 ) 1 1 1 (1 71 ) 
5 13 3 1 1 (1 17 ) 1 2 (1 10 2 13 ) 1 1 1 (1 63 ) 1 1 1 (1 48 ) 3 1 1 (2 36 ) 1 2 (1 39 2 41 ) 3 1 1 (1 55 2 52 ) 1 2 (2 42 ) 
5 3 2 1 2 (1 80 2 60 ) 1 1 1 (1 23 ) 4 1 1 (1 33 2 42 ) 1 2 (1 40 2 31 ) 2 1 1 (1 77 2 78 ) 1 1 1 (1 48 ) 