10 1 2 2
15 3 46 15 3 44 15 2 42 11 1 49
5 13 2 1 1 (2 16 ) 1 2 (1 26 ) 1 1 2 (1 52 ) 2 1 2 (1 98 2 96 ) 1 1 1 (1 50 ) 2 1 1 (1 31 2 36 ) 
5 5 1 1 1 (2 19 ) 3 1 1 (1 59 2 58 ) 1 2 (2 61 ) 2 1 2 (1 13 2 19 ) 3 1 1 (1 30 2 29 ) 1 2 (2 16 ) 1 1 1 (1 73 ) 
5 4 3 1 1 (2 42 ) 1 2 (1 38 2 48 ) 4 1 1 (1 103 2 81 ) 1 2 (1 109 2 105 ) 1 1 1 (1 38 ) 1 1 1 (2 34 ) 2 1 1 (1 12 2 13 ) 
5 1 3 1 1 (1 85 2 62 ) 1 2 (1 79 ) 1 1 2 (2 52 ) 1 1 2 (2 81 ) 1 1 1 (2 58 ) 2 1 1 (1 97 ) 1 2 (1 72 ) 
5 12 3 1 1 (1 96 ) 1 2 (1 58 2 80 ) 2 1 2 (1 37 2 39 ) 2 1 1 (1 79 2 73 ) 2 1 1 (2 17 ) 1 2 (1 21 ) 3 1 1 (1 31 2 45 ) 1 2 (2 35 ) 
5 9 2 1 2 (1 61 2 42 ) 1 1 2 (2 44 ) 3 1 1 (1 69 2 77 ) 1 2 (2 76 ) 2 1 1 (2 102 ) 1 2 (2 79 ) 1 1 2 (2 54 ) 
5 11 2 1 2 (1 55 2 77 ) 1 1 1 (2 61 ) 3 1 1 (2 87 ) 1 2 (1 102 2 106 ) 2 1 2 (1 71 2 87 ) 4 1 1 (1 97 2 103 ) 1 2 (1 95 2 93 ) 
5 10 1 1 2 (2 48 ) 3 1 1 (2 78 ) 1 2 (1 55 2 59 ) 4 1 1 (1 41 2 43 ) 1 2 (1 45 2 46 ) 2 1 1 (1 25 2 26 ) 1 1 1 (2 83 ) 
5 9 2 1 2 (1 13 2 11 ) 3 1 1 (1 48 2 36 ) 1 2 (2 46 ) 3 1 1 (1 26 2 26 ) 1 2 (1 25 ) 1 1 2 (2 29 ) 3 1 1 (1 77 2 122 ) 1 2 (1 111 ) 
5 3 1 1 1 (1 73 ) 1 1 2 (2 105 ) 3 1 1 (1 42 2 58 ) 1 2 (1 41 ) 2 1 1 (1 63 2 81 ) 2 1 1 (1 90 ) 1 2 (1 75 ) 