10 1 2 2
11 1 41 14 3 48 10 1 50 13 1 50
5 9 2 1 2 (1 21 2 22 ) 2 1 1 (1 71 ) 1 2 (2 54 ) 2 1 2 (1 84 2 105 ) 2 1 1 (2 63 ) 1 2 (2 76 ) 1 1 2 (1 29 ) 
5 6 1 1 1 (2 26 ) 2 1 1 (1 48 2 56 ) 2 1 1 (1 20 ) 1 2 (2 18 ) 4 1 1 (1 23 2 32 ) 1 2 (1 19 2 18 ) 3 1 1 (1 74 2 83 ) 1 2 (1 85 ) 
5 8 2 1 1 (1 37 ) 1 2 (2 38 ) 2 1 1 (1 143 2 114 ) 3 1 1 (1 41 ) 1 2 (1 43 2 35 ) 1 1 1 (1 29 ) 3 1 1 (2 12 ) 1 2 (1 12 2 11 ) 
5 9 2 1 2 (1 80 2 84 ) 1 1 1 (1 53 ) 2 1 1 (1 71 2 80 ) 4 1 1 (1 76 2 63 ) 1 2 (1 57 2 60 ) 3 1 1 (1 84 2 67 ) 1 2 (2 92 ) 
5 6 2 1 1 (1 78 ) 1 2 (2 70 ) 1 1 1 (1 35 ) 3 1 1 (1 61 2 75 ) 1 2 (2 49 ) 2 1 1 (2 18 ) 1 2 (2 20 ) 3 1 1 (1 41 2 48 ) 1 2 (1 34 ) 
5 11 3 1 1 (1 51 ) 1 2 (1 47 2 41 ) 1 1 2 (2 39 ) 3 1 1 (1 84 ) 1 2 (1 72 2 81 ) 1 1 1 (2 110 ) 4 1 1 (1 66 2 67 ) 1 2 (1 50 2 74 ) 
5 8 4 1 1 (1 55 2 71 ) 1 2 (1 68 2 81 ) 3 1 1 (1 87 2 77 ) 1 2 (2 80 ) 1 1 1 (2 91 ) 2 1 2 (1 76 2 84 ) 2 1 2 (1 95 2 93 ) 
5 11 2 1 1 (2 36 ) 1 2 (2 40 ) 3 1 1 (1 57 ) 1 2 (1 51 2 63 ) 1 1 1 (1 40 ) 1 1 1 (2 24 ) 2 1 1 (1 87 ) 1 2 (1 85 ) 
5 5 3 1 1 (2 17 ) 1 2 (1 13 2 19 ) 3 1 1 (1 35 ) 1 2 (1 50 2 57 ) 3 1 1 (1 22 2 26 ) 1 2 (2 27 ) 2 1 2 (1 33 2 57 ) 1 1 2 (2 108 ) 
5 12 2 1 2 (1 75 2 92 ) 3 1 1 (1 82 2 85 ) 1 2 (1 76 ) 2 1 1 (1 40 ) 1 2 (1 50 ) 2 1 1 (2 63 ) 1 2 (2 61 ) 2 1 2 (1 96 2 94 ) 