10 1 2 2
10 2 42 11 1 42 13 2 47 12 2 42
5 4 1 1 1 (1 20 ) 2 1 1 (1 82 2 94 ) 2 1 2 (1 38 2 34 ) 2 1 1 (1 87 2 75 ) 2 1 2 (1 15 2 17 ) 
5 12 3 1 1 (1 29 2 25 ) 1 2 (2 28 ) 1 1 1 (2 35 ) 2 1 2 (1 25 2 24 ) 2 1 1 (2 21 ) 1 2 (1 12 ) 4 1 1 (1 62 2 57 ) 1 2 (1 87 2 69 ) 
5 11 2 1 1 (1 79 ) 1 2 (1 96 ) 3 1 1 (1 19 2 19 ) 1 2 (1 24 ) 3 1 1 (2 26 ) 1 2 (1 25 2 37 ) 3 1 1 (1 33 2 53 ) 1 2 (1 47 ) 3 1 1 (1 99 ) 1 2 (1 113 2 102 ) 
5 12 3 1 1 (1 100 2 78 ) 1 2 (2 58 ) 3 1 1 (2 97 ) 1 2 (1 64 2 83 ) 3 1 1 (1 99 2 93 ) 1 2 (2 100 ) 2 1 1 (1 42 2 52 ) 2 1 1 (1 69 2 83 ) 
5 1 2 1 1 (2 30 ) 1 2 (1 36 ) 2 1 1 (2 45 ) 1 2 (2 36 ) 2 1 1 (1 68 2 48 ) 1 1 2 (1 21 ) 2 1 1 (1 44 ) 1 2 (2 42 ) 
5 4 2 1 2 (1 61 2 67 ) 3 1 1 (1 113 2 84 ) 1 2 (1 106 ) 4 1 1 (1 50 2 55 ) 1 2 (1 50 2 41 ) 4 1 1 (1 33 2 29 ) 1 2 (1 28 2 30 ) 1 1 1 (1 58 ) 
5 12 3 1 1 (1 32 2 23 ) 1 2 (1 27 ) 2 1 1 (1 13 2 14 ) 2 1 2 (1 21 2 20 ) 2 1 1 (1 75 2 91 ) 4 1 1 (1 53 2 46 ) 1 2 (1 44 2 43 ) 
5 13 4 1 1 (1 69 2 69 ) 1 2 (1 63 2 70 ) 2 1 1 (1 102 2 102 ) 3 1 1 (1 73 ) 1 2 (1 108 2 93 ) 3 1 1 (2 41 ) 1 2 (1 44 2 49 ) 1 1 2 (1 82 ) 
5 2 2 1 1 (2 18 ) 1 2 (2 15 ) 2 1 1 (2 68 ) 1 2 (2 66 ) 2 1 2 (1 41 2 51 ) 2 1 1 (2 39 ) 1 2 (2 44 ) 3 1 1 (1 64 2 49 ) 1 2 (2 52 ) 
5 4 2 1 1 (2 87 ) 1 2 (1 82 ) 3 1 1 (1 14 2 18 ) 1 2 (2 21 ) 1 1 2 (1 38 ) 2 1 1 (2 68 ) 1 2 (2 79 ) 1 1 1 (2 64 ) 