10 1 2 2
12 3 40 13 2 50 15 2 42 14 1 46
5 10 2 1 2 (1 20 2 21 ) 3 1 1 (1 81 2 70 ) 1 2 (1 95 ) 2 1 2 (1 37 2 25 ) 2 1 1 (1 72 ) 1 2 (2 84 ) 1 1 1 (2 22 ) 
5 13 3 1 1 (1 25 ) 1 2 (1 27 2 21 ) 3 1 1 (1 32 2 27 ) 1 2 (1 37 ) 3 1 1 (1 21 ) 1 2 (1 21 2 23 ) 1 1 1 (1 16 ) 1 1 2 (2 75 ) 
5 10 4 1 1 (1 71 2 84 ) 1 2 (1 39 2 60 ) 1 1 1 (2 20 ) 2 1 1 (1 26 2 31 ) 2 1 1 (2 68 ) 1 2 (1 58 ) 4 1 1 (1 103 2 105 ) 1 2 (1 78 2 118 ) 
5 5 3 1 1 (1 74 2 61 ) 1 2 (2 101 ) 4 1 1 (1 65 2 82 ) 1 2 (1 72 2 66 ) 3 1 1 (2 91 ) 1 2 (1 67 2 89 ) 3 1 1 (1 46 2 42 ) 1 2 (2 37 ) 4 1 1 (1 74 2 117 ) 1 2 (1 104 2 95 ) 
5 7 2 1 2 (1 30 2 32 ) 1 1 2 (1 38 ) 2 1 1 (2 56 ) 1 2 (1 40 ) 1 1 2 (2 18 ) 2 1 1 (1 52 2 44 ) 
5 10 1 1 1 (1 71 ) 3 1 1 (1 94 ) 1 2 (1 91 2 124 ) 3 1 1 (1 34 2 42 ) 1 2 (2 57 ) 4 1 1 (1 34 2 28 ) 1 2 (1 26 2 23 ) 3 1 1 (1 59 ) 1 2 (1 72 2 54 ) 
5 13 4 1 1 (1 28 2 26 ) 1 2 (1 29 2 22 ) 2 1 1 (1 9 2 13 ) 3 1 1 (2 20 ) 1 2 (1 26 2 14 ) 1 1 1 (2 77 ) 1 1 1 (1 63 ) 
5 2 2 1 1 (2 52 ) 1 2 (2 80 ) 1 1 2 (2 73 ) 2 1 2 (1 92 2 102 ) 3 1 1 (2 42 ) 1 2 (1 54 2 51 ) 3 1 1 (2 85 ) 1 2 (1 92 2 71 ) 
5 3 3 1 1 (2 18 ) 1 2 (1 9 2 14 ) 1 1 1 (1 88 ) 3 1 1 (2 55 ) 1 2 (1 52 2 46 ) 4 1 1 (1 29 2 36 ) 1 2 (1 43 2 37 ) 1 1 2 (1 53 ) 
5 5 2 1 2 (1 58 2 77 ) 1 1 2 (2 12 ) 1 1 2 (1 49 ) 2 1 1 (2 87 ) 1 2 (2 96 ) 2 1 1 (2 70 ) 1 2 (2 69 ) 