10 1 2 2
14 1 42 11 1 48 15 3 44 15 2 46
5 3 3 1 1 (2 16 ) 1 2 (1 25 2 22 ) 2 1 1 (1 48 2 53 ) 2 1 1 (1 69 ) 1 2 (2 104 ) 4 1 1 (1 47 2 57 ) 1 2 (1 55 2 58 ) 1 1 2 (2 36 ) 
5 2 4 1 1 (1 18 2 24 ) 1 2 (1 23 2 19 ) 1 1 2 (2 64 ) 2 1 1 (2 17 ) 1 2 (1 13 ) 4 1 1 (1 25 2 30 ) 1 2 (1 28 2 22 ) 1 1 2 (1 76 ) 
5 9 1 1 1 (2 32 ) 2 1 2 (1 113 2 105 ) 2 1 1 (1 44 2 41 ) 2 1 1 (2 35 ) 1 2 (1 36 ) 4 1 1 (1 12 2 11 ) 1 2 (1 10 2 10 ) 
5 5 3 1 1 (1 78 2 80 ) 1 2 (1 84 ) 3 1 1 (1 47 ) 1 2 (1 65 2 57 ) 2 1 2 (1 92 2 102 ) 2 1 1 (2 63 ) 1 2 (1 74 ) 2 1 1 (1 104 2 45 ) 
5 7 2 1 2 (1 70 2 71 ) 3 1 1 (1 38 2 35 ) 1 2 (2 37 ) 3 1 1 (1 55 2 74 ) 1 2 (1 76 ) 2 1 2 (1 20 2 19 ) 2 1 2 (1 22 2 44 ) 
5 3 4 1 1 (1 45 2 45 ) 1 2 (1 44 2 56 ) 3 1 1 (2 38 ) 1 2 (1 52 2 48 ) 3 1 1 (1 69 ) 1 2 (1 52 2 71 ) 2 1 2 (1 100 2 86 ) 2 1 1 (1 43 2 51 ) 
5 1 3 1 1 (2 80 ) 1 2 (1 77 2 76 ) 4 1 1 (1 92 2 85 ) 1 2 (1 65 2 84 ) 2 1 1 (2 94 ) 1 2 (2 82 ) 2 1 1 (1 82 2 111 ) 2 1 1 (1 110 ) 1 2 (2 105 ) 
5 11 2 1 1 (1 29 ) 1 2 (2 40 ) 2 1 2 (1 76 2 66 ) 3 1 1 (1 40 2 41 ) 1 2 (2 49 ) 1 1 1 (1 18 ) 1 1 1 (1 100 ) 
5 5 3 1 1 (1 25 ) 1 2 (1 24 2 18 ) 1 1 2 (2 47 ) 1 1 1 (2 30 ) 2 1 2 (1 53 2 45 ) 2 1 1 (1 115 2 103 ) 
5 1 4 1 1 (1 74 2 81 ) 1 2 (1 58 2 68 ) 1 1 1 (2 89 ) 1 1 2 (2 36 ) 1 1 1 (2 79 ) 4 1 1 (1 111 2 90 ) 1 2 (1 90 2 100 ) 