10 1 2 2
15 2 41 10 3 50 12 2 47 15 2 50
5 7 3 1 1 (1 22 ) 1 2 (1 20 2 20 ) 3 1 1 (1 96 2 99 ) 1 2 (2 79 ) 3 1 1 (1 36 2 30 ) 1 2 (1 31 ) 2 1 1 (1 73 ) 1 2 (1 90 ) 2 1 1 (2 20 ) 1 2 (2 20 ) 
5 3 1 1 1 (2 27 ) 3 1 1 (1 39 2 37 ) 1 2 (2 29 ) 3 1 1 (1 25 2 19 ) 1 2 (2 27 ) 1 1 2 (1 23 ) 3 1 1 (2 92 ) 1 2 (1 87 2 82 ) 
5 7 2 1 2 (1 55 2 67 ) 4 1 1 (1 20 2 27 ) 1 2 (1 25 2 22 ) 2 1 1 (2 33 ) 1 2 (2 35 ) 2 1 1 (2 44 ) 1 2 (2 59 ) 2 1 1 (1 118 ) 1 2 (2 120 ) 
5 9 2 1 1 (1 55 2 110 ) 1 1 2 (2 89 ) 2 1 2 (1 91 2 84 ) 2 1 2 (1 50 2 44 ) 2 1 1 (1 114 2 92 ) 
5 12 2 1 1 (1 23 2 27 ) 4 1 1 (1 42 2 51 ) 1 2 (1 39 2 53 ) 1 1 2 (1 46 ) 3 1 1 (2 15 ) 1 2 (1 19 2 21 ) 1 1 2 (1 58 ) 
5 10 1 1 1 (2 63 ) 3 1 1 (1 101 2 104 ) 1 2 (2 112 ) 2 1 1 (1 32 2 45 ) 1 1 2 (1 26 ) 1 1 1 (1 65 ) 
5 13 3 1 1 (2 27 ) 1 2 (1 28 2 37 ) 3 1 1 (1 10 2 8 ) 1 2 (2 9 ) 3 1 1 (1 19 2 24 ) 1 2 (1 22 ) 2 1 1 (2 57 ) 1 2 (1 58 ) 2 1 1 (1 51 2 56 ) 
5 3 3 1 1 (1 51 2 40 ) 1 2 (1 69 ) 1 1 1 (1 104 ) 4 1 1 (1 107 2 96 ) 1 2 (1 112 2 115 ) 3 1 1 (1 44 2 48 ) 1 2 (2 44 ) 2 1 2 (1 58 2 85 ) 
5 3 3 1 1 (1 14 2 14 ) 1 2 (2 15 ) 4 1 1 (1 91 2 86 ) 1 2 (1 85 2 85 ) 1 1 2 (1 43 ) 1 1 2 (1 43 ) 1 1 1 (2 66 ) 
5 12 1 1 2 (2 68 ) 2 1 1 (1 16 2 19 ) 3 1 1 (1 34 2 43 ) 1 2 (1 38 ) 2 1 1 (1 94 2 88 ) 3 1 1 (1 73 2 59 ) 1 2 (1 66 ) 