10 1 2 2
12 2 45 13 2 46 15 1 40 14 3 43
5 4 3 1 1 (1 27 2 16 ) 1 2 (2 23 ) 3 1 1 (1 46 ) 1 2 (1 39 2 33 ) 4 1 1 (1 85 2 79 ) 1 2 (1 79 2 82 ) 1 1 2 (1 96 ) 3 1 1 (1 25 2 42 ) 1 2 (1 35 ) 
5 2 2 1 1 (1 18 ) 1 2 (1 24 ) 2 1 1 (1 28 ) 1 2 (1 27 ) 3 1 1 (2 21 ) 1 2 (1 19 2 16 ) 2 1 1 (1 40 2 47 ) 2 1 1 (1 50 ) 1 2 (2 59 ) 
5 7 4 1 1 (1 32 2 44 ) 1 2 (1 38 2 41 ) 3 1 1 (1 56 2 52 ) 1 2 (1 73 ) 2 1 2 (1 13 2 14 ) 3 1 1 (1 50 2 48 ) 1 2 (1 51 ) 2 1 1 (2 48 ) 1 2 (1 54 ) 
5 9 2 1 1 (1 36 2 33 ) 2 1 2 (1 64 2 53 ) 4 1 1 (1 80 2 59 ) 1 2 (1 82 2 80 ) 2 1 1 (2 66 ) 1 2 (1 80 ) 1 1 2 (2 49 ) 
5 11 3 1 1 (1 58 2 57 ) 1 2 (1 60 ) 4 1 1 (1 64 2 75 ) 1 2 (1 94 2 92 ) 2 1 1 (2 46 ) 1 2 (2 65 ) 2 1 1 (1 78 2 58 ) 1 1 2 (1 30 ) 
5 11 1 1 2 (1 87 ) 2 1 1 (1 67 2 59 ) 1 1 1 (2 82 ) 3 1 1 (1 112 2 72 ) 1 2 (1 109 ) 3 1 1 (1 9 2 11 ) 1 2 (1 9 ) 
5 6 1 1 1 (1 27 ) 2 1 2 (1 22 2 19 ) 4 1 1 (1 86 2 77 ) 1 2 (1 90 2 106 ) 1 1 1 (1 22 ) 3 1 1 (1 65 2 71 ) 1 2 (2 79 ) 
5 7 3 1 1 (1 29 ) 1 2 (1 27 2 27 ) 4 1 1 (1 83 2 91 ) 1 2 (1 67 2 66 ) 2 1 1 (1 41 ) 1 2 (2 36 ) 1 1 1 (1 47 ) 1 1 2 (1 8 ) 
5 9 3 1 1 (1 58 2 55 ) 1 2 (2 47 ) 4 1 1 (1 8 2 6 ) 1 2 (1 6 2 7 ) 1 1 2 (2 52 ) 4 1 1 (1 59 2 56 ) 1 2 (1 64 2 63 ) 2 1 1 (1 39 2 32 ) 
5 10 4 1 1 (1 36 2 32 ) 1 2 (1 37 2 47 ) 3 1 1 (1 70 2 84 ) 1 2 (2 97 ) 2 1 1 (2 20 ) 1 2 (2 18 ) 1 1 1 (2 9 ) 3 1 1 (2 6 ) 1 2 (1 8 2 6 ) 