10 1 2 2
14 3 44 15 2 50 10 3 49 15 2 45
5 11 3 1 1 (1 9 2 15 ) 1 2 (2 14 ) 4 1 1 (1 103 2 101 ) 1 2 (1 80 2 112 ) 1 1 2 (2 70 ) 1 1 2 (2 106 ) 3 1 1 (2 7 ) 1 2 (1 6 2 9 ) 
5 4 2 1 1 (2 18 ) 1 2 (2 16 ) 3 1 1 (1 11 2 9 ) 1 2 (2 9 ) 1 1 1 (1 64 ) 2 1 1 (1 20 2 22 ) 3 1 1 (1 105 2 86 ) 1 2 (2 97 ) 
5 10 1 1 1 (1 13 ) 2 1 1 (1 67 ) 1 2 (1 90 ) 2 1 1 (1 15 2 12 ) 2 1 2 (1 15 2 17 ) 3 1 1 (1 23 2 16 ) 1 2 (1 20 ) 
5 9 3 1 1 (1 96 2 103 ) 1 2 (1 87 ) 2 1 2 (1 61 2 67 ) 1 1 1 (2 7 ) 2 1 1 (1 7 ) 1 2 (2 7 ) 3 1 1 (2 108 ) 1 2 (1 91 2 61 ) 
5 11 3 1 1 (2 50 ) 1 2 (1 45 2 38 ) 2 1 2 (1 6 2 6 ) 2 1 1 (1 93 2 96 ) 3 1 1 (1 18 ) 1 2 (1 16 2 15 ) 4 1 1 (1 40 2 30 ) 1 2 (1 33 2 23 ) 
5 10 3 1 1 (1 69 ) 1 2 (1 91 2 69 ) 3 1 1 (1 24 2 22 ) 1 2 (2 16 ) 1 1 2 (2 82 ) 1 1 2 (2 82 ) 2 1 1 (1 47 2 54 ) 
5 13 1 1 1 (1 73 ) 2 1 1 (2 109 ) 1 2 (1 78 ) 1 1 1 (2 51 ) 3 1 1 (1 23 2 29 ) 1 2 (2 22 ) 1 1 1 (2 9 ) 
5 11 1 1 1 (2 101 ) 1 1 1 (1 70 ) 2 1 1 (2 54 ) 1 2 (2 52 ) 2 1 2 (1 95 2 98 ) 1 1 2 (1 54 ) 
5 12 1 1 2 (2 50 ) 3 1 1 (1 8 ) 1 2 (1 10 2 12 ) 2 1 2 (1 44 2 80 ) 3 1 1 (1 62 2 44 ) 1 2 (2 42 ) 3 1 1 (1 90 2 66 ) 1 2 (2 89 ) 
5 5 1 1 1 (2 50 ) 4 1 1 (1 3 2 6 ) 1 2 (1 4 2 5 ) 2 1 1 (1 57 2 62 ) 3 1 1 (1 16 2 13 ) 1 2 (2 17 ) 2 1 1 (2 110 ) 1 2 (2 83 ) 