10 1 2 2
10 3 41 10 1 49 14 3 44 10 1 44
5 11 1 1 2 (2 73 ) 3 1 1 (2 89 ) 1 2 (1 70 2 80 ) 4 1 1 (1 101 2 94 ) 1 2 (1 93 2 76 ) 3 1 1 (1 68 ) 1 2 (1 68 2 83 ) 4 1 1 (1 62 2 61 ) 1 2 (1 65 2 55 ) 
5 6 2 1 1 (1 4 2 6 ) 2 1 1 (2 43 ) 1 2 (2 36 ) 2 1 1 (1 48 2 43 ) 2 1 2 (1 39 2 40 ) 4 1 1 (1 48 2 55 ) 1 2 (1 40 2 61 ) 
5 2 2 1 2 (1 42 2 35 ) 1 1 1 (1 20 ) 3 1 1 (2 23 ) 1 2 (1 24 2 25 ) 2 1 1 (1 73 2 106 ) 2 1 1 (2 65 ) 1 2 (1 50 ) 
5 5 1 1 1 (1 46 ) 3 1 1 (2 20 ) 1 2 (1 19 2 18 ) 4 1 1 (1 49 2 37 ) 1 2 (1 47 2 37 ) 3 1 1 (2 39 ) 1 2 (1 36 2 37 ) 1 1 2 (2 29 ) 
5 1 2 1 1 (1 22 ) 1 2 (1 25 ) 1 1 2 (2 68 ) 2 1 1 (1 31 2 23 ) 2 1 1 (1 21 ) 1 2 (2 24 ) 2 1 1 (2 28 ) 1 2 (2 33 ) 
5 12 2 1 2 (1 31 2 29 ) 1 1 2 (1 45 ) 2 1 2 (1 5 2 8 ) 2 1 2 (1 82 2 71 ) 3 1 1 (1 81 ) 1 2 (1 87 2 97 ) 
5 13 2 1 1 (1 39 2 48 ) 3 1 1 (1 75 2 73 ) 1 2 (2 68 ) 2 1 2 (1 33 2 39 ) 4 1 1 (1 22 2 28 ) 1 2 (1 32 2 34 ) 4 1 1 (1 14 2 16 ) 1 2 (1 10 2 15 ) 
5 10 1 1 1 (1 15 ) 4 1 1 (1 83 2 64 ) 1 2 (1 103 2 95 ) 1 1 2 (1 30 ) 1 1 1 (2 47 ) 2 1 1 (1 39 2 34 ) 
5 4 3 1 1 (2 41 ) 1 2 (1 56 2 64 ) 2 1 1 (1 80 2 93 ) 2 1 1 (2 39 ) 1 2 (1 31 ) 1 1 2 (1 39 ) 1 1 2 (1 7 ) 
5 9 3 1 1 (1 68 2 76 ) 1 2 (1 72 ) 2 1 1 (1 17 ) 1 2 (1 21 ) 2 1 1 (1 96 2 104 ) 2 1 1 (1 29 2 24 ) 2 1 2 (1 23 2 20 ) 