10 1 2 2
14 1 48 10 2 44 13 3 42 15 1 46
5 12 1 1 1 (2 23 ) 2 1 2 (1 34 2 28 ) 3 1 1 (1 79 2 79 ) 1 2 (1 69 ) 4 1 1 (1 97 2 98 ) 1 2 (1 90 2 78 ) 3 1 1 (1 30 2 34 ) 1 2 (1 35 ) 
5 11 2 1 2 (1 24 2 20 ) 2 1 2 (1 29 2 30 ) 1 1 2 (2 22 ) 3 1 1 (2 40 ) 1 2 (1 40 2 45 ) 1 1 2 (2 40 ) 
5 2 2 1 2 (1 40 2 26 ) 4 1 1 (1 52 2 62 ) 1 2 (1 42 2 50 ) 3 1 1 (1 12 2 16 ) 1 2 (2 18 ) 2 1 1 (1 52 2 42 ) 2 1 1 (1 44 2 45 ) 
5 6 2 1 2 (1 41 2 33 ) 1 1 2 (1 50 ) 4 1 1 (1 61 2 68 ) 1 2 (1 78 2 77 ) 2 1 2 (1 67 2 62 ) 2 1 1 (1 62 2 52 ) 
5 13 2 1 1 (2 44 ) 1 2 (1 60 ) 4 1 1 (1 77 2 110 ) 1 2 (1 83 2 97 ) 1 1 2 (2 60 ) 1 1 1 (1 60 ) 2 1 2 (1 25 2 34 ) 
5 3 2 1 1 (1 80 2 76 ) 3 1 1 (1 85 ) 1 2 (1 72 2 89 ) 1 1 2 (1 81 ) 3 1 1 (1 102 2 84 ) 1 2 (2 76 ) 2 1 1 (1 10 2 9 ) 
5 4 2 1 2 (1 28 2 33 ) 2 1 1 (1 19 ) 1 2 (2 20 ) 3 1 1 (2 86 ) 1 2 (1 121 2 83 ) 2 1 1 (2 19 ) 1 2 (2 19 ) 2 1 1 (1 71 2 59 ) 
5 1 2 1 1 (2 26 ) 1 2 (1 22 ) 2 1 2 (1 96 2 61 ) 2 1 2 (1 29 2 31 ) 1 1 1 (1 57 ) 2 1 1 (1 7 ) 1 2 (2 8 ) 
5 2 1 1 2 (2 56 ) 2 1 1 (1 7 ) 1 2 (2 8 ) 1 1 2 (1 63 ) 1 1 1 (2 72 ) 2 1 1 (2 35 ) 1 2 (1 34 ) 
5 2 2 1 2 (1 31 2 27 ) 2 1 1 (1 91 2 78 ) 3 1 1 (1 22 2 24 ) 1 2 (2 20 ) 1 1 2 (1 8 ) 4 1 1 (1 9 2 5 ) 1 2 (1 6 2 7 ) 