10 1 2 2
11 3 50 12 2 46 15 2 43 11 2 45
5 11 2 1 1 (1 73 ) 1 2 (1 62 ) 1 1 1 (1 104 ) 1 1 2 (1 104 ) 2 1 1 (1 87 2 62 ) 2 1 1 (1 54 2 72 ) 
5 10 1 1 1 (1 4 ) 3 1 1 (1 33 2 39 ) 1 2 (2 44 ) 2 1 1 (1 34 2 49 ) 2 1 1 (2 36 ) 1 2 (2 41 ) 2 1 2 (1 52 2 62 ) 
5 1 3 1 1 (1 49 2 44 ) 1 2 (2 44 ) 3 1 1 (1 22 2 19 ) 1 2 (1 21 ) 1 1 1 (2 17 ) 1 1 1 (2 80 ) 1 1 1 (2 60 ) 
5 3 3 1 1 (1 69 2 64 ) 1 2 (2 72 ) 3 1 1 (1 15 2 15 ) 1 2 (1 20 ) 2 1 1 (1 48 2 44 ) 2 1 2 (1 36 2 37 ) 2 1 2 (1 42 2 45 ) 
5 9 1 1 1 (1 22 ) 3 1 1 (1 72 2 76 ) 1 2 (1 80 ) 2 1 1 (1 25 2 29 ) 3 1 1 (1 22 ) 1 2 (1 21 2 31 ) 3 1 1 (2 24 ) 1 2 (1 28 2 26 ) 
5 6 3 1 1 (1 32 2 28 ) 1 2 (1 24 ) 1 1 2 (2 50 ) 1 1 1 (1 4 ) 2 1 1 (2 89 ) 1 2 (1 78 ) 3 1 1 (1 70 2 84 ) 1 2 (2 93 ) 
5 7 1 1 2 (2 47 ) 2 1 1 (1 86 2 63 ) 2 1 1 (1 38 2 36 ) 4 1 1 (1 28 2 27 ) 1 2 (1 35 2 31 ) 2 1 1 (1 9 ) 1 2 (1 9 ) 
5 5 2 1 1 (1 11 2 8 ) 1 1 2 (1 68 ) 4 1 1 (1 41 2 28 ) 1 2 (1 39 2 33 ) 1 1 2 (2 50 ) 2 1 2 (1 32 2 38 ) 
5 8 4 1 1 (1 55 2 42 ) 1 2 (1 41 2 51 ) 1 1 1 (2 94 ) 4 1 1 (1 22 2 45 ) 1 2 (1 38 2 38 ) 2 1 1 (1 49 ) 1 2 (2 52 ) 2 1 1 (1 9 2 7 ) 
5 6 1 1 2 (1 62 ) 3 1 1 (1 19 ) 1 2 (1 12 2 17 ) 1 1 2 (1 94 ) 1 1 1 (2 29 ) 2 1 1 (1 19 ) 1 2 (2 18 ) 