10 1 2 2
14 1 47 15 2 44 14 1 40 11 2 43
5 4 1 1 2 (1 21 ) 4 1 1 (1 30 2 49 ) 1 2 (1 44 2 42 ) 2 1 1 (1 75 2 88 ) 3 1 1 (1 69 ) 1 2 (1 92 2 84 ) 3 1 1 (1 42 ) 1 2 (1 43 2 41 ) 
5 11 3 1 1 (1 20 2 17 ) 1 2 (2 25 ) 4 1 1 (1 30 2 28 ) 1 2 (1 29 2 26 ) 1 1 1 (1 17 ) 4 1 1 (1 46 2 35 ) 1 2 (1 43 2 57 ) 1 1 2 (1 51 ) 
5 2 2 1 1 (1 48 2 24 ) 2 1 1 (1 48 ) 1 2 (1 44 ) 3 1 1 (2 15 ) 1 2 (1 14 2 14 ) 2 1 1 (1 45 2 52 ) 3 1 1 (2 55 ) 1 2 (1 61 2 53 ) 
5 11 2 1 2 (1 32 2 37 ) 2 1 2 (1 57 2 57 ) 3 1 1 (1 66 2 71 ) 1 2 (2 94 ) 1 1 2 (2 53 ) 1 1 2 (1 68 ) 
5 8 2 1 2 (1 74 2 66 ) 4 1 1 (1 76 2 82 ) 1 2 (1 70 2 78 ) 4 1 1 (1 67 2 59 ) 1 2 (1 61 2 50 ) 4 1 1 (1 68 2 63 ) 1 2 (1 52 2 57 ) 1 1 1 (2 34 ) 
5 1 3 1 1 (1 104 ) 1 2 (1 88 2 61 ) 3 1 1 (1 69 2 101 ) 1 2 (2 65 ) 1 1 2 (1 89 ) 4 1 1 (1 97 2 84 ) 1 2 (1 78 2 115 ) 1 1 2 (1 10 ) 
5 7 1 1 2 (1 30 ) 2 1 2 (1 18 2 19 ) 2 1 1 (1 104 2 80 ) 3 1 1 (1 22 2 22 ) 1 2 (1 19 ) 4 1 1 (1 73 2 76 ) 1 2 (1 67 2 74 ) 
5 3 2 1 1 (1 22 2 23 ) 1 1 2 (2 90 ) 1 1 2 (1 30 ) 1 1 1 (1 57 ) 3 1 1 (1 9 2 9 ) 1 2 (2 7 ) 
5 8 3 1 1 (1 63 2 55 ) 1 2 (1 74 ) 1 1 1 (1 9 ) 3 1 1 (1 48 2 47 ) 1 2 (2 69 ) 2 1 1 (1 54 ) 1 2 (2 68 ) 3 1 1 (1 47 2 40 ) 1 2 (2 41 ) 
5 7 2 1 1 (1 43 ) 1 2 (1 43 ) 2 1 1 (1 89 ) 1 2 (1 75 ) 3 1 1 (1 13 2 24 ) 1 2 (1 19 ) 3 1 1 (2 9 ) 1 2 (1 10 2 6 ) 3 1 1 (1 7 ) 1 2 (1 6 2 7 ) 