10 1 2 2
13 2 50 14 2 48 15 2 46 12 1 45
5 11 4 1 1 (1 22 2 27 ) 1 2 (1 17 2 22 ) 4 1 1 (1 44 2 45 ) 1 2 (1 46 2 56 ) 3 1 1 (1 73 2 86 ) 1 2 (1 94 ) 3 1 1 (1 72 ) 1 2 (1 82 2 87 ) 3 1 1 (1 40 2 36 ) 1 2 (2 46 ) 
5 11 3 1 1 (1 16 2 21 ) 1 2 (1 22 ) 4 1 1 (1 28 2 27 ) 1 2 (1 21 2 29 ) 1 1 1 (2 17 ) 3 1 1 (2 32 ) 1 2 (1 34 2 37 ) 4 1 1 (1 47 2 56 ) 1 2 (1 47 2 59 ) 
5 3 1 1 1 (1 31 ) 1 1 1 (2 44 ) 2 1 1 (1 15 2 18 ) 1 1 2 (1 47 ) 2 1 1 (1 59 ) 1 2 (1 56 ) 
5 10 3 1 1 (2 43 ) 1 2 (1 44 2 41 ) 2 1 1 (1 63 ) 1 2 (1 49 ) 2 1 1 (1 71 2 73 ) 3 1 1 (1 54 2 60 ) 1 2 (2 58 ) 3 1 1 (1 48 2 69 ) 1 2 (2 64 ) 
5 9 3 1 1 (1 60 ) 1 2 (1 53 2 70 ) 4 1 1 (1 84 2 96 ) 1 2 (1 76 2 78 ) 4 1 1 (1 55 2 62 ) 1 2 (1 59 2 56 ) 2 1 1 (2 63 ) 1 2 (1 58 ) 2 1 1 (1 33 ) 1 2 (1 36 ) 
5 13 3 1 1 (1 79 2 57 ) 1 2 (1 98 ) 1 1 1 (2 57 ) 3 1 1 (1 102 ) 1 2 (1 110 2 81 ) 3 1 1 (2 102 ) 1 2 (1 81 2 88 ) 3 1 1 (1 9 2 6 ) 1 2 (2 12 ) 
5 5 1 1 1 (1 34 ) 1 1 2 (2 23 ) 4 1 1 (1 84 2 86 ) 1 2 (1 114 2 101 ) 2 1 1 (1 17 2 21 ) 1 1 2 (1 60 ) 
5 10 1 1 2 (2 13 ) 2 1 2 (1 103 2 65 ) 1 1 2 (1 22 ) 2 1 1 (1 45 2 57 ) 2 1 2 (1 6 2 8 ) 
5 1 1 1 1 (1 53 ) 1 1 1 (1 6 ) 2 1 1 (1 55 ) 1 2 (2 49 ) 4 1 1 (1 63 2 81 ) 1 2 (1 59 2 75 ) 1 1 2 (1 35 ) 
5 1 3 1 1 (1 34 2 34 ) 1 2 (1 46 ) 3 1 1 (1 74 2 82 ) 1 2 (1 87 ) 4 1 1 (1 14 2 22 ) 1 2 (1 22 2 18 ) 3 1 1 (2 8 ) 1 2 (1 7 2 8 ) 4 1 1 (1 6 2 8 ) 1 2 (1 7 2 6 ) 