10 1 2 2
14 1 44 15 3 45 15 2 50 10 3 49
5 7 1 1 2 (2 15 ) 3 1 1 (2 100 ) 1 2 (1 101 2 126 ) 1 1 2 (1 98 ) 4 1 1 (1 83 2 91 ) 1 2 (1 85 2 96 ) 3 1 1 (2 7 ) 1 2 (1 5 2 7 ) 
5 1 1 1 2 (2 15 ) 1 1 1 (2 13 ) 3 1 1 (2 58 ) 1 2 (1 53 2 74 ) 1 1 1 (2 21 ) 1 1 1 (1 101 ) 
5 11 3 1 1 (1 13 2 11 ) 1 2 (2 11 ) 3 1 1 (1 96 2 70 ) 1 2 (2 87 ) 2 1 1 (1 15 2 14 ) 2 1 1 (1 17 2 17 ) 2 1 2 (1 18 2 22 ) 
5 9 2 1 1 (2 95 ) 1 2 (2 68 ) 1 1 2 (1 76 ) 4 1 1 (1 8 2 7 ) 1 2 (1 5 2 8 ) 3 1 1 (1 8 ) 1 2 (1 5 2 6 ) 3 1 1 (1 97 2 69 ) 1 2 (2 85 ) 
5 8 1 1 1 (1 57 ) 3 1 1 (1 5 2 7 ) 1 2 (2 6 ) 2 1 2 (1 106 2 72 ) 3 1 1 (1 15 2 12 ) 1 2 (2 16 ) 2 1 1 (1 30 ) 1 2 (2 32 ) 
5 10 3 1 1 (2 64 ) 1 2 (1 90 2 87 ) 2 1 1 (1 14 2 16 ) 3 1 1 (1 89 2 73 ) 1 2 (2 58 ) 3 1 1 (2 72 ) 1 2 (1 74 2 89 ) 4 1 1 (1 52 2 65 ) 1 2 (1 54 2 56 ) 
5 7 1 1 1 (1 82 ) 1 1 1 (1 83 ) 3 1 1 (1 47 2 50 ) 1 2 (1 58 ) 2 1 1 (1 23 2 27 ) 2 1 1 (1 9 2 9 ) 
5 1 1 1 2 (1 84 ) 2 1 2 (1 58 2 66 ) 1 1 2 (1 55 ) 2 1 2 (1 82 2 93 ) 3 1 1 (2 58 ) 1 2 (1 48 2 52 ) 
5 8 1 1 1 (2 53 ) 2 1 1 (1 8 2 9 ) 2 1 1 (1 53 2 71 ) 4 1 1 (1 45 2 66 ) 1 2 (1 57 2 62 ) 2 1 1 (1 100 2 85 ) 
5 1 3 1 1 (1 54 ) 1 2 (1 57 2 37 ) 1 1 2 (2 5 ) 1 1 1 (2 56 ) 1 1 2 (2 14 ) 2 1 1 (1 102 2 81 ) 