10 1 2 2
12 2 44 11 3 42 10 3 46 12 3 44
5 4 1 1 1 (1 12 ) 4 1 1 (1 87 2 90 ) 1 2 (1 103 2 96 ) 4 1 1 (1 98 2 91 ) 1 2 (1 91 2 84 ) 2 1 1 (1 93 2 75 ) 2 1 2 (1 6 2 6 ) 
5 2 1 1 2 (1 25 ) 3 1 1 (2 6 ) 1 2 (1 10 2 10 ) 2 1 2 (1 69 2 77 ) 4 1 1 (1 24 2 24 ) 1 2 (1 23 2 16 ) 4 1 1 (1 79 2 72 ) 1 2 (1 87 2 62 ) 
5 5 2 1 2 (1 14 2 16 ) 2 1 1 (1 70 ) 1 2 (1 93 ) 2 1 1 (1 18 2 12 ) 2 1 1 (1 12 2 12 ) 2 1 1 (1 19 ) 1 2 (2 20 ) 
5 2 3 1 1 (1 82 2 70 ) 1 2 (1 99 ) 1 1 1 (2 32 ) 2 1 2 (1 7 2 8 ) 2 1 1 (1 7 2 6 ) 2 1 1 (1 70 2 62 ) 
5 8 2 1 2 (1 51 2 59 ) 3 1 1 (1 6 2 5 ) 1 2 (2 7 ) 2 1 1 (1 98 2 77 ) 2 1 1 (1 13 2 18 ) 4 1 1 (1 36 2 37 ) 1 2 (1 31 2 35 ) 
5 5 1 1 2 (2 81 ) 1 1 1 (1 15 ) 1 1 2 (1 72 ) 1 1 2 (2 88 ) 2 1 2 (1 69 2 49 ) 
5 8 1 1 2 (1 73 ) 1 1 2 (2 108 ) 3 1 1 (1 34 ) 1 2 (1 46 2 63 ) 3 1 1 (1 25 ) 1 2 (1 23 2 20 ) 4 1 1 (1 10 2 8 ) 1 2 (1 9 2 9 ) 
5 9 2 1 1 (1 97 2 84 ) 2 1 2 (1 59 2 56 ) 2 1 1 (1 71 2 74 ) 2 1 2 (1 100 2 88 ) 3 1 1 (1 49 2 48 ) 1 2 (1 58 ) 
5 10 1 1 1 (2 55 ) 1 1 2 (2 8 ) 1 1 1 (1 60 ) 3 1 1 (2 38 ) 1 2 (1 52 2 60 ) 4 1 1 (1 96 2 84 ) 1 2 (1 105 2 92 ) 
5 8 4 1 1 (1 51 2 55 ) 1 2 (1 57 2 47 ) 2 1 2 (1 6 2 4 ) 2 1 2 (1 70 2 59 ) 1 1 2 (1 15 ) 2 1 1 (2 96 ) 1 2 (2 107 ) 