10 1 2 2
12 1 50 11 2 46 12 1 44 15 1 48
5 13 3 1 1 (1 13 2 12 ) 1 2 (2 12 ) 1 1 2 (2 74 ) 3 1 1 (1 102 ) 1 2 (1 73 2 83 ) 2 1 1 (1 96 ) 1 2 (1 80 ) 3 1 1 (1 7 ) 1 2 (1 9 2 8 ) 
5 8 2 1 1 (1 18 2 17 ) 3 1 1 (1 9 2 8 ) 1 2 (1 11 ) 4 1 1 (1 67 2 57 ) 1 2 (1 66 2 62 ) 3 1 1 (1 16 ) 1 2 (1 18 2 25 ) 1 1 2 (2 91 ) 
5 8 2 1 1 (1 12 2 12 ) 3 1 1 (1 80 ) 1 2 (1 64 2 91 ) 3 1 1 (1 14 2 11 ) 1 2 (1 11 ) 4 1 1 (1 15 2 19 ) 1 2 (1 14 2 15 ) 2 1 2 (1 23 2 21 ) 
5 4 1 1 1 (2 119 ) 4 1 1 (1 68 2 75 ) 1 2 (1 72 2 44 ) 3 1 1 (1 7 2 7 ) 1 2 (2 7 ) 4 1 1 (1 6 2 7 ) 1 2 (1 7 2 6 ) 2 1 1 (2 84 ) 1 2 (1 77 ) 
5 10 1 1 2 (2 43 ) 2 1 2 (1 6 2 7 ) 3 1 1 (1 76 ) 1 2 (1 85 2 97 ) 1 1 1 (2 16 ) 2 1 1 (1 43 2 28 ) 
5 2 2 1 1 (2 74 ) 1 2 (2 64 ) 1 1 2 (2 19 ) 3 1 1 (2 84 ) 1 2 (1 103 2 74 ) 3 1 1 (1 95 2 83 ) 1 2 (1 79 ) 2 1 1 (1 49 ) 1 2 (1 59 ) 
5 3 4 1 1 (1 73 2 68 ) 1 2 (1 83 2 79 ) 3 1 1 (1 78 2 85 ) 1 2 (1 105 ) 3 1 1 (2 55 ) 1 2 (1 54 2 57 ) 2 1 1 (1 31 ) 1 2 (2 21 ) 4 1 1 (1 10 2 7 ) 1 2 (1 8 2 10 ) 
5 13 1 1 2 (2 89 ) 1 1 2 (2 73 ) 2 1 1 (1 76 ) 1 2 (1 65 ) 1 1 2 (2 109 ) 2 1 1 (1 45 ) 1 2 (2 61 ) 
5 1 3 1 1 (1 41 ) 1 2 (1 55 2 62 ) 3 1 1 (2 8 ) 1 2 (1 11 2 9 ) 1 1 1 (1 61 ) 2 1 1 (1 47 ) 1 2 (2 56 ) 2 1 1 (1 103 2 82 ) 
5 10 3 1 1 (1 53 2 61 ) 1 2 (1 53 ) 2 1 1 (1 5 2 7 ) 2 1 2 (1 69 2 49 ) 3 1 1 (1 16 ) 1 2 (1 12 2 10 ) 4 1 1 (1 76 2 93 ) 1 2 (1 90 2 94 ) 