10 1 2 2
15 1 46 12 1 45 14 1 40 14 3 43
5 2 2 1 2 (1 78 2 93 ) 3 1 1 (1 76 2 79 ) 1 2 (2 95 ) 2 1 1 (2 99 ) 1 2 (2 101 ) 2 1 1 (2 56 ) 1 2 (2 62 ) 2 1 2 (1 58 2 36 ) 
5 12 4 1 1 (1 6 2 4 ) 1 2 (1 6 2 7 ) 3 1 1 (1 32 2 27 ) 1 2 (2 30 ) 2 1 1 (1 50 2 37 ) 2 1 1 (1 47 2 40 ) 2 1 1 (1 49 2 57 ) 
5 1 2 1 2 (1 42 2 37 ) 1 1 2 (1 18 ) 4 1 1 (1 22 2 27 ) 1 2 (1 16 2 18 ) 3 1 1 (2 101 ) 1 2 (1 91 2 119 ) 2 1 1 (1 62 ) 1 2 (1 38 ) 
5 4 1 1 1 (2 52 ) 2 1 2 (1 18 2 21 ) 3 1 1 (1 60 2 51 ) 1 2 (1 41 ) 1 1 1 (1 43 ) 2 1 1 (1 26 ) 1 2 (1 43 ) 
5 9 4 1 1 (1 26 2 29 ) 1 2 (1 19 2 23 ) 2 1 1 (1 83 2 81 ) 3 1 1 (2 29 ) 1 2 (1 28 2 26 ) 2 1 2 (1 19 2 20 ) 2 1 2 (1 27 2 20 ) 
5 7 1 1 1 (2 33 ) 2 1 2 (1 48 2 45 ) 3 1 1 (1 6 ) 1 2 (1 5 2 5 ) 2 1 1 (1 91 ) 1 2 (1 62 ) 1 1 1 (2 78 ) 
5 10 2 1 2 (1 53 2 55 ) 2 1 2 (1 79 2 76 ) 3 1 1 (2 45 ) 1 2 (1 44 2 46 ) 2 1 1 (1 28 2 27 ) 3 1 1 (2 13 ) 1 2 (1 13 2 13 ) 
5 3 2 1 1 (1 11 2 11 ) 3 1 1 (1 86 2 86 ) 1 2 (2 82 ) 1 1 2 (1 25 ) 3 1 1 (1 65 2 35 ) 1 2 (2 66 ) 1 1 2 (1 36 ) 
5 8 3 1 1 (1 54 2 58 ) 1 2 (1 55 ) 3 1 1 (1 92 ) 1 2 (1 78 2 88 ) 4 1 1 (1 42 2 55 ) 1 2 (1 38 2 47 ) 1 1 2 (2 48 ) 1 1 2 (2 7 ) 
5 6 1 1 2 (1 65 ) 3 1 1 (1 18 ) 1 2 (1 22 2 12 ) 4 1 1 (1 103 2 87 ) 1 2 (1 110 2 78 ) 1 1 2 (1 28 ) 2 1 2 (1 26 2 20 ) 