15 2 1 3
15 0 3 0 45 0 15 0 1 0 40 0 10 0 2 0 43 0
15 0 3 0 45 0 15 0 1 0 40 0 10 0 2 0 43 0
5 10 2 2 1 (2 46 3 56 ) 3 1 1 (1 53 2 55 3 42 ) 3 1 1 (1 68 2 66 3 70 ) 2 1 1 (1 96 2 100 ) 6 1 1 (1 15 2 11 3 10 ) 2 1 (1 14 2 14 3 17 ) 
5 1 3 1 1 (1 78 ) 2 1 (2 66 3 78 ) 4 1 1 (1 47 2 63 3 56 ) 2 1 (1 58 ) 4 1 1 (2 21 3 18 ) 2 1 (1 22 2 24 ) 1 2 1 (2 69 ) 3 1 1 (1 71 2 62 3 76 ) 
5 5 3 2 1 (1 30 2 29 3 33 ) 3 1 1 (1 31 2 29 3 38 ) 2 1 1 (1 66 3 84 ) 4 1 1 (1 32 2 31 ) 2 1 (1 33 2 30 ) 3 1 1 (1 55 2 65 ) 2 1 (3 72 ) 
5 10 3 2 1 (1 49 2 49 3 52 ) 4 1 1 (3 35 ) 2 1 (1 39 2 34 3 48 ) 2 1 1 (2 54 ) 2 1 (1 45 ) 2 1 1 (1 55 2 62 ) 4 1 1 (1 47 2 46 ) 2 1 (1 55 3 31 ) 
5 7 1 2 1 (2 21 ) 5 1 1 (2 51 3 37 ) 2 1 (1 52 2 39 3 42 ) 2 1 1 (1 42 3 58 ) 5 1 1 (1 19 2 17 3 16 ) 2 1 (1 20 2 17 ) 2 2 1 (1 8 3 8 ) 
5 8 1 2 1 (1 13 ) 6 1 1 (1 42 2 48 3 38 ) 2 1 (1 41 2 46 3 40 ) 6 1 1 (1 115 2 90 3 88 ) 2 1 (1 102 2 79 3 98 ) 5 1 1 (1 37 2 42 3 28 ) 2 1 (1 36 2 36 ) 3 2 1 (1 58 2 59 3 59 ) 
5 4 1 2 1 (1 59 ) 2 1 1 (2 43 3 38 ) 2 1 1 (3 50 ) 2 1 (3 59 ) 5 1 1 (1 21 2 16 ) 2 1 (1 18 2 19 3 20 ) 2 1 1 (1 56 2 40 ) 
5 9 5 1 1 (1 58 3 62 ) 2 1 (1 54 2 59 3 55 ) 3 2 1 (1 39 2 34 3 25 ) 5 1 1 (2 85 3 99 ) 2 1 (1 104 2 88 3 87 ) 3 2 1 (1 59 2 48 3 63 ) 1 2 1 (2 24 ) 
5 9 4 1 1 (1 49 3 57 ) 2 1 (1 60 2 55 ) 2 1 1 (1 96 ) 2 1 (2 88 ) 1 2 1 (3 93 ) 2 2 1 (2 94 3 102 ) 5 1 1 (1 67 2 51 3 70 ) 2 1 (1 73 3 67 ) 
5 9 3 2 1 (1 11 2 13 3 13 ) 1 1 1 (1 26 ) 3 1 1 (1 74 ) 2 1 (1 78 3 60 ) 1 2 1 (2 37 ) 1 2 1 (2 66 ) 
5 6 2 1 1 (1 93 3 71 ) 3 1 1 (1 92 2 70 3 94 ) 2 1 1 (1 22 2 21 ) 5 1 1 (1 48 3 31 ) 2 1 (1 38 2 42 3 41 ) 2 1 1 (2 28 3 44 ) 
5 11 5 1 1 (2 58 3 49 ) 2 1 (1 50 2 55 3 60 ) 1 1 1 (2 19 ) 1 2 1 (1 14 ) 6 1 1 (1 35 2 31 3 29 ) 2 1 (1 31 2 49 3 46 ) 3 1 1 (2 30 ) 2 1 (1 29 3 30 ) 
5 8 2 2 1 (1 18 3 17 ) 3 2 1 (1 60 2 67 3 40 ) 2 1 1 (1 54 2 51 ) 6 1 1 (1 51 2 50 3 33 ) 2 1 (1 34 2 34 3 38 ) 5 1 1 (2 53 3 52 ) 2 1 (1 59 2 32 3 59 ) 
5 5 5 1 1 (1 44 2 36 ) 2 1 (1 33 2 42 3 34 ) 1 1 1 (2 30 ) 3 1 1 (1 53 ) 2 1 (1 51 2 68 ) 5 1 1 (1 83 2 53 3 95 ) 2 1 (1 60 3 80 ) 1 2 1 (3 62 ) 
5 3 2 1 1 (1 48 ) 2 1 (2 48 ) 6 1 1 (1 69 2 70 3 65 ) 2 1 (1 69 2 77 3 54 ) 2 1 1 (1 83 3 90 ) 4 1 1 (1 20 2 34 3 25 ) 2 1 (2 29 ) 2 1 1 (1 103 ) 2 1 (1 67 ) 