15 2 1 3
14 0 1 0 40 0 13 0 2 0 50 0 11 0 1 0 44 0
14 0 1 0 40 0 13 0 2 0 50 0 11 0 1 0 44 0
5 5 2 2 1 (1 42 3 45 ) 3 1 1 (2 41 ) 2 1 (2 69 3 49 ) 2 2 1 (1 60 2 76 ) 2 1 1 (2 102 ) 2 1 (2 98 ) 1 1 1 (3 14 ) 
5 9 1 2 1 (2 77 ) 4 1 1 (1 56 2 75 3 58 ) 2 1 (2 73 ) 2 1 1 (1 20 2 26 ) 4 1 1 (3 84 ) 2 1 (1 99 2 83 3 71 ) 1 2 1 (3 70 ) 
5 12 1 2 1 (3 29 ) 4 1 1 (1 24 3 31 ) 2 1 (1 31 2 32 ) 4 1 1 (1 80 2 67 3 64 ) 2 1 (2 65 ) 4 1 1 (2 42 3 30 ) 2 1 (2 23 3 33 ) 3 2 1 (1 56 2 41 3 65 ) 
5 1 4 1 1 (2 61 ) 2 1 (1 49 2 50 3 34 ) 3 1 1 (1 31 2 42 3 23 ) 3 2 1 (1 52 2 58 3 51 ) 2 1 1 (1 58 ) 2 1 (1 47 ) 3 1 1 (1 57 2 50 3 35 ) 
5 13 1 1 1 (3 29 ) 2 1 1 (1 34 ) 2 1 (3 43 ) 3 1 1 (1 62 3 50 ) 2 1 (3 46 ) 2 2 1 (1 17 3 16 ) 3 1 1 (1 8 2 8 3 9 ) 
5 11 5 1 1 (1 16 2 17 3 17 ) 2 1 (1 16 2 15 ) 6 1 1 (1 40 2 34 3 44 ) 2 1 (1 33 2 38 3 41 ) 1 2 1 (2 84 ) 2 2 1 (2 46 3 44 ) 5 1 1 (1 75 2 72 3 72 ) 2 1 (2 47 3 59 ) 
5 2 3 1 1 (1 52 2 59 3 50 ) 4 1 1 (1 37 2 45 3 40 ) 2 1 (1 39 ) 3 1 1 (1 65 3 58 ) 2 1 (1 65 ) 5 1 1 (1 23 2 18 ) 2 1 (1 24 2 20 3 21 ) 1 2 1 (3 46 ) 
5 12 4 1 1 (1 49 3 56 ) 2 1 (1 50 3 44 ) 4 1 1 (1 23 2 29 ) 2 1 (1 34 3 25 ) 6 1 1 (1 87 2 80 3 61 ) 2 1 (1 76 2 60 3 74 ) 3 1 1 (2 45 3 62 ) 2 1 (2 55 ) 4 1 1 (1 20 2 25 3 19 ) 2 1 (1 19 ) 
5 7 3 1 1 (1 51 2 66 3 55 ) 3 2 1 (1 111 2 87 3 94 ) 2 1 1 (1 97 3 107 ) 6 1 1 (1 94 2 79 3 72 ) 2 1 (1 108 2 84 3 88 ) 2 1 1 (1 42 3 63 ) 
5 12 4 1 1 (1 14 2 12 3 13 ) 2 1 (2 11 ) 3 2 1 (1 18 2 21 3 23 ) 4 1 1 (3 75 ) 2 1 (1 82 2 62 3 78 ) 1 1 1 (3 28 ) 2 2 1 (2 59 3 62 ) 
5 3 5 1 1 (2 60 3 70 ) 2 1 (1 79 2 52 3 105 ) 1 1 1 (1 62 ) 4 1 1 (1 25 2 23 3 26 ) 2 1 (1 28 ) 6 1 1 (1 43 2 25 3 56 ) 2 1 (1 46 2 39 3 41 ) 2 1 1 (1 47 2 58 ) 
5 10 3 2 1 (1 36 2 31 3 62 ) 2 2 1 (1 22 3 21 ) 6 1 1 (1 14 2 16 3 14 ) 2 1 (1 18 2 14 3 15 ) 3 1 1 (1 50 2 54 3 47 ) 4 1 1 (1 33 ) 2 1 (1 26 2 29 3 27 ) 
5 9 2 2 1 (2 13 3 20 ) 3 1 1 (2 55 3 47 ) 2 1 (2 57 ) 1 2 1 (3 63 ) 2 2 1 (2 41 3 40 ) 2 2 1 (2 55 3 43 ) 
5 9 1 1 1 (3 30 ) 4 1 1 (1 50 2 55 3 63 ) 2 1 (3 57 ) 3 1 1 (1 62 ) 2 1 (1 65 3 59 ) 1 1 1 (2 75 ) 2 1 1 (1 60 ) 2 1 (3 50 ) 
5 1 5 1 1 (2 51 3 54 ) 2 1 (1 44 2 61 3 52 ) 2 2 1 (1 72 2 60 ) 3 1 1 (1 80 2 95 3 86 ) 5 1 1 (1 24 2 31 3 31 ) 2 1 (1 37 3 26 ) 2 2 1 (1 63 2 65 ) 