15 2 1 3
14 0 1 0 47 0 12 0 3 0 43 0 13 0 3 0 47 0
14 0 1 0 47 0 12 0 3 0 43 0 13 0 3 0 47 0
5 11 2 1 1 (2 16 3 22 ) 6 1 1 (1 33 2 31 3 28 ) 2 1 (1 38 2 40 3 30 ) 5 1 1 (1 97 2 82 3 85 ) 2 1 (1 106 2 80 ) 2 1 1 (3 59 ) 2 1 (1 68 ) 4 1 1 (1 67 ) 2 1 (1 34 2 49 3 60 ) 
5 11 3 1 1 (1 46 2 52 3 30 ) 3 1 1 (1 18 2 17 3 16 ) 1 1 1 (3 64 ) 1 2 1 (3 34 ) 1 2 1 (2 21 ) 
5 6 2 2 1 (2 31 3 32 ) 2 2 1 (1 13 3 10 ) 4 1 1 (1 41 2 47 3 50 ) 2 1 (1 40 ) 3 2 1 (1 32 2 44 3 44 ) 1 2 1 (2 90 ) 
5 1 6 1 1 (1 96 2 77 3 104 ) 2 1 (1 97 2 77 3 61 ) 1 1 1 (2 85 ) 4 1 1 (1 76 2 80 3 90 ) 2 1 (1 97 ) 6 1 1 (1 46 2 46 3 36 ) 2 1 (1 62 2 63 3 59 ) 3 2 1 (1 59 2 69 3 70 ) 
5 9 1 1 1 (1 41 ) 4 1 1 (2 30 ) 2 1 (1 31 2 37 3 27 ) 4 1 1 (1 54 2 73 ) 2 1 (1 70 3 54 ) 6 1 1 (1 21 2 20 3 16 ) 2 1 (1 21 2 21 3 20 ) 2 1 1 (2 86 3 84 ) 
5 1 5 1 1 (1 37 2 39 3 47 ) 2 1 (1 40 3 50 ) 1 2 1 (3 58 ) 6 1 1 (1 116 2 95 3 140 ) 2 1 (1 106 2 73 3 61 ) 4 1 1 (1 58 3 67 ) 2 1 (1 71 2 54 ) 1 2 1 (3 79 ) 
5 8 1 1 1 (3 98 ) 2 1 1 (2 66 3 84 ) 2 1 1 (3 91 ) 2 1 (2 83 ) 1 1 1 (1 70 ) 3 1 1 (1 63 2 72 3 88 ) 
5 3 4 1 1 (1 73 2 69 ) 2 1 (1 67 3 65 ) 2 1 1 (1 42 3 43 ) 4 1 1 (3 43 ) 2 1 (1 39 2 41 3 48 ) 4 1 1 (1 75 3 73 ) 2 1 (1 79 3 81 ) 6 1 1 (1 23 2 23 3 24 ) 2 1 (1 26 2 32 3 30 ) 
5 10 1 1 1 (1 107 ) 3 2 1 (1 16 2 14 3 16 ) 1 2 1 (1 23 ) 3 2 1 (1 38 2 36 3 47 ) 3 1 1 (2 46 3 40 ) 2 1 (2 56 ) 
5 5 4 1 1 (1 101 2 93 3 106 ) 2 1 (2 104 ) 2 1 1 (2 71 ) 2 1 (1 79 ) 3 1 1 (3 72 ) 2 1 (2 97 3 67 ) 4 1 1 (1 75 3 69 ) 2 1 (1 68 3 89 ) 4 1 1 (2 40 ) 2 1 (1 44 2 44 3 50 ) 
5 3 4 1 1 (1 24 2 29 ) 2 1 (1 36 3 27 ) 3 1 1 (1 34 2 43 3 31 ) 3 2 1 (1 90 2 101 3 103 ) 2 1 1 (1 73 ) 2 1 (2 66 ) 1 2 1 (1 7 ) 
5 13 2 2 1 (1 52 2 53 ) 6 1 1 (1 8 2 9 3 11 ) 2 1 (1 12 2 11 3 8 ) 2 1 1 (1 85 ) 2 1 (1 121 ) 1 2 1 (2 10 ) 4 1 1 (2 31 ) 2 1 (1 43 2 32 3 34 ) 
5 2 2 1 1 (2 51 3 80 ) 6 1 1 (1 16 2 17 3 16 ) 2 1 (1 15 2 16 3 15 ) 5 1 1 (1 89 2 88 3 114 ) 2 1 (2 93 3 106 ) 2 1 1 (2 37 3 64 ) 4 1 1 (2 50 ) 2 1 (1 48 2 49 3 59 ) 
5 2 2 1 1 (1 43 3 37 ) 1 1 1 (1 49 ) 3 1 1 (1 31 3 26 ) 2 1 (1 26 ) 1 1 1 (1 29 ) 1 1 1 (3 45 ) 
5 12 5 1 1 (1 95 3 79 ) 2 1 (1 98 2 83 3 95 ) 5 1 1 (1 44 2 45 ) 2 1 (1 54 2 34 3 56 ) 4 1 1 (1 42 2 27 3 42 ) 2 1 (1 44 ) 6 1 1 (1 10 2 10 3 10 ) 2 1 (1 9 2 8 3 8 ) 5 1 1 (1 39 2 52 3 44 ) 2 1 (2 36 3 41 ) 