15 2 1 3
15 0 2 0 47 0 14 0 1 0 46 0 14 0 2 0 43 0
15 0 2 0 47 0 14 0 1 0 46 0 14 0 2 0 43 0
5 8 2 2 1 (1 21 2 24 ) 6 1 1 (1 29 2 32 3 34 ) 2 1 (1 38 2 32 3 38 ) 2 1 1 (2 92 3 88 ) 6 1 1 (1 54 2 65 3 50 ) 2 1 (1 53 2 50 3 53 ) 5 1 1 (1 59 2 47 3 67 ) 2 1 (2 48 3 47 ) 
5 8 5 1 1 (1 65 2 58 ) 2 1 (1 60 2 59 3 62 ) 5 1 1 (1 17 3 14 ) 2 1 (1 17 2 13 3 19 ) 4 1 1 (2 60 3 67 ) 2 1 (1 77 3 66 ) 3 1 1 (1 29 3 26 ) 2 1 (1 28 ) 2 1 1 (3 20 ) 2 1 (3 22 ) 
5 12 3 2 1 (1 24 2 37 3 33 ) 4 1 1 (3 12 ) 2 1 (1 13 2 11 3 12 ) 3 1 1 (2 34 3 46 ) 2 1 (3 44 ) 5 1 1 (1 48 2 32 ) 2 1 (1 39 2 40 3 43 ) 2 1 1 (2 69 3 77 ) 
5 1 5 1 1 (1 53 3 66 ) 2 1 (1 90 2 74 3 97 ) 4 1 1 (1 77 ) 2 1 (1 88 2 51 3 77 ) 5 1 1 (1 71 2 80 3 83 ) 2 1 (2 101 3 89 ) 2 2 1 (1 56 2 53 ) 4 1 1 (3 73 ) 2 1 (1 65 2 47 3 80 ) 
5 5 2 1 1 (1 31 2 31 ) 4 1 1 (1 32 2 31 3 31 ) 2 1 (3 39 ) 4 1 1 (1 62 ) 2 1 (1 60 2 72 3 75 ) 1 2 1 (3 21 ) 4 1 1 (3 93 ) 2 1 (1 96 2 88 3 77 ) 
5 10 4 1 1 (1 41 2 47 ) 2 1 (1 52 3 47 ) 3 1 1 (2 61 ) 2 1 (2 51 3 53 ) 1 1 1 (1 81 ) 3 1 1 (1 73 2 50 3 64 ) 5 1 1 (1 87 2 94 ) 2 1 (1 77 2 83 3 71 ) 
5 6 1 2 1 (3 89 ) 6 1 1 (1 87 2 59 3 64 ) 2 1 (1 62 2 71 3 72 ) 3 2 1 (1 105 2 71 3 86 ) 4 1 1 (1 66 ) 2 1 (1 69 2 57 3 84 ) 1 2 1 (2 82 ) 
5 10 4 1 1 (2 70 ) 2 1 (1 59 2 74 3 65 ) 5 1 1 (1 43 2 40 ) 2 1 (1 45 2 43 3 36 ) 3 2 1 (1 31 2 38 3 23 ) 4 1 1 (1 99 ) 2 1 (1 80 2 96 3 90 ) 2 1 1 (1 23 2 18 ) 
5 2 1 1 1 (2 86 ) 5 1 1 (1 14 3 13 ) 2 1 (1 18 2 17 3 13 ) 1 2 1 (2 24 ) 2 1 1 (1 38 2 49 ) 6 1 1 (1 52 2 55 3 52 ) 2 1 (1 45 2 49 3 49 ) 
5 13 5 1 1 (1 97 2 113 3 101 ) 2 1 (1 110 3 109 ) 3 1 1 (1 61 2 86 3 83 ) 3 1 1 (1 76 2 82 3 73 ) 4 1 1 (1 77 2 75 3 87 ) 2 1 (3 59 ) 4 1 1 (1 50 2 32 3 43 ) 2 1 (3 39 ) 
5 8 3 2 1 (1 25 2 26 3 25 ) 4 1 1 (2 31 ) 2 1 (1 32 2 34 3 34 ) 3 2 1 (1 87 2 93 3 92 ) 5 1 1 (1 82 2 72 ) 2 1 (1 74 2 69 3 101 ) 3 1 1 (2 7 ) 2 1 (2 5 3 7 ) 
5 10 1 1 1 (3 62 ) 5 1 1 (1 7 2 11 ) 2 1 (1 10 2 10 3 11 ) 5 1 1 (2 102 3 98 ) 2 1 (1 80 2 110 3 75 ) 2 2 1 (2 10 3 9 ) 4 1 1 (1 39 ) 2 1 (1 32 2 30 3 34 ) 
5 7 1 2 1 (1 61 ) 1 1 1 (3 13 ) 2 1 1 (3 91 ) 2 1 (3 75 ) 4 1 1 (1 69 2 75 3 56 ) 2 1 (2 50 ) 3 2 1 (1 42 2 40 3 41 ) 
5 8 2 1 1 (1 40 3 42 ) 3 1 1 (1 54 ) 2 1 (2 42 3 58 ) 1 2 1 (3 25 ) 2 1 1 (1 25 ) 2 1 (2 28 ) 3 1 1 (1 45 2 40 3 55 ) 
5 1 1 2 1 (1 101 ) 2 2 1 (1 47 3 49 ) 3 2 1 (1 24 2 36 3 41 ) 1 1 1 (1 8 ) 4 1 1 (1 34 2 21 ) 2 1 (1 27 2 30 ) 