15 2 1 3
14 0 1 0 42 0 12 0 3 0 41 0 11 0 3 0 44 0
14 0 1 0 42 0 12 0 3 0 41 0 11 0 3 0 44 0
5 5 2 2 1 (1 36 2 54 ) 2 2 1 (1 51 2 60 ) 1 2 1 (2 72 ) 3 1 1 (1 101 2 97 3 103 ) 4 1 1 (1 14 2 13 ) 2 1 (1 15 3 12 ) 
5 7 3 1 1 (3 78 ) 2 1 (1 41 3 75 ) 4 1 1 (1 58 2 71 3 57 ) 2 1 (3 49 ) 2 1 1 (1 20 3 24 ) 2 2 1 (2 57 3 74 ) 1 1 1 (3 82 ) 
5 13 4 1 1 (1 36 2 30 3 35 ) 2 1 (1 27 ) 3 2 1 (1 27 2 35 3 34 ) 4 1 1 (1 63 2 85 3 77 ) 2 1 (1 63 ) 3 1 1 (3 24 ) 2 1 (1 24 3 33 ) 4 1 1 (1 55 2 55 3 64 ) 2 1 (1 40 ) 
5 3 1 1 1 (3 49 ) 1 2 1 (3 37 ) 2 1 1 (2 35 3 49 ) 2 1 1 (1 60 2 50 ) 2 2 1 (1 48 3 45 ) 
5 3 5 1 1 (1 32 2 26 ) 2 1 (1 25 2 29 3 26 ) 6 1 1 (1 52 2 48 3 37 ) 2 1 (1 33 2 45 3 40 ) 3 1 1 (2 44 3 61 ) 2 1 (1 53 ) 3 2 1 (1 15 2 17 3 19 ) 3 2 1 (1 9 2 8 3 9 ) 
5 7 3 1 1 (1 18 2 15 3 16 ) 4 1 1 (1 49 2 45 3 37 ) 2 1 (1 33 ) 1 2 1 (2 70 ) 2 2 1 (1 35 3 34 ) 3 2 1 (1 64 2 67 3 62 ) 
5 13 1 2 1 (3 73 ) 2 1 1 (3 38 ) 2 1 (1 56 ) 5 1 1 (1 47 2 52 3 55 ) 2 1 (1 55 3 48 ) 3 2 1 (1 16 2 16 3 18 ) 3 1 1 (1 54 2 57 3 50 ) 
5 3 3 1 1 (2 43 3 58 ) 2 1 (1 63 ) 3 1 1 (1 37 2 26 3 22 ) 1 2 1 (1 78 ) 3 2 1 (1 67 2 57 3 72 ) 3 1 1 (1 18 2 22 3 22 ) 
5 11 1 1 1 (3 58 ) 1 2 1 (3 59 ) 5 1 1 (1 98 2 107 3 96 ) 2 1 (1 97 3 66 ) 2 1 1 (2 65 3 69 ) 3 1 1 (3 56 ) 2 1 (1 64 3 51 ) 
5 6 4 1 1 (2 15 ) 2 1 (1 13 2 19 3 16 ) 4 1 1 (1 24 3 17 ) 2 1 (2 22 3 25 ) 1 1 1 (1 73 ) 4 1 1 (1 24 2 37 ) 2 1 (1 28 2 37 ) 3 1 1 (1 71 ) 2 1 (1 74 3 78 ) 
5 10 1 1 1 (1 105 ) 2 2 1 (1 76 2 90 ) 2 1 1 (2 25 ) 2 1 (1 23 ) 4 1 1 (2 50 3 41 ) 2 1 (2 46 3 38 ) 3 1 1 (1 39 2 35 3 30 ) 
5 7 3 1 1 (1 46 3 56 ) 2 1 (1 55 ) 2 2 1 (1 26 2 21 ) 6 1 1 (1 16 2 19 3 19 ) 2 1 (1 23 2 21 3 15 ) 4 1 1 (1 31 2 36 3 38 ) 2 1 (1 47 ) 3 2 1 (1 29 2 27 3 23 ) 
5 9 5 1 1 (1 17 2 17 ) 2 1 (1 20 2 13 3 16 ) 3 1 1 (1 59 2 67 3 54 ) 3 1 1 (1 44 2 61 3 36 ) 1 2 1 (2 33 ) 2 1 1 (3 65 ) 2 1 (2 62 ) 
5 12 3 1 1 (1 38 2 42 ) 2 1 (1 42 ) 4 1 1 (1 45 3 55 ) 2 1 (2 47 3 54 ) 5 1 1 (2 64 3 56 ) 2 1 (1 52 2 56 3 62 ) 3 1 1 (2 73 3 92 ) 2 1 (3 66 ) 1 1 1 (1 67 ) 
5 7 5 1 1 (2 74 3 55 ) 2 1 (1 65 2 64 3 70 ) 2 1 1 (2 44 3 59 ) 3 1 1 (1 81 3 89 ) 2 1 (2 75 ) 4 1 1 (1 24 2 33 3 35 ) 2 1 (3 25 ) 4 1 1 (1 72 2 59 ) 2 1 (2 76 3 86 ) 