15 2 1 3
14 0 3 0 44 0 14 0 2 0 49 0 11 0 2 0 48 0
14 0 3 0 44 0 14 0 2 0 49 0 11 0 2 0 48 0
5 1 2 2 1 (1 18 2 21 ) 4 1 1 (1 34 2 39 3 42 ) 2 1 (3 30 ) 6 1 1 (1 92 2 112 3 74 ) 2 1 (1 111 2 89 3 84 ) 2 1 1 (1 53 2 32 ) 3 1 1 (1 46 2 46 ) 2 1 (1 58 ) 
5 2 3 1 1 (1 51 2 50 3 46 ) 2 1 1 (1 16 2 16 ) 2 1 1 (2 72 3 82 ) 1 1 1 (1 21 ) 2 1 1 (1 21 ) 2 1 (2 21 ) 
5 8 5 1 1 (1 27 2 34 ) 2 1 (1 30 2 29 3 27 ) 3 1 1 (2 12 3 12 ) 2 1 (2 13 ) 1 1 1 (1 30 ) 1 2 1 (3 39 ) 1 1 1 (2 107 ) 
5 10 4 1 1 (1 73 2 86 3 78 ) 2 1 (2 88 ) 1 1 1 (1 75 ) 1 2 1 (1 80 ) 2 1 1 (1 57 3 49 ) 1 2 1 (1 52 ) 
5 2 2 2 1 (2 32 3 42 ) 5 1 1 (1 28 3 23 ) 2 1 (1 39 2 39 3 34 ) 3 1 1 (2 57 3 67 ) 2 1 (1 60 ) 3 1 1 (3 20 ) 2 1 (2 22 3 21 ) 1 2 1 (2 100 ) 
5 12 3 1 1 (2 34 ) 2 1 (2 47 3 31 ) 1 2 1 (2 60 ) 3 1 1 (2 107 ) 2 1 (1 94 3 100 ) 6 1 1 (1 48 2 60 3 60 ) 2 1 (1 65 2 50 3 80 ) 3 2 1 (1 88 2 85 3 52 ) 
5 13 1 2 1 (1 99 ) 6 1 1 (1 88 2 89 3 51 ) 2 1 (1 61 2 68 3 73 ) 4 1 1 (1 93 2 94 3 80 ) 2 1 (2 75 ) 3 1 1 (1 84 2 98 3 85 ) 5 1 1 (1 92 2 83 3 77 ) 2 1 (1 91 2 71 ) 
5 10 5 1 1 (2 52 3 57 ) 2 1 (1 61 2 52 3 61 ) 3 1 1 (1 47 ) 2 1 (1 41 3 40 ) 3 1 1 (1 31 2 35 3 39 ) 2 1 1 (1 83 ) 2 1 (1 63 ) 2 2 1 (1 26 3 25 ) 
5 2 5 1 1 (1 90 2 88 3 80 ) 2 1 (1 108 2 89 ) 1 2 1 (2 19 ) 5 1 1 (1 26 2 23 ) 2 1 (1 33 2 27 3 22 ) 4 1 1 (2 41 3 36 ) 2 1 (1 47 3 45 ) 5 1 1 (1 63 2 55 ) 2 1 (1 67 2 62 3 45 ) 
5 9 2 1 1 (1 85 2 99 ) 2 1 1 (1 76 3 68 ) 1 2 1 (3 92 ) 1 2 1 (1 74 ) 1 1 1 (3 51 ) 
5 11 6 1 1 (1 26 2 20 3 26 ) 2 1 (1 25 2 29 3 23 ) 4 1 1 (1 31 3 35 ) 2 1 (2 38 3 40 ) 3 1 1 (1 112 2 118 ) 2 1 (3 76 ) 2 1 1 (3 77 ) 2 1 (3 79 ) 3 1 1 (1 6 2 8 ) 2 1 (2 5 ) 
5 10 3 2 1 (1 78 2 72 3 58 ) 6 1 1 (1 11 2 8 3 8 ) 2 1 (1 14 2 10 3 11 ) 3 1 1 (1 94 2 87 3 81 ) 3 1 1 (1 9 2 8 ) 2 1 (1 9 ) 3 1 1 (1 40 3 42 ) 2 1 (1 29 ) 
5 13 2 2 1 (1 61 3 47 ) 6 1 1 (1 16 2 13 3 19 ) 2 1 (1 19 2 16 3 15 ) 1 2 1 (2 102 ) 2 1 1 (3 47 ) 2 1 (2 53 ) 1 2 1 (3 46 ) 
5 13 4 1 1 (1 44 3 48 ) 2 1 (2 43 3 38 ) 1 1 1 (1 59 ) 3 1 1 (1 30 2 32 3 30 ) 3 1 1 (1 27 2 17 3 21 ) 3 1 1 (1 48 ) 2 1 (1 46 2 62 ) 
5 3 3 1 1 (2 71 3 97 ) 2 1 (2 94 ) 4 1 1 (2 39 ) 2 1 (1 53 2 59 3 49 ) 2 2 1 (1 44 3 39 ) 2 1 1 (2 9 3 11 ) 3 1 1 (1 35 2 50 3 43 ) 