15 2 1 3
10 0 2 0 46 0 11 0 1 0 42 0 10 0 2 0 49 0
10 0 2 0 46 0 11 0 1 0 42 0 10 0 2 0 49 0
5 3 5 1 1 (1 20 3 23 ) 2 1 (1 20 2 23 3 21 ) 6 1 1 (1 35 2 45 3 30 ) 2 1 (1 33 2 41 3 34 ) 2 2 1 (2 136 3 65 ) 3 1 1 (1 60 2 55 3 56 ) 2 1 1 (2 43 3 62 ) 
5 7 4 1 1 (1 65 2 45 3 39 ) 2 1 (1 60 ) 2 2 1 (1 15 2 17 ) 3 1 1 (1 66 3 69 ) 2 1 (1 86 ) 3 1 1 (1 26 2 33 3 18 ) 2 1 1 (1 22 ) 2 1 (2 17 ) 
5 10 1 2 1 (2 31 ) 3 2 1 (1 7 2 11 3 12 ) 3 1 1 (1 47 2 36 3 35 ) 3 2 1 (1 42 2 44 3 39 ) 2 1 1 (3 92 ) 2 1 (1 79 ) 
5 4 1 2 1 (3 72 ) 4 1 1 (2 69 3 60 ) 2 1 (1 87 2 82 ) 2 1 1 (1 78 3 74 ) 1 1 1 (1 65 ) 4 1 1 (1 66 3 64 ) 2 1 (1 59 2 70 ) 
5 10 2 1 1 (1 41 3 45 ) 4 1 1 (3 31 ) 2 1 (1 29 2 34 3 37 ) 5 1 1 (1 46 2 51 3 65 ) 2 1 (1 58 2 70 ) 3 2 1 (1 22 2 14 3 18 ) 2 2 1 (1 78 2 82 ) 
5 8 1 2 1 (1 44 ) 4 1 1 (1 60 2 59 3 69 ) 2 1 (2 43 ) 5 1 1 (1 59 2 94 ) 2 1 (1 83 2 98 3 111 ) 5 1 1 (1 78 3 67 ) 2 1 (1 77 2 74 3 57 ) 4 1 1 (1 56 ) 2 1 (1 75 2 72 3 75 ) 
5 2 1 1 1 (2 119 ) 5 1 1 (1 79 2 73 3 63 ) 2 1 (2 54 3 62 ) 4 1 1 (2 84 ) 2 1 (1 97 2 70 3 99 ) 5 1 1 (1 67 2 77 3 77 ) 2 1 (1 84 3 55 ) 3 2 1 (1 108 2 83 3 105 ) 
5 2 2 2 1 (2 63 3 61 ) 2 2 1 (2 32 3 45 ) 2 1 1 (1 31 3 43 ) 3 1 1 (1 87 2 83 3 78 ) 2 2 1 (1 20 3 20 ) 
5 7 5 1 1 (1 79 2 88 ) 2 1 (1 97 2 117 3 80 ) 4 1 1 (2 13 ) 2 1 (1 20 2 15 3 14 ) 1 2 1 (2 27 ) 3 1 1 (2 47 ) 2 1 (1 42 3 51 ) 2 1 1 (1 56 3 42 ) 
5 1 1 1 1 (1 85 ) 1 1 1 (1 70 ) 1 1 1 (2 80 ) 2 1 1 (1 82 3 64 ) 4 1 1 (1 43 2 47 ) 2 1 (1 34 2 48 ) 
5 3 2 1 1 (1 27 3 29 ) 1 1 1 (2 32 ) 3 1 1 (2 110 3 101 ) 2 1 (3 93 ) 3 1 1 (1 82 2 84 3 80 ) 1 1 1 (1 8 ) 
5 5 4 1 1 (3 62 ) 2 1 (1 60 2 53 3 65 ) 4 1 1 (1 6 ) 2 1 (1 7 2 5 3 8 ) 1 2 1 (2 123 ) 2 1 1 (1 9 ) 2 1 (1 9 ) 3 1 1 (3 31 ) 2 1 (1 31 2 43 ) 
5 3 2 2 1 (2 63 3 49 ) 2 2 1 (1 13 3 18 ) 3 1 1 (2 85 3 76 ) 2 1 (3 108 ) 3 1 1 (1 58 2 59 3 68 ) 1 1 1 (1 46 ) 
5 10 2 2 1 (1 43 2 39 ) 4 1 1 (3 55 ) 2 1 (1 46 2 56 3 49 ) 2 1 1 (2 29 3 25 ) 3 1 1 (1 30 2 16 3 32 ) 4 1 1 (1 41 2 42 3 47 ) 2 1 (2 43 ) 
5 11 3 1 1 (1 83 ) 2 1 (2 85 3 72 ) 1 2 1 (1 47 ) 2 2 1 (1 40 2 34 ) 5 1 1 (2 9 3 9 ) 2 1 (1 8 2 8 3 9 ) 2 1 1 (1 47 3 45 ) 