10 1 2 2
14 1 42 14 1 48 15 1 44 12 1 40
5 4 3 1 1 (1 49 2 65 ) 1 2 (2 55 ) 3 1 1 (1 77 2 64 ) 1 2 (2 80 ) 2 1 1 (1 105 ) 1 2 (1 92 ) 2 1 2 (1 54 2 77 ) 1 1 2 (1 65 ) 
5 6 2 1 1 (2 6 ) 1 2 (2 5 ) 1 1 1 (1 33 ) 1 1 2 (1 36 ) 4 1 1 (1 48 2 34 ) 1 2 (1 42 2 36 ) 3 1 1 (1 62 ) 1 2 (1 66 2 56 ) 
5 10 4 1 1 (1 45 2 48 ) 1 2 (1 51 2 50 ) 3 1 1 (1 26 2 21 ) 1 2 (1 19 ) 2 1 2 (1 26 2 26 ) 1 1 2 (2 89 ) 1 1 2 (1 55 ) 
5 2 2 1 2 (1 70 2 48 ) 3 1 1 (1 17 2 16 ) 1 2 (2 29 ) 2 1 1 (1 49 ) 1 2 (2 39 ) 1 1 1 (2 37 ) 4 1 1 (1 38 2 26 ) 1 2 (1 20 2 24 ) 
5 11 3 1 1 (2 26 ) 1 2 (1 26 2 19 ) 2 1 2 (1 95 2 71 ) 2 1 2 (1 30 2 33 ) 4 1 1 (1 26 2 23 ) 1 2 (1 25 2 22 ) 2 1 2 (1 27 2 28 ) 
5 4 3 1 1 (1 25 2 25 ) 1 2 (2 34 ) 2 1 2 (1 46 2 43 ) 2 1 1 (2 5 ) 1 2 (2 5 ) 2 1 1 (1 85 ) 1 2 (1 88 ) 4 1 1 (1 93 2 58 ) 1 2 (1 84 2 91 ) 
5 2 3 1 1 (1 55 2 46 ) 1 2 (1 70 ) 2 1 1 (1 69 2 84 ) 4 1 1 (1 33 2 28 ) 1 2 (1 21 2 35 ) 3 1 1 (2 25 ) 1 2 (1 25 2 34 ) 1 1 2 (2 10 ) 
5 13 3 1 1 (1 11 2 11 ) 1 2 (1 11 ) 3 1 1 (1 70 2 74 ) 1 2 (1 96 ) 2 1 1 (1 32 ) 1 2 (1 35 ) 2 1 2 (1 51 2 61 ) 3 1 1 (1 50 2 26 ) 1 2 (2 31 ) 
5 11 2 1 1 (1 41 ) 1 2 (2 45 ) 1 1 1 (2 95 ) 1 1 2 (2 28 ) 1 1 2 (1 54 ) 2 1 2 (1 7 2 6 ) 
5 2 2 1 1 (1 68 2 70 ) 4 1 1 (1 14 2 18 ) 1 2 (1 18 2 16 ) 2 1 2 (1 68 2 71 ) 3 1 1 (1 24 2 23 ) 1 2 (2 21 ) 3 1 1 (2 27 ) 1 2 (1 23 2 19 ) 