15 2 1 3
11 0 2 0 40 0 15 0 1 0 46 0 12 0 2 0 41 0
11 0 2 0 40 0 15 0 1 0 46 0 12 0 2 0 41 0
5 12 4 1 1 (3 62 ) 2 1 (1 72 2 91 3 76 ) 3 1 1 (1 79 2 109 3 89 ) 6 1 1 (1 13 2 12 3 10 ) 2 1 (1 14 2 13 3 11 ) 2 1 1 (1 77 2 71 ) 1 2 1 (3 5 ) 
5 11 3 2 1 (1 22 2 12 3 21 ) 2 1 1 (2 22 3 9 ) 4 1 1 (1 99 2 86 ) 2 1 (1 68 3 80 ) 3 2 1 (1 10 2 13 3 10 ) 4 1 1 (1 73 2 65 3 60 ) 2 1 (1 39 ) 
5 2 3 1 1 (1 15 2 11 3 12 ) 1 1 1 (1 13 ) 3 1 1 (1 82 2 80 3 77 ) 1 1 1 (2 18 ) 2 1 1 (1 22 3 20 ) 
5 5 2 1 1 (1 105 ) 2 1 (2 113 ) 3 1 1 (1 66 ) 2 1 (1 52 2 49 ) 1 1 1 (1 8 ) 6 1 1 (1 72 2 49 3 86 ) 2 1 (1 102 2 87 3 64 ) 1 1 1 (3 7 ) 
5 1 3 1 1 (2 39 3 27 ) 2 1 (3 37 ) 3 2 1 (1 104 2 90 3 85 ) 4 1 1 (2 8 ) 2 1 (1 8 2 5 3 5 ) 3 1 1 (1 39 2 51 3 44 ) 1 2 1 (1 14 ) 
5 2 6 1 1 (1 91 2 102 3 87 ) 2 1 (1 87 2 88 3 108 ) 3 1 1 (1 83 2 77 3 64 ) 3 1 1 (1 25 2 20 ) 2 1 (2 21 ) 3 1 1 (1 65 ) 2 1 (2 55 3 55 ) 4 1 1 (1 70 3 72 ) 2 1 (1 84 3 88 ) 
5 12 3 2 1 (1 10 2 8 3 8 ) 3 1 1 (1 20 2 30 3 26 ) 3 2 1 (1 48 2 46 3 52 ) 4 1 1 (1 104 ) 2 1 (1 88 2 93 3 74 ) 2 1 1 (1 70 2 65 ) 
5 5 1 1 1 (3 72 ) 5 1 1 (1 46 2 34 3 43 ) 2 1 (1 55 3 44 ) 2 1 1 (1 47 2 61 ) 1 1 1 (1 96 ) 6 1 1 (1 100 2 85 3 73 ) 2 1 (1 100 2 96 3 100 ) 
5 3 3 1 1 (1 78 2 101 ) 2 1 (1 89 ) 2 1 1 (2 68 3 60 ) 6 1 1 (1 11 2 9 3 8 ) 2 1 (1 10 2 8 3 9 ) 5 1 1 (1 54 2 70 3 62 ) 2 1 (2 61 3 76 ) 3 1 1 (1 52 2 60 3 68 ) 
5 9 2 1 1 (1 4 2 6 ) 1 2 1 (1 59 ) 1 1 1 (2 63 ) 2 1 1 (1 85 3 91 ) 3 2 1 (1 17 2 18 3 14 ) 
5 10 5 1 1 (2 48 3 44 ) 2 1 (1 34 2 31 3 40 ) 2 1 1 (1 42 ) 2 1 (1 39 ) 6 1 1 (1 86 2 80 3 83 ) 2 1 (1 72 2 92 3 81 ) 1 2 1 (2 47 ) 3 1 1 (3 27 ) 2 1 (2 18 3 23 ) 
5 6 1 1 1 (3 39 ) 3 1 1 (1 69 2 62 3 63 ) 4 1 1 (3 99 ) 2 1 (1 84 2 102 3 89 ) 1 1 1 (3 55 ) 3 1 1 (1 69 2 49 3 72 ) 
5 12 6 1 1 (1 45 2 39 3 48 ) 2 1 (1 39 2 56 3 46 ) 2 2 1 (1 121 2 93 ) 5 1 1 (1 63 2 52 3 62 ) 2 1 (1 54 2 56 ) 5 1 1 (1 26 2 26 ) 2 1 (1 25 2 24 3 23 ) 4 1 1 (2 7 3 7 ) 2 1 (2 7 3 6 ) 
5 12 4 1 1 (1 23 3 32 ) 2 1 (1 34 2 38 ) 3 1 1 (2 74 ) 2 1 (2 62 3 68 ) 5 1 1 (1 26 2 21 3 22 ) 2 1 (2 22 3 22 ) 3 1 1 (1 38 2 31 3 36 ) 1 1 1 (2 17 ) 
5 2 4 1 1 (1 75 2 79 ) 2 1 (2 106 3 119 ) 2 1 1 (2 67 ) 2 1 (1 57 ) 1 2 1 (1 69 ) 4 1 1 (3 8 ) 2 1 (1 7 2 8 3 8 ) 6 1 1 (1 85 2 83 3 103 ) 2 1 (1 97 2 95 3 71 ) 