15 2 1 3
10 0 2 0 40 0 13 0 1 0 49 0 14 0 3 0 48 0
10 0 2 0 40 0 13 0 1 0 49 0 14 0 3 0 48 0
5 5 2 1 1 (2 56 ) 2 1 (1 36 ) 4 1 1 (1 58 3 68 ) 2 1 (1 39 3 69 ) 2 1 1 (1 68 3 73 ) 3 2 1 (1 122 2 112 3 82 ) 3 1 1 (1 17 2 13 3 16 ) 
5 5 3 2 1 (1 72 2 65 3 80 ) 2 1 1 (1 67 2 59 ) 3 2 1 (1 20 2 23 3 21 ) 3 2 1 (1 91 2 95 3 85 ) 3 1 1 (1 56 3 76 ) 2 1 (1 69 ) 
5 10 3 1 1 (2 21 3 33 ) 2 1 (1 32 ) 6 1 1 (1 26 2 30 3 28 ) 2 1 (1 35 2 27 3 30 ) 3 1 1 (1 76 2 57 ) 2 1 (2 66 ) 5 1 1 (1 37 2 36 3 25 ) 2 1 (1 26 3 34 ) 5 1 1 (1 64 3 75 ) 2 1 (1 53 2 42 3 63 ) 
5 12 1 2 1 (3 34 ) 4 1 1 (3 35 ) 2 1 (1 35 2 31 3 35 ) 3 1 1 (1 39 2 44 ) 2 1 (1 70 ) 1 1 1 (3 57 ) 3 1 1 (1 52 2 57 3 49 ) 
5 9 5 1 1 (1 31 2 28 3 32 ) 2 1 (1 31 2 23 ) 2 2 1 (2 52 3 55 ) 2 1 1 (2 59 3 67 ) 3 1 1 (1 22 2 15 3 12 ) 5 1 1 (1 8 2 9 3 9 ) 2 1 (1 9 2 8 ) 
5 4 5 1 1 (1 12 2 22 3 15 ) 2 1 (1 16 3 18 ) 3 1 1 (2 29 ) 2 1 (1 52 3 31 ) 3 2 1 (1 85 2 72 3 91 ) 3 2 1 (1 46 2 43 3 36 ) 3 1 1 (1 61 2 59 3 52 ) 
5 1 4 1 1 (2 66 ) 2 1 (1 56 2 62 3 58 ) 3 1 1 (1 28 2 37 3 47 ) 2 1 1 (3 58 ) 2 1 (1 44 ) 3 1 1 (1 21 ) 2 1 (1 18 3 20 ) 2 2 1 (2 31 3 59 ) 
5 3 4 1 1 (1 40 ) 2 1 (1 48 2 53 3 53 ) 4 1 1 (1 38 2 44 ) 2 1 (1 34 2 31 ) 4 1 1 (1 64 ) 2 1 (1 68 2 84 3 92 ) 1 1 1 (1 71 ) 6 1 1 (1 22 2 22 3 18 ) 2 1 (1 22 2 18 3 19 ) 
5 13 2 1 1 (1 61 2 50 ) 2 1 1 (1 85 2 66 ) 4 1 1 (1 89 2 71 3 98 ) 2 1 (3 87 ) 5 1 1 (2 71 3 111 ) 2 1 (1 52 2 60 3 73 ) 5 1 1 (1 86 3 63 ) 2 1 (1 51 2 42 3 66 ) 
5 6 1 2 1 (3 15 ) 4 1 1 (1 22 2 16 3 21 ) 2 1 (1 17 ) 1 2 1 (2 82 ) 2 1 1 (2 28 3 26 ) 2 1 1 (2 78 ) 2 1 (2 80 ) 
5 11 2 2 1 (2 106 3 69 ) 2 1 1 (3 76 ) 2 1 (2 52 ) 2 1 1 (2 24 3 21 ) 2 2 1 (2 30 3 44 ) 1 1 1 (1 41 ) 
5 6 3 1 1 (1 30 2 44 ) 2 1 (3 51 ) 5 1 1 (1 19 2 25 ) 2 1 (1 18 2 24 3 20 ) 2 1 1 (3 17 ) 2 1 (3 18 ) 2 1 1 (3 44 ) 2 1 (2 46 ) 3 1 1 (1 31 2 19 3 23 ) 
5 10 1 2 1 (1 16 ) 5 1 1 (1 59 2 38 3 57 ) 2 1 (2 47 3 65 ) 1 1 1 (2 57 ) 1 1 1 (2 40 ) 4 1 1 (2 48 3 57 ) 2 1 (2 59 3 53 ) 
5 3 3 1 1 (1 38 2 43 3 35 ) 4 1 1 (1 53 2 59 3 49 ) 2 1 (2 53 ) 3 2 1 (1 47 2 62 3 44 ) 4 1 1 (2 55 ) 2 1 (1 57 2 78 3 90 ) 5 1 1 (1 78 3 67 ) 2 1 (1 73 2 62 3 69 ) 
5 9 1 1 1 (2 59 ) 4 1 1 (1 64 2 48 3 64 ) 2 1 (2 58 ) 3 2 1 (1 78 2 74 3 86 ) 1 1 1 (3 21 ) 3 1 1 (1 71 ) 2 1 (1 58 2 89 ) 