15 2 1 3
13 0 1 0 41 0 15 0 1 0 44 0 10 0 3 0 46 0
13 0 1 0 41 0 15 0 1 0 44 0 10 0 3 0 46 0
5 9 4 1 1 (1 73 2 44 ) 2 1 (1 61 3 64 ) 4 1 1 (1 73 2 66 3 68 ) 2 1 (1 71 ) 2 1 1 (1 72 3 95 ) 3 1 1 (3 62 ) 2 1 (2 68 3 53 ) 2 1 1 (1 23 2 22 ) 
5 1 4 1 1 (1 62 2 62 3 60 ) 2 1 (1 59 ) 2 1 1 (3 78 ) 2 1 (2 56 ) 2 1 1 (2 41 3 39 ) 2 1 1 (2 12 3 14 ) 3 1 1 (2 27 ) 2 1 (1 29 2 27 ) 
5 12 2 1 1 (1 91 ) 2 1 (3 95 ) 4 1 1 (1 66 2 87 3 94 ) 2 1 (1 63 ) 3 1 1 (1 62 2 62 3 83 ) 2 1 1 (1 63 2 56 ) 2 1 1 (1 44 2 34 ) 
5 12 1 2 1 (2 14 ) 4 1 1 (1 68 3 45 ) 2 1 (1 63 2 54 ) 2 1 1 (2 42 3 52 ) 5 1 1 (1 93 2 82 3 58 ) 2 1 (2 56 3 91 ) 2 1 1 (1 40 3 42 ) 
5 5 4 1 1 (1 88 2 109 3 119 ) 2 1 (2 60 ) 2 2 1 (1 73 3 50 ) 3 1 1 (1 41 3 49 ) 2 1 (1 35 ) 1 2 1 (3 96 ) 5 1 1 (1 83 2 85 3 85 ) 2 1 (2 62 3 62 ) 
5 6 2 2 1 (1 73 2 58 ) 3 1 1 (2 30 ) 2 1 (1 33 3 23 ) 5 1 1 (1 46 2 41 3 67 ) 2 1 (1 40 3 40 ) 4 1 1 (1 26 2 22 ) 2 1 (2 30 3 27 ) 3 1 1 (1 39 2 52 3 48 ) 
5 12 3 1 1 (1 10 ) 2 1 (1 7 2 10 ) 3 2 1 (1 19 2 20 3 18 ) 3 1 1 (3 60 ) 2 1 (2 72 3 83 ) 3 1 1 (1 10 2 8 3 13 ) 4 1 1 (2 57 3 60 ) 2 1 (2 54 3 62 ) 
5 8 2 1 1 (2 76 3 71 ) 3 2 1 (1 69 2 122 3 79 ) 2 1 1 (1 112 3 111 ) 5 1 1 (1 39 2 35 3 37 ) 2 1 (2 42 3 33 ) 3 1 1 (3 90 ) 2 1 (1 81 3 62 ) 
5 4 6 1 1 (1 104 2 97 3 101 ) 2 1 (1 85 2 95 3 78 ) 3 2 1 (1 49 2 56 3 52 ) 2 1 1 (2 59 ) 2 1 (1 45 ) 3 1 1 (2 52 3 78 ) 2 1 (1 60 ) 2 2 1 (2 109 3 69 ) 
5 13 3 1 1 (1 33 2 46 3 39 ) 3 2 1 (1 52 2 79 3 96 ) 4 1 1 (1 29 2 27 ) 2 1 (2 27 3 33 ) 2 1 1 (1 87 2 89 ) 3 1 1 (1 57 2 57 3 67 ) 
5 12 3 2 1 (1 43 2 58 3 44 ) 1 2 1 (1 38 ) 3 2 1 (1 54 2 67 3 69 ) 2 1 1 (2 73 3 63 ) 1 2 1 (3 101 ) 
5 8 5 1 1 (1 17 3 20 ) 2 1 (1 12 2 18 3 20 ) 3 1 1 (1 17 2 23 3 21 ) 5 1 1 (1 50 2 66 ) 2 1 (1 61 2 58 3 84 ) 4 1 1 (2 133 ) 2 1 (1 91 2 89 3 98 ) 3 1 1 (1 40 2 56 ) 2 1 (3 55 ) 
5 6 5 1 1 (2 42 3 36 ) 2 1 (1 32 2 37 3 51 ) 3 1 1 (2 71 ) 2 1 (2 64 3 85 ) 4 1 1 (3 89 ) 2 1 (1 83 2 90 3 63 ) 3 1 1 (1 109 3 111 ) 2 1 (2 99 ) 3 1 1 (1 70 3 95 ) 2 1 (2 62 ) 
5 13 2 1 1 (3 69 ) 2 1 (2 59 ) 3 1 1 (3 9 ) 2 1 (1 8 2 10 ) 1 1 1 (3 7 ) 3 2 1 (1 12 2 14 3 10 ) 2 2 1 (1 110 2 125 ) 
5 2 3 2 1 (1 30 2 38 3 30 ) 3 1 1 (1 83 ) 2 1 (2 93 3 99 ) 2 1 1 (2 23 3 17 ) 5 1 1 (1 62 3 81 ) 2 1 (1 58 2 51 3 87 ) 3 2 1 (1 52 2 23 3 34 ) 