15 2 1 3
13 0 1 0 46 0 12 0 1 0 48 0 10 0 2 0 45 0
13 0 1 0 46 0 12 0 1 0 48 0 10 0 2 0 45 0
5 10 2 1 1 (1 76 3 80 ) 3 2 1 (1 85 2 106 3 93 ) 5 1 1 (1 73 2 75 ) 2 1 (1 97 2 94 3 78 ) 3 1 1 (1 72 2 57 3 58 ) 2 1 1 (2 18 3 19 ) 
5 4 2 1 1 (1 66 ) 2 1 (2 45 ) 3 2 1 (1 69 2 43 3 60 ) 4 1 1 (1 59 2 51 3 45 ) 2 1 (3 48 ) 5 1 1 (2 13 3 10 ) 2 1 (1 14 2 12 3 17 ) 4 1 1 (1 23 2 19 3 28 ) 2 1 (2 29 ) 
5 1 1 1 1 (3 110 ) 3 2 1 (1 81 2 88 3 85 ) 5 1 1 (1 69 2 50 3 67 ) 2 1 (2 97 3 73 ) 4 1 1 (3 57 ) 2 1 (1 72 2 39 3 56 ) 3 1 1 (1 44 2 35 ) 2 1 (1 46 ) 
5 9 2 1 1 (1 14 3 17 ) 3 1 1 (1 66 ) 2 1 (1 79 3 93 ) 3 1 1 (2 61 3 45 ) 2 1 (2 74 ) 3 2 1 (1 97 2 63 3 58 ) 2 1 1 (3 58 ) 2 1 (3 47 ) 
5 8 1 1 1 (1 74 ) 2 2 1 (1 53 2 55 ) 3 1 1 (1 25 2 43 3 35 ) 1 2 1 (1 93 ) 3 1 1 (1 73 ) 2 1 (1 82 3 71 ) 
5 13 1 1 1 (3 62 ) 5 1 1 (1 23 2 27 3 29 ) 2 1 (1 27 2 26 ) 4 1 1 (3 48 ) 2 1 (1 33 2 45 3 45 ) 1 1 1 (3 29 ) 4 1 1 (1 53 2 49 3 54 ) 2 1 (3 54 ) 
5 5 2 1 1 (1 13 2 9 ) 4 1 1 (1 16 2 20 ) 2 1 (1 22 2 17 ) 2 2 1 (1 63 2 53 ) 4 1 1 (1 10 2 9 3 11 ) 2 1 (1 10 ) 4 1 1 (3 81 ) 2 1 (1 50 2 49 3 71 ) 
5 9 4 1 1 (1 71 2 72 3 50 ) 2 1 (2 71 ) 2 1 1 (2 100 3 91 ) 4 1 1 (1 89 2 99 3 94 ) 2 1 (3 102 ) 4 1 1 (3 32 ) 2 1 (1 35 2 49 3 34 ) 1 2 1 (1 97 ) 
5 1 3 2 1 (1 87 2 121 3 94 ) 3 2 1 (1 48 2 56 3 50 ) 2 1 1 (3 70 ) 2 1 (2 76 ) 2 1 1 (3 71 ) 2 1 (2 64 ) 3 1 1 (1 84 2 88 ) 2 1 (2 75 ) 
5 4 3 1 1 (1 42 3 44 ) 2 1 (2 38 ) 3 1 1 (1 99 2 77 3 81 ) 2 2 1 (1 26 3 25 ) 4 1 1 (3 95 ) 2 1 (1 65 2 66 3 85 ) 3 1 1 (1 57 ) 2 1 (1 69 3 61 ) 
5 5 6 1 1 (1 45 2 46 3 63 ) 2 1 (1 47 2 43 3 42 ) 4 1 1 (1 43 2 40 3 49 ) 2 1 (3 44 ) 5 1 1 (2 53 3 47 ) 2 1 (1 59 2 64 3 74 ) 3 1 1 (1 68 2 74 3 63 ) 3 2 1 (1 82 2 101 3 89 ) 
5 11 3 1 1 (1 15 3 20 ) 2 1 (3 16 ) 4 1 1 (3 26 ) 2 1 (1 23 2 20 3 24 ) 6 1 1 (1 71 2 70 3 65 ) 2 1 (1 79 2 60 3 68 ) 3 2 1 (1 93 2 113 3 90 ) 2 2 1 (2 65 3 57 ) 
5 8 4 1 1 (1 34 2 40 ) 2 1 (1 39 3 31 ) 4 1 1 (1 81 2 82 ) 2 1 (1 91 2 71 ) 2 2 1 (2 85 3 79 ) 2 1 1 (1 112 3 99 ) 2 1 1 (1 68 3 69 ) 
5 6 1 1 1 (2 65 ) 4 1 1 (1 8 2 9 ) 2 1 (1 9 3 8 ) 2 1 1 (1 8 2 6 ) 1 1 1 (3 14 ) 3 1 1 (2 125 3 100 ) 2 1 (3 95 ) 
5 4 5 1 1 (1 41 2 36 3 43 ) 2 1 (1 43 3 39 ) 4 1 1 (1 80 2 77 ) 2 1 (2 86 3 79 ) 1 2 1 (3 16 ) 1 2 1 (2 82 ) 3 1 1 (1 40 ) 2 1 (1 46 2 40 ) 