15 2 1 3
12 0 3 0 44 0 14 0 2 0 45 0 10 0 1 0 49 0
12 0 3 0 44 0 14 0 2 0 45 0 10 0 1 0 49 0
5 4 3 1 1 (1 66 2 53 3 82 ) 1 2 1 (1 95 ) 4 1 1 (2 76 ) 2 1 (1 62 2 78 3 92 ) 2 1 1 (2 47 3 70 ) 2 1 1 (2 17 3 20 ) 
5 6 4 1 1 (1 61 2 68 ) 2 1 (1 48 3 48 ) 5 1 1 (2 83 3 77 ) 2 1 (1 58 2 91 3 53 ) 2 1 1 (3 37 ) 2 1 (1 52 ) 4 1 1 (2 12 3 13 ) 2 1 (1 12 3 13 ) 1 1 1 (1 30 ) 
5 8 4 1 1 (2 86 ) 2 1 (1 72 2 71 3 78 ) 3 2 1 (1 78 2 72 3 85 ) 1 2 1 (1 75 ) 2 1 1 (1 47 3 55 ) 4 1 1 (1 42 2 39 3 41 ) 2 1 (2 40 ) 
5 6 3 1 1 (3 17 ) 2 1 (1 11 3 14 ) 4 1 1 (2 60 3 69 ) 2 1 (2 56 3 65 ) 3 1 1 (1 66 ) 2 1 (1 42 3 58 ) 1 2 1 (3 58 ) 5 1 1 (1 53 2 34 3 44 ) 2 1 (1 38 3 46 ) 
5 4 2 1 1 (1 79 3 102 ) 1 2 1 (1 41 ) 5 1 1 (1 50 2 42 3 33 ) 2 1 (1 42 2 46 ) 2 2 1 (1 81 3 86 ) 4 1 1 (2 93 3 68 ) 2 1 (1 87 3 83 ) 
5 7 2 1 1 (2 44 ) 2 1 (2 62 ) 3 1 1 (3 32 ) 2 1 (1 33 3 33 ) 2 1 1 (1 48 ) 2 1 (3 31 ) 5 1 1 (1 26 3 22 ) 2 1 (1 24 2 21 3 35 ) 3 1 1 (2 55 3 57 ) 2 1 (1 39 ) 
5 12 3 2 1 (1 10 2 7 3 15 ) 4 1 1 (1 14 3 20 ) 2 1 (1 18 2 18 ) 5 1 1 (1 84 2 72 3 72 ) 2 1 (2 63 3 74 ) 4 1 1 (1 15 2 13 3 12 ) 2 1 (3 7 ) 1 1 1 (2 68 ) 
5 12 5 1 1 (2 79 3 75 ) 2 1 (1 55 2 61 3 71 ) 3 1 1 (1 114 2 104 3 113 ) 4 1 1 (1 72 2 81 3 99 ) 2 1 (3 95 ) 3 2 1 (1 42 2 33 3 34 ) 4 1 1 (1 87 2 89 3 79 ) 2 1 (1 78 ) 
5 9 3 1 1 (1 115 2 81 3 123 ) 1 2 1 (2 49 ) 4 1 1 (1 71 2 60 3 48 ) 2 1 (3 53 ) 3 1 1 (1 74 3 63 ) 2 1 (3 76 ) 2 1 1 (1 91 3 91 ) 
5 9 1 2 1 (3 47 ) 3 2 1 (1 102 2 106 3 83 ) 2 1 1 (1 27 2 33 ) 5 1 1 (1 80 3 102 ) 2 1 (1 87 2 98 3 69 ) 2 2 1 (1 67 3 69 ) 
5 13 4 1 1 (1 42 2 49 3 58 ) 2 1 (2 59 ) 6 1 1 (1 45 2 29 3 42 ) 2 1 (1 36 2 39 3 60 ) 4 1 1 (1 69 ) 2 1 (1 46 2 60 3 59 ) 2 2 1 (2 66 3 77 ) 1 2 1 (2 83 ) 
5 6 3 2 1 (1 16 2 20 3 13 ) 2 2 1 (1 25 3 21 ) 3 2 1 (1 56 2 61 3 99 ) 5 1 1 (1 126 3 82 ) 2 1 (1 117 2 92 3 122 ) 3 1 1 (1 52 2 42 3 49 ) 
5 11 1 2 1 (3 40 ) 4 1 1 (1 84 2 81 3 49 ) 2 1 (1 54 ) 3 2 1 (1 79 2 70 3 52 ) 2 1 1 (2 93 ) 2 1 (1 121 ) 1 2 1 (1 57 ) 
5 7 5 1 1 (1 64 3 47 ) 2 1 (1 60 2 47 3 60 ) 4 1 1 (1 9 2 8 3 10 ) 2 1 (3 11 ) 6 1 1 (1 7 2 6 3 7 ) 2 1 (1 7 2 7 3 7 ) 1 2 1 (3 14 ) 5 1 1 (1 81 3 114 ) 2 1 (1 86 2 75 3 108 ) 
5 13 3 2 1 (1 25 2 46 3 44 ) 2 1 1 (1 102 3 92 ) 4 1 1 (3 17 ) 2 1 (1 24 2 17 3 21 ) 2 1 1 (2 77 3 88 ) 2 1 1 (1 43 ) 2 1 (3 43 ) 