15 2 1 3
15 0 3 0 42 0 14 0 1 0 41 0 13 0 2 0 48 0
15 0 3 0 42 0 14 0 1 0 41 0 13 0 2 0 48 0
5 7 3 1 1 (1 52 2 54 3 52 ) 3 1 1 (1 49 2 29 3 20 ) 5 1 1 (2 5 3 4 ) 2 1 (1 4 2 4 3 5 ) 2 1 1 (1 9 2 7 ) 3 1 1 (1 63 ) 2 1 (2 56 3 79 ) 
5 1 6 1 1 (1 97 2 86 3 68 ) 2 1 (1 92 2 91 3 98 ) 3 1 1 (1 96 ) 2 1 (1 57 2 59 ) 2 2 1 (1 93 2 91 ) 1 1 1 (1 67 ) 3 2 1 (1 88 2 68 3 82 ) 
5 9 1 1 1 (2 88 ) 4 1 1 (1 60 ) 2 1 (1 91 2 93 3 100 ) 5 1 1 (1 90 2 69 3 65 ) 2 1 (2 92 3 102 ) 1 1 1 (2 34 ) 3 1 1 (1 74 3 94 ) 2 1 (1 92 ) 
5 8 4 1 1 (1 62 2 66 3 64 ) 2 1 (3 57 ) 6 1 1 (1 22 2 25 3 18 ) 2 1 (1 19 2 22 3 19 ) 3 1 1 (1 33 2 33 3 19 ) 3 1 1 (1 14 2 15 3 18 ) 4 1 1 (2 74 ) 2 1 (1 71 2 85 3 53 ) 
5 2 4 1 1 (1 53 ) 2 1 (1 51 2 37 3 38 ) 2 2 1 (2 39 3 48 ) 4 1 1 (1 57 ) 2 1 (1 41 2 59 3 36 ) 5 1 1 (1 60 2 86 3 67 ) 2 1 (1 53 3 57 ) 1 2 1 (3 68 ) 
5 13 1 2 1 (3 35 ) 2 2 1 (1 103 3 79 ) 1 1 1 (2 87 ) 3 1 1 (1 11 2 10 ) 2 1 (3 10 ) 4 1 1 (3 24 ) 2 1 (1 20 2 23 3 23 ) 
5 10 6 1 1 (1 96 2 82 3 69 ) 2 1 (1 102 2 126 3 83 ) 1 1 1 (3 67 ) 2 1 1 (1 49 3 60 ) 2 1 1 (2 19 ) 2 1 (1 19 ) 5 1 1 (1 10 2 4 3 6 ) 2 1 (1 8 2 7 ) 
5 5 1 1 1 (1 38 ) 1 1 1 (1 48 ) 2 1 1 (1 62 3 79 ) 4 1 1 (1 32 ) 2 1 (1 34 2 36 3 34 ) 4 1 1 (3 11 ) 2 1 (1 13 2 10 3 11 ) 
5 2 5 1 1 (1 62 3 66 ) 2 1 (1 70 2 62 3 73 ) 1 2 1 (3 86 ) 5 1 1 (1 44 2 61 3 50 ) 2 1 (1 46 3 50 ) 3 1 1 (1 74 2 74 3 95 ) 5 1 1 (2 88 3 86 ) 2 1 (1 95 2 85 3 107 ) 
5 5 4 1 1 (2 64 3 74 ) 2 1 (2 69 3 67 ) 2 1 1 (1 19 3 23 ) 5 1 1 (2 12 3 13 ) 2 1 (1 17 2 15 3 17 ) 4 1 1 (1 13 2 13 ) 2 1 (2 14 3 11 ) 3 1 1 (1 76 3 70 ) 2 1 (3 57 ) 
5 3 1 2 1 (2 49 ) 2 1 1 (1 114 3 101 ) 1 2 1 (3 70 ) 2 1 1 (1 32 2 32 ) 2 1 1 (1 55 ) 2 1 (1 64 ) 
5 6 1 1 1 (1 84 ) 3 1 1 (1 49 2 44 3 60 ) 1 1 1 (2 105 ) 4 1 1 (1 8 2 8 3 7 ) 2 1 (2 8 ) 2 1 1 (1 84 3 58 ) 
5 3 2 1 1 (2 24 3 23 ) 5 1 1 (1 85 2 99 3 97 ) 2 1 (2 93 3 91 ) 3 1 1 (3 48 ) 2 1 (2 90 3 59 ) 5 1 1 (1 7 2 7 ) 2 1 (1 7 2 6 3 6 ) 3 2 1 (1 88 2 125 3 90 ) 
5 4 3 2 1 (1 86 2 109 3 95 ) 1 1 1 (3 54 ) 1 2 1 (1 38 ) 6 1 1 (1 23 2 30 3 26 ) 2 1 (1 25 2 24 3 21 ) 2 2 1 (1 49 3 45 ) 
5 6 1 2 1 (1 72 ) 4 1 1 (3 31 ) 2 1 (1 41 2 38 3 28 ) 3 1 1 (1 35 2 39 3 36 ) 5 1 1 (1 12 2 18 3 13 ) 2 1 (2 11 3 15 ) 4 1 1 (3 9 ) 2 1 (1 9 2 8 3 9 ) 