15 2 1 3
14 0 1 0 46 0 10 0 1 0 47 0 15 0 1 0 48 0
14 0 1 0 46 0 10 0 1 0 47 0 15 0 1 0 48 0
5 8 4 1 1 (1 40 2 52 3 64 ) 2 1 (3 47 ) 2 2 1 (2 45 3 34 ) 4 1 1 (2 5 ) 2 1 (1 6 2 7 3 5 ) 5 1 1 (1 10 2 10 3 8 ) 2 1 (1 8 3 9 ) 4 1 1 (1 45 3 55 ) 2 1 (1 56 3 58 ) 
5 2 3 1 1 (3 67 ) 2 1 (1 88 3 107 ) 3 1 1 (1 77 2 73 3 109 ) 2 2 1 (2 97 3 76 ) 2 1 1 (1 89 2 55 ) 3 1 1 (1 59 2 85 3 89 ) 
5 8 5 1 1 (1 63 2 90 3 69 ) 2 1 (1 90 3 89 ) 4 1 1 (1 66 2 68 ) 2 1 (2 89 3 97 ) 5 1 1 (2 58 3 76 ) 2 1 (1 70 2 90 3 65 ) 4 1 1 (1 40 3 39 ) 2 1 (1 37 2 34 ) 1 1 1 (1 78 ) 
5 1 3 1 1 (2 38 ) 2 1 (1 61 2 61 ) 4 1 1 (2 21 ) 2 1 (1 26 2 18 3 20 ) 3 1 1 (1 32 ) 2 1 (1 24 3 32 ) 3 1 1 (1 14 2 15 3 19 ) 2 1 1 (2 75 3 70 ) 
5 10 1 2 1 (1 54 ) 6 1 1 (1 41 2 43 3 43 ) 2 1 (1 42 2 28 3 30 ) 2 1 1 (1 52 ) 2 1 (2 44 ) 1 2 1 (1 51 ) 1 2 1 (3 86 ) 
5 5 2 2 1 (1 30 3 37 ) 5 1 1 (1 98 2 72 3 86 ) 2 1 (2 84 3 67 ) 5 1 1 (2 73 3 94 ) 2 1 (1 77 2 67 3 67 ) 1 1 1 (1 9 ) 5 1 1 (1 15 2 23 3 19 ) 2 1 (2 27 3 17 ) 
5 11 6 1 1 (1 84 2 117 3 89 ) 2 1 (1 112 2 77 3 84 ) 2 1 1 (2 75 ) 2 1 (2 83 ) 4 1 1 (1 57 ) 2 1 (1 64 2 60 3 57 ) 1 1 1 (1 13 ) 2 2 1 (1 7 3 7 ) 
5 13 3 1 1 (1 59 2 83 3 70 ) 3 1 1 (1 47 2 36 3 47 ) 1 2 1 (2 59 ) 5 1 1 (1 39 2 27 3 27 ) 2 1 (1 29 2 33 ) 2 2 1 (1 11 2 12 ) 
5 10 5 1 1 (1 56 2 53 3 81 ) 2 1 (1 52 2 60 ) 1 2 1 (2 65 ) 2 1 1 (2 56 ) 2 1 (1 52 ) 3 2 1 (1 94 2 86 3 99 ) 4 1 1 (1 113 2 95 3 83 ) 2 1 (2 90 ) 
5 7 2 1 1 (1 71 3 74 ) 6 1 1 (1 20 2 18 3 23 ) 2 1 (1 17 2 17 3 20 ) 1 2 1 (3 13 ) 1 2 1 (2 13 ) 3 1 1 (1 77 ) 2 1 (1 54 2 60 ) 
5 9 2 1 1 (1 54 2 52 ) 4 1 1 (2 71 3 74 ) 2 1 (1 106 2 111 ) 5 1 1 (1 72 2 76 3 69 ) 2 1 (2 72 3 77 ) 3 1 1 (3 34 ) 2 1 (1 28 2 28 ) 2 2 1 (1 61 3 58 ) 
5 10 3 1 1 (2 66 ) 2 1 (1 69 2 79 ) 3 1 1 (1 38 2 60 3 59 ) 1 2 1 (1 107 ) 3 1 1 (3 6 ) 2 1 (1 8 2 6 ) 6 1 1 (1 89 2 60 3 58 ) 2 1 (1 61 2 76 3 95 ) 
5 5 4 1 1 (1 20 2 31 3 34 ) 2 1 (3 29 ) 1 1 1 (2 91 ) 5 1 1 (1 54 2 63 3 56 ) 2 1 (2 48 3 61 ) 2 1 1 (1 7 2 6 ) 2 1 1 (2 83 3 80 ) 
5 12 1 1 1 (1 101 ) 2 1 1 (3 47 ) 2 1 (1 60 ) 6 1 1 (1 34 2 40 3 42 ) 2 1 (1 36 2 44 3 32 ) 4 1 1 (1 27 3 31 ) 2 1 (1 25 2 22 ) 1 2 1 (3 58 ) 
5 1 3 2 1 (1 71 2 72 3 65 ) 4 1 1 (2 27 3 39 ) 2 1 (1 40 2 30 ) 4 1 1 (3 22 ) 2 1 (1 36 2 44 3 34 ) 1 1 1 (2 14 ) 1 2 1 (3 9 ) 