15 2 1 3
12 0 2 0 45 0 12 0 3 0 50 0 10 0 1 0 42 0
12 0 2 0 45 0 12 0 3 0 50 0 10 0 1 0 42 0
5 4 3 1 1 (1 88 2 82 3 87 ) 3 1 1 (1 71 3 89 ) 2 1 (1 82 ) 2 1 1 (1 11 3 14 ) 3 1 1 (3 99 ) 2 1 (1 77 3 73 ) 3 1 1 (1 5 2 8 3 5 ) 
5 11 2 1 1 (2 26 3 24 ) 5 1 1 (1 19 2 24 3 20 ) 2 1 (1 17 2 22 ) 3 1 1 (1 82 2 100 3 85 ) 4 1 1 (1 11 2 15 3 11 ) 2 1 (2 8 ) 3 1 1 (1 66 2 73 ) 2 1 (1 49 ) 
5 10 3 1 1 (1 12 ) 2 1 (1 16 2 12 ) 4 1 1 (2 13 ) 2 1 (1 15 2 10 3 15 ) 3 1 1 (1 77 2 76 3 82 ) 2 1 1 (2 17 3 17 ) 5 1 1 (2 19 3 14 ) 2 1 (1 18 2 17 3 19 ) 
5 7 2 1 1 (2 100 3 95 ) 4 1 1 (1 68 2 61 ) 2 1 (1 66 2 59 ) 3 2 1 (1 8 2 6 3 9 ) 5 1 1 (1 83 2 77 3 73 ) 2 1 (1 92 2 44 ) 6 1 1 (1 7 2 7 3 8 ) 2 1 (1 8 2 9 3 8 ) 
5 2 3 2 1 (1 34 2 31 3 37 ) 2 2 1 (1 88 3 81 ) 3 1 1 (2 7 3 6 ) 2 1 (1 7 ) 3 2 1 (1 48 2 46 3 52 ) 5 1 1 (1 17 2 18 3 13 ) 2 1 (2 17 3 20 ) 
5 2 2 1 1 (1 68 ) 2 1 (1 91 ) 3 2 1 (1 70 2 70 3 65 ) 3 1 1 (1 26 2 17 3 18 ) 5 1 1 (1 51 3 52 ) 2 1 (1 52 2 59 3 60 ) 4 1 1 (3 97 ) 2 1 (1 61 2 70 3 81 ) 
5 7 2 2 1 (2 8 3 9 ) 3 1 1 (3 22 ) 2 1 (1 22 2 29 ) 2 2 1 (2 40 3 70 ) 4 1 1 (1 75 2 80 3 80 ) 2 1 (1 109 ) 1 1 1 (2 74 ) 
5 2 3 1 1 (1 77 2 72 3 70 ) 2 1 1 (2 71 ) 2 1 (1 53 ) 1 2 1 (3 68 ) 5 1 1 (1 83 2 100 3 112 ) 2 1 (2 83 3 76 ) 3 1 1 (1 90 2 79 3 115 ) 
5 12 6 1 1 (1 95 2 67 3 78 ) 2 1 (1 89 2 98 3 108 ) 4 1 1 (2 50 ) 2 1 (1 63 2 64 3 57 ) 3 1 1 (3 9 ) 2 1 (1 12 2 8 ) 1 2 1 (1 56 ) 4 1 1 (1 37 2 49 ) 2 1 (1 45 2 53 ) 
5 10 6 1 1 (1 4 2 6 3 3 ) 2 1 (1 5 2 3 3 4 ) 1 1 1 (1 52 ) 2 1 1 (2 35 ) 2 1 (3 68 ) 1 1 1 (2 81 ) 3 1 1 (1 18 3 14 ) 2 1 (2 16 ) 
5 13 2 1 1 (1 32 ) 2 1 (3 37 ) 3 1 1 (1 50 3 44 ) 2 1 (1 47 ) 4 1 1 (3 89 ) 2 1 (1 51 2 70 3 64 ) 2 2 1 (1 56 3 35 ) 3 1 1 (1 23 2 25 ) 2 1 (1 22 ) 
5 8 4 1 1 (3 25 ) 2 1 (1 37 2 31 3 33 ) 2 1 1 (2 70 3 77 ) 3 2 1 (1 87 2 80 3 91 ) 3 1 1 (3 77 ) 2 1 (1 66 3 68 ) 3 2 1 (1 64 2 80 3 65 ) 
5 12 1 1 1 (1 24 ) 4 1 1 (1 96 2 101 3 79 ) 2 1 (2 76 ) 5 1 1 (1 56 2 48 3 46 ) 2 1 (2 59 3 37 ) 1 1 1 (1 23 ) 3 1 1 (2 7 ) 2 1 (1 6 3 4 ) 
5 12 4 1 1 (1 33 2 20 3 38 ) 2 1 (3 33 ) 5 1 1 (1 58 2 77 ) 2 1 (1 65 2 50 3 64 ) 5 1 1 (1 20 2 19 3 23 ) 2 1 (1 22 3 23 ) 1 2 1 (1 32 ) 2 1 1 (1 17 ) 2 1 (1 20 ) 
5 8 3 2 1 (1 85 2 90 3 92 ) 2 2 1 (1 57 3 79 ) 1 2 1 (3 76 ) 6 1 1 (1 8 2 8 3 7 ) 2 1 (1 9 2 9 3 8 ) 4 1 1 (2 96 3 89 ) 2 1 (1 79 3 87 ) 