15 2 1 3
11 0 2 0 50 0 11 0 1 0 43 0 14 0 3 0 49 0
11 0 2 0 50 0 11 0 1 0 43 0 14 0 3 0 49 0
5 9 1 1 1 (2 55 ) 2 1 1 (3 48 ) 2 1 (1 44 ) 1 2 1 (3 5 ) 4 1 1 (2 8 ) 2 1 (1 9 2 9 3 9 ) 4 1 1 (1 66 2 63 3 62 ) 2 1 (3 53 ) 
5 3 1 2 1 (2 62 ) 3 1 1 (1 111 2 90 3 118 ) 4 1 1 (1 133 ) 2 1 (1 104 2 86 3 92 ) 4 1 1 (3 87 ) 2 1 (1 66 2 92 3 98 ) 2 1 1 (1 92 2 93 ) 
5 4 1 1 1 (2 49 ) 5 1 1 (1 83 2 80 3 112 ) 2 1 (1 104 3 90 ) 6 1 1 (1 68 2 67 3 70 ) 2 1 (1 92 2 76 3 77 ) 1 1 1 (2 41 ) 3 1 1 (1 94 2 82 3 80 ) 
5 3 3 2 1 (1 66 2 68 3 58 ) 5 1 1 (1 26 2 22 ) 2 1 (1 21 2 25 3 25 ) 2 2 1 (1 28 3 33 ) 4 1 1 (1 17 2 20 ) 2 1 (1 17 3 13 ) 4 1 1 (2 70 ) 2 1 (1 66 2 68 3 72 ) 
5 11 2 2 1 (1 44 2 47 ) 3 1 1 (1 51 2 32 3 39 ) 4 1 1 (1 48 2 46 3 52 ) 2 1 (3 62 ) 4 1 1 (1 66 ) 2 1 (1 82 2 70 3 62 ) 2 1 1 (3 60 ) 2 1 (2 69 ) 
5 11 4 1 1 (2 33 ) 2 1 (1 45 2 38 3 33 ) 2 1 1 (1 90 3 77 ) 1 1 1 (3 91 ) 2 1 1 (1 5 2 11 ) 2 1 1 (3 22 ) 2 1 (3 24 ) 
5 8 1 1 1 (1 90 ) 4 1 1 (1 75 2 74 3 76 ) 2 1 (1 67 ) 1 1 1 (1 56 ) 4 1 1 (3 20 ) 2 1 (1 16 2 17 3 19 ) 5 1 1 (1 7 2 8 3 6 ) 2 1 (2 6 3 8 ) 
5 6 1 1 1 (2 71 ) 2 2 1 (1 54 2 32 ) 2 2 1 (2 70 3 85 ) 4 1 1 (1 37 2 34 3 30 ) 2 1 (1 36 ) 2 2 1 (2 12 3 11 ) 
5 1 2 2 1 (2 53 3 82 ) 1 1 1 (3 45 ) 3 1 1 (1 54 3 51 ) 2 1 (3 34 ) 4 1 1 (2 103 ) 2 1 (1 115 2 77 3 80 ) 4 1 1 (1 109 2 71 3 100 ) 2 1 (1 105 ) 
5 11 4 1 1 (2 56 ) 2 1 (1 74 2 91 3 63 ) 4 1 1 (3 21 ) 2 1 (1 17 2 20 3 17 ) 4 1 1 (3 11 ) 2 1 (1 17 2 12 3 18 ) 6 1 1 (1 12 2 12 3 11 ) 2 1 (1 9 2 15 3 14 ) 2 1 1 (1 60 2 90 ) 
5 3 2 2 1 (1 51 2 54 ) 2 1 1 (1 104 3 69 ) 6 1 1 (1 59 2 60 3 64 ) 2 1 (1 63 2 76 3 79 ) 2 1 1 (1 23 2 26 ) 3 1 1 (1 56 2 43 3 59 ) 
5 7 4 1 1 (3 79 ) 2 1 (1 64 2 66 3 50 ) 2 2 1 (1 59 2 58 ) 3 1 1 (1 95 3 92 ) 2 1 (2 97 ) 2 2 1 (1 7 3 6 ) 1 2 1 (2 53 ) 
5 9 6 1 1 (1 27 2 30 3 33 ) 2 1 (1 32 2 33 3 32 ) 2 2 1 (2 74 3 90 ) 2 1 1 (2 59 ) 2 1 (2 53 ) 4 1 1 (2 7 3 5 ) 2 1 (2 6 3 5 ) 3 1 1 (1 93 2 107 3 79 ) 
5 1 5 1 1 (1 86 2 75 ) 2 1 (1 66 2 101 3 61 ) 1 2 1 (3 40 ) 4 1 1 (2 40 ) 2 1 (1 30 2 36 3 40 ) 4 1 1 (1 31 ) 2 1 (1 24 2 28 3 28 ) 2 1 1 (2 45 ) 2 1 (3 51 ) 
5 4 3 1 1 (1 89 2 56 ) 2 1 (3 72 ) 3 1 1 (1 34 3 24 ) 2 1 (1 37 ) 4 1 1 (1 34 2 36 3 37 ) 2 1 (3 35 ) 4 1 1 (3 15 ) 2 1 (1 11 2 14 3 15 ) 3 1 1 (2 7 ) 2 1 (2 8 3 7 ) 