15 2 1 3
15 0 3 0 46 0 12 0 3 0 49 0 10 0 2 0 43 0
15 0 3 0 46 0 12 0 3 0 49 0 10 0 2 0 43 0
5 2 3 1 1 (3 66 ) 2 1 (1 57 2 48 ) 2 2 1 (2 68 3 91 ) 5 1 1 (1 85 2 82 3 69 ) 2 1 (1 84 2 95 ) 3 1 1 (1 80 2 62 3 68 ) 3 1 1 (1 21 2 18 ) 2 1 (2 13 ) 
5 13 4 1 1 (1 49 2 48 3 44 ) 2 1 (3 55 ) 2 1 1 (1 64 3 75 ) 1 1 1 (2 31 ) 2 1 1 (3 12 ) 2 1 (1 13 ) 5 1 1 (1 17 2 23 3 30 ) 2 1 (1 27 2 27 ) 
5 4 2 2 1 (2 112 3 121 ) 1 2 1 (2 75 ) 2 1 1 (3 66 ) 2 1 (2 80 ) 1 2 1 (2 73 ) 2 1 1 (3 32 ) 2 1 (1 38 ) 
5 5 1 1 1 (2 13 ) 1 1 1 (3 66 ) 2 1 1 (2 48 3 40 ) 1 2 1 (3 58 ) 2 1 1 (2 49 3 33 ) 
5 6 5 1 1 (2 83 3 85 ) 2 1 (1 96 2 79 3 76 ) 5 1 1 (2 51 3 65 ) 2 1 (1 67 2 35 3 56 ) 2 1 1 (1 41 2 54 ) 3 2 1 (1 88 2 80 3 97 ) 1 1 1 (3 58 ) 
5 6 4 1 1 (1 49 ) 2 1 (1 82 2 46 3 67 ) 2 2 1 (2 25 3 23 ) 1 2 1 (1 44 ) 1 1 1 (3 23 ) 1 2 1 (1 43 ) 
5 12 4 1 1 (1 13 2 9 3 12 ) 2 1 (3 13 ) 3 1 1 (1 14 2 16 3 10 ) 4 1 1 (2 85 3 70 ) 2 1 (1 84 3 68 ) 3 1 1 (1 13 3 10 ) 2 1 (2 10 ) 2 2 1 (1 64 2 60 ) 
5 5 2 1 1 (1 67 3 68 ) 6 1 1 (1 69 2 94 3 100 ) 2 1 (1 91 2 92 3 110 ) 2 1 1 (1 92 2 106 ) 2 1 1 (1 45 3 37 ) 3 1 1 (3 64 ) 2 1 (1 83 3 87 ) 
5 7 2 1 1 (2 114 3 115 ) 1 1 1 (2 46 ) 2 1 1 (2 61 3 75 ) 1 1 1 (3 59 ) 2 2 1 (2 100 3 76 ) 
5 2 3 1 1 (1 50 2 39 3 47 ) 3 1 1 (1 92 2 85 3 71 ) 3 1 1 (2 31 ) 2 1 (1 41 3 29 ) 3 1 1 (2 62 3 80 ) 2 1 (3 76 ) 1 2 1 (3 59 ) 
5 13 2 1 1 (1 51 3 47 ) 1 2 1 (2 42 ) 1 1 1 (3 55 ) 1 1 1 (2 49 ) 2 1 1 (1 111 ) 2 1 (3 105 ) 
5 10 3 1 1 (1 13 2 20 3 12 ) 3 2 1 (1 18 2 23 3 23 ) 3 1 1 (1 57 ) 2 1 (1 81 3 88 ) 2 2 1 (1 113 2 91 ) 6 1 1 (1 42 2 54 3 41 ) 2 1 (1 45 2 48 3 49 ) 
5 12 2 2 1 (2 40 3 38 ) 4 1 1 (2 75 3 79 ) 2 1 (2 63 3 53 ) 2 1 1 (3 81 ) 2 1 (2 95 ) 4 1 1 (1 67 2 85 3 112 ) 2 1 (3 100 ) 4 1 1 (1 62 2 69 3 68 ) 2 1 (3 63 ) 
5 13 2 1 1 (1 76 ) 2 1 (2 56 ) 6 1 1 (1 7 2 8 3 7 ) 2 1 (1 8 2 7 3 7 ) 3 2 1 (1 7 2 8 3 5 ) 3 2 1 (1 13 2 11 3 13 ) 1 2 1 (3 85 ) 
5 2 2 1 1 (2 43 3 35 ) 2 2 1 (1 95 2 99 ) 1 1 1 (2 16 ) 3 1 1 (2 89 3 77 ) 2 1 (3 74 ) 4 1 1 (2 34 ) 2 1 (1 49 2 42 3 50 ) 