15 2 1 3
12 0 1 0 43 0 12 0 1 0 50 0 15 0 2 0 43 0
12 0 1 0 43 0 12 0 1 0 50 0 15 0 2 0 43 0
5 10 1 2 1 (3 71 ) 2 2 1 (1 84 2 115 ) 5 1 1 (1 12 2 13 ) 2 1 (1 10 2 9 3 12 ) 3 1 1 (1 112 2 77 ) 2 1 (1 88 ) 2 1 1 (1 7 3 7 ) 
5 1 2 2 1 (2 26 3 16 ) 2 2 1 (2 19 3 24 ) 4 1 1 (1 108 2 77 3 91 ) 2 1 (1 76 ) 3 1 1 (1 10 2 9 3 11 ) 2 1 1 (2 62 3 64 ) 
5 13 4 1 1 (1 12 2 14 ) 2 1 (1 16 3 13 ) 1 1 1 (3 12 ) 1 2 1 (1 53 ) 5 1 1 (1 16 3 14 ) 2 1 (1 16 2 13 3 19 ) 4 1 1 (2 21 3 23 ) 2 1 (1 23 2 20 ) 
5 6 3 2 1 (1 85 2 97 3 92 ) 4 1 1 (1 75 2 54 3 63 ) 2 1 (2 76 ) 4 1 1 (2 7 ) 2 1 (1 8 2 7 3 7 ) 3 2 1 (1 76 2 65 3 60 ) 4 1 1 (1 6 ) 2 1 (1 7 2 8 3 6 ) 
5 9 4 1 1 (3 30 ) 2 1 (1 28 2 48 3 35 ) 1 2 1 (2 98 ) 3 1 1 (2 8 ) 2 1 (1 8 2 5 ) 5 1 1 (2 48 3 48 ) 2 1 (1 49 2 34 3 45 ) 5 1 1 (1 18 2 15 ) 2 1 (1 13 2 18 3 12 ) 
5 5 1 2 1 (3 90 ) 1 1 1 (3 82 ) 3 2 1 (1 22 2 22 3 18 ) 3 1 1 (2 54 ) 2 1 (1 47 2 57 ) 2 1 1 (2 73 3 75 ) 
5 1 3 1 1 (2 10 3 10 ) 2 1 (1 9 ) 5 1 1 (1 26 2 23 3 27 ) 2 1 (1 27 2 24 ) 3 1 1 (2 51 ) 2 1 (1 54 2 55 ) 5 1 1 (1 85 2 91 3 100 ) 2 1 (1 83 3 93 ) 1 2 1 (3 74 ) 
5 12 4 1 1 (2 80 ) 2 1 (1 69 2 72 3 65 ) 1 2 1 (3 41 ) 3 1 1 (1 66 ) 2 1 (1 76 3 63 ) 2 2 1 (1 68 3 68 ) 6 1 1 (1 70 2 104 3 90 ) 2 1 (1 101 2 107 3 102 ) 
5 1 4 1 1 (1 84 2 100 3 85 ) 2 1 (1 96 ) 4 1 1 (1 57 2 52 3 52 ) 2 1 (1 53 ) 2 2 1 (1 9 3 8 ) 2 2 1 (1 49 3 65 ) 1 1 1 (3 54 ) 
5 3 3 1 1 (1 5 2 6 3 5 ) 6 1 1 (1 40 2 60 3 53 ) 2 1 (1 56 2 52 3 44 ) 1 1 1 (1 52 ) 1 1 1 (1 94 ) 2 1 1 (1 13 3 14 ) 
5 8 1 2 1 (1 38 ) 4 1 1 (2 33 3 53 ) 2 1 (2 44 3 35 ) 3 2 1 (1 82 2 90 3 75 ) 3 1 1 (1 56 2 56 3 55 ) 3 1 1 (1 24 ) 2 1 (2 27 3 27 ) 
5 4 4 1 1 (1 35 ) 2 1 (1 37 2 45 3 38 ) 2 1 1 (2 85 ) 2 1 (1 73 ) 3 2 1 (1 93 2 76 3 114 ) 3 1 1 (1 51 ) 2 1 (2 45 3 72 ) 6 1 1 (1 67 2 67 3 75 ) 2 1 (1 41 2 57 3 79 ) 
5 4 3 2 1 (1 58 2 51 3 57 ) 5 1 1 (2 90 3 101 ) 2 1 (1 99 2 119 3 91 ) 4 1 1 (2 51 ) 2 1 (1 51 2 52 3 44 ) 2 2 1 (1 19 3 33 ) 4 1 1 (2 6 ) 2 1 (1 5 2 6 3 6 ) 
5 5 4 1 1 (3 32 ) 2 1 (1 33 2 23 3 25 ) 2 1 1 (1 60 3 68 ) 5 1 1 (1 25 2 22 3 27 ) 2 1 (1 21 3 24 ) 1 1 1 (2 32 ) 2 1 1 (3 12 ) 2 1 (2 17 ) 
5 11 5 1 1 (1 92 2 96 ) 2 1 (1 113 2 72 3 71 ) 6 1 1 (1 49 2 76 3 53 ) 2 1 (1 84 2 67 3 73 ) 6 1 1 (1 68 2 74 3 78 ) 2 1 (1 91 2 76 3 87 ) 4 1 1 (1 9 ) 2 1 (1 8 2 7 3 9 ) 5 1 1 (1 88 2 84 3 93 ) 2 1 (1 97 3 95 ) 