15 2 1 3
14 0 3 0 43 0 14 0 2 0 41 0 15 0 2 0 48 0
14 0 3 0 43 0 14 0 2 0 41 0 15 0 2 0 48 0
5 7 5 1 1 (2 91 3 36 ) 2 1 (1 83 2 109 3 102 ) 5 1 1 (2 86 3 83 ) 2 1 (1 91 2 116 3 74 ) 1 1 1 (3 13 ) 2 1 1 (2 96 3 78 ) 1 1 1 (1 7 ) 
5 12 1 1 1 (3 22 ) 4 1 1 (2 18 3 17 ) 2 1 (1 22 2 17 ) 3 2 1 (1 77 2 85 3 107 ) 3 2 1 (1 12 2 10 3 10 ) 5 1 1 (1 49 2 47 3 49 ) 2 1 (1 56 2 66 ) 
5 6 2 2 1 (1 15 2 12 ) 4 1 1 (2 12 ) 2 1 (1 15 2 12 3 13 ) 3 1 1 (1 88 3 60 ) 2 1 (1 76 ) 6 1 1 (1 15 2 16 3 15 ) 2 1 (1 18 2 16 3 15 ) 5 1 1 (1 20 2 24 3 22 ) 2 1 (1 25 2 18 ) 
5 13 3 1 1 (1 83 2 107 ) 2 1 (3 127 ) 6 1 1 (1 47 2 68 3 88 ) 2 1 (1 72 2 73 3 78 ) 2 2 1 (1 7 2 7 ) 3 1 1 (1 77 ) 2 1 (1 58 2 82 ) 1 1 1 (3 7 ) 
5 10 2 1 1 (1 28 ) 2 1 (3 40 ) 5 1 1 (2 95 3 99 ) 2 1 (1 87 2 77 3 78 ) 1 2 1 (1 5 ) 2 2 1 (1 39 2 49 ) 6 1 1 (1 19 2 18 3 14 ) 2 1 (1 16 2 12 3 17 ) 
5 10 1 2 1 (2 90 ) 1 2 1 (1 87 ) 1 2 1 (2 16 ) 2 1 1 (2 38 3 34 ) 6 1 1 (1 69 2 65 3 89 ) 2 1 (1 87 2 61 3 77 ) 
5 5 3 2 1 (1 9 2 8 3 9 ) 2 1 1 (1 30 2 29 ) 1 2 1 (3 62 ) 5 1 1 (1 90 2 87 3 98 ) 2 1 (1 62 3 83 ) 2 1 1 (1 92 3 81 ) 
5 11 4 1 1 (3 77 ) 2 1 (1 64 2 53 3 70 ) 5 1 1 (1 57 2 65 ) 2 1 (1 43 2 53 3 35 ) 5 1 1 (1 61 2 56 ) 2 1 (1 79 2 58 3 64 ) 2 2 1 (1 103 2 58 ) 6 1 1 (1 100 2 89 3 66 ) 2 1 (1 100 2 124 3 96 ) 
5 2 2 1 1 (1 88 3 101 ) 4 1 1 (1 67 2 66 3 77 ) 2 1 (3 60 ) 3 1 1 (1 8 3 10 ) 2 1 (2 10 ) 5 1 1 (1 57 2 63 ) 2 1 (1 72 2 64 3 56 ) 2 1 1 (2 55 3 46 ) 
5 2 2 2 1 (1 6 3 6 ) 1 1 1 (3 56 ) 3 2 1 (1 67 2 66 3 60 ) 4 1 1 (1 104 2 91 ) 2 1 (1 107 2 79 ) 3 2 1 (1 14 2 12 3 19 ) 
5 2 4 1 1 (1 42 ) 2 1 (1 29 2 38 3 35 ) 4 1 1 (1 33 ) 2 1 (1 46 2 31 3 53 ) 4 1 1 (1 98 2 69 ) 2 1 (2 81 3 59 ) 3 2 1 (1 52 2 59 3 51 ) 2 2 1 (1 28 2 24 ) 
5 8 4 1 1 (1 32 3 48 ) 2 1 (1 31 3 39 ) 4 1 1 (1 60 3 68 ) 2 1 (1 42 3 72 ) 3 2 1 (1 85 2 86 3 76 ) 2 1 1 (1 54 2 73 ) 1 1 1 (3 75 ) 
5 4 2 1 1 (2 43 3 39 ) 6 1 1 (1 83 2 69 3 95 ) 2 1 (1 70 2 119 3 105 ) 2 1 1 (2 38 3 64 ) 1 1 1 (1 28 ) 6 1 1 (1 6 2 5 3 5 ) 2 1 (1 6 2 6 3 6 ) 
5 10 3 2 1 (1 33 2 31 3 33 ) 4 1 1 (1 52 ) 2 1 (1 76 2 78 3 50 ) 6 1 1 (1 25 2 21 3 22 ) 2 1 (1 25 2 24 3 25 ) 1 2 1 (3 35 ) 4 1 1 (1 19 2 20 ) 2 1 (1 19 2 15 ) 
5 5 3 2 1 (1 84 2 104 3 98 ) 3 1 1 (1 66 2 78 3 79 ) 3 1 1 (1 74 ) 2 1 (1 85 3 80 ) 3 2 1 (1 7 2 7 3 7 ) 5 1 1 (1 78 2 87 3 106 ) 2 1 (1 108 2 93 ) 