10 2 2 2
15 0 1 0 46 0 10 0 1 0 45 0 12 0 2 0 47 0 14 0 1 0 47 0
15 0 1 0 46 0 10 0 1 0 45 0 12 0 2 0 47 0 14 0 1 0 47 0
10 17 3 1 1 (2 17 ) 2 1 (1 19 ) 2 2 (2 20 ) 1 1 2 (2 17 ) 4 1 1 (1 51 2 41 ) 2 1 (1 37 2 41 ) 6 1 1 (2 34 ) 1 2 (1 43 2 48 ) 2 1 (1 43 2 35 ) 2 2 (2 44 ) 3 1 1 (2 36 ) 1 2 (1 39 2 29 ) 6 1 1 (1 48 2 50 ) 1 2 (1 37 2 42 ) 2 1 (1 56 2 58 ) 1 1 2 (2 91 ) 1 2 1 (1 33 ) 3 1 1 (1 23 2 21 ) 1 2 (2 25 ) 6 1 2 (1 87 2 83 ) 2 1 (1 80 2 69 ) 2 2 (1 101 2 78 ) 
10 19 1 1 1 (2 60 ) 1 2 2 (2 18 ) 4 2 1 (1 45 2 68 ) 2 2 (1 67 2 49 ) 1 1 1 (2 73 ) 5 1 2 (1 32 2 46 ) 2 1 (2 39 ) 2 2 (1 45 2 26 ) 2 1 1 (1 65 2 57 ) 1 1 1 (2 67 ) 1 2 2 (2 33 ) 2 1 2 (1 52 2 65 ) 4 1 1 (1 55 ) 1 2 (1 52 2 54 ) 2 2 (2 54 ) 
10 17 6 1 1 (1 21 2 26 ) 1 2 (1 27 2 27 ) 2 1 (1 28 2 27 ) 5 1 2 (2 94 ) 2 1 (1 73 2 70 ) 2 2 (1 76 2 89 ) 5 1 1 (2 80 ) 1 2 (1 56 2 88 ) 2 1 (1 56 2 52 ) 6 1 2 (1 66 2 58 ) 2 1 (1 60 2 55 ) 2 2 (1 68 2 70 ) 1 1 2 (2 12 ) 3 1 2 (1 63 2 102 ) 2 2 (1 71 ) 1 1 1 (2 101 ) 2 1 2 (2 79 ) 2 1 (1 64 ) 4 2 1 (1 86 2 71 ) 2 2 (1 74 2 98 ) 1 2 2 (1 71 ) 
10 14 1 2 2 (1 106 ) 2 2 1 (2 10 ) 2 2 (1 8 ) 1 1 1 (2 24 ) 1 1 1 (1 35 ) 4 1 1 (2 20 ) 1 2 (1 22 ) 2 1 (1 21 2 21 ) 4 1 1 (1 19 2 19 ) 1 2 (1 17 2 18 ) 1 2 1 (1 27 ) 4 2 1 (1 97 2 80 ) 2 2 (1 93 2 70 ) 2 1 2 (1 56 2 79 ) 6 1 1 (2 34 ) 1 2 (1 21 2 23 ) 2 1 (1 28 ) 2 2 (1 22 2 25 ) 
10 14 1 2 1 (1 37 ) 2 2 1 (1 7 2 8 ) 2 1 1 (2 18 ) 1 2 (2 18 ) 3 1 1 (2 9 ) 1 2 (1 6 2 4 ) 2 1 1 (2 85 ) 2 1 (1 90 ) 2 2 1 (2 49 ) 2 2 (2 56 ) 2 2 1 (1 57 2 61 ) 3 1 2 (2 51 ) 2 1 (2 58 ) 2 2 (1 37 ) 3 1 1 (1 8 ) 1 2 (1 7 2 8 ) 5 1 1 (1 36 2 48 ) 2 1 (1 40 2 46 ) 2 2 (2 38 ) 
10 14 5 1 1 (2 80 ) 1 2 (1 79 2 77 ) 2 1 (1 83 2 110 ) 2 1 1 (1 61 2 80 ) 2 1 2 (1 39 2 42 ) 4 1 1 (1 64 2 66 ) 1 2 (1 62 2 60 ) 2 2 2 (1 96 2 77 ) 2 2 1 (1 72 ) 2 2 (1 74 ) 5 1 1 (1 67 2 52 ) 1 2 (2 53 ) 2 1 (1 58 2 73 ) 1 1 2 (2 7 ) 3 2 1 (1 49 2 46 ) 2 2 (1 57 ) 1 1 2 (2 16 ) 
10 20 4 1 1 (1 81 2 79 ) 1 2 (1 74 2 103 ) 1 1 1 (1 40 ) 1 1 1 (1 21 ) 5 1 1 (2 89 ) 1 2 (1 77 2 71 ) 2 1 (1 79 2 85 ) 4 1 2 (1 76 ) 2 1 (1 69 ) 2 2 (1 70 2 77 ) 5 1 1 (2 7 ) 1 2 (2 5 ) 2 1 (1 6 2 6 ) 2 2 (1 6 ) 3 1 1 (2 47 ) 2 1 (1 39 2 59 ) 3 1 1 (2 24 ) 1 2 (1 25 2 30 ) 5 1 1 (2 75 ) 2 1 (1 92 2 77 ) 2 2 (1 84 2 117 ) 5 1 1 (1 24 ) 1 2 (1 25 ) 2 1 (1 22 2 20 ) 2 2 (1 24 ) 
10 19 5 1 1 (1 14 2 14 ) 1 2 (1 15 2 17 ) 2 1 (1 13 ) 1 2 2 (1 46 ) 2 2 1 (1 19 2 18 ) 2 2 1 (2 9 ) 2 2 (1 10 ) 2 2 1 (1 37 ) 2 2 (2 24 ) 6 1 2 (1 68 2 71 ) 2 1 (1 75 2 65 ) 2 2 (1 55 2 63 ) 1 2 2 (2 100 ) 5 1 1 (1 21 2 24 ) 2 1 (1 19 ) 2 2 (1 23 2 21 ) 1 1 2 (1 7 ) 4 1 1 (2 81 ) 1 2 (1 51 ) 2 1 (2 88 ) 2 2 (2 81 ) 
10 15 4 1 1 (1 62 ) 2 1 (1 56 ) 2 2 (1 49 2 62 ) 4 2 1 (1 88 2 88 ) 2 2 (1 84 2 59 ) 6 1 1 (1 25 2 23 ) 2 1 (1 18 2 24 ) 2 2 (1 21 2 21 ) 4 2 1 (1 6 2 4 ) 2 2 (1 5 2 4 ) 4 1 1 (1 67 2 58 ) 1 2 (1 58 2 67 ) 2 1 1 (1 35 2 35 ) 1 1 2 (2 11 ) 2 2 1 (1 25 ) 2 2 (1 21 ) 5 1 1 (2 34 ) 1 2 (1 44 2 32 ) 2 1 (2 32 ) 2 2 (2 37 ) 1 1 1 (2 31 ) 
10 20 2 2 1 (2 104 ) 2 2 (1 110 ) 5 1 1 (2 94 ) 1 2 (1 90 2 62 ) 2 1 (1 108 2 79 ) 6 1 1 (1 55 ) 1 2 (1 64 2 61 ) 2 1 (1 83 ) 2 2 (1 69 2 72 ) 2 1 2 (1 111 2 130 ) 1 1 1 (2 23 ) 1 1 2 (1 16 ) 7 1 1 (1 18 2 15 ) 1 2 (1 17 ) 2 1 (1 17 2 18 ) 2 2 (1 13 2 15 ) 2 2 2 (1 76 2 53 ) 4 1 2 (1 31 2 37 ) 2 1 (1 39 2 37 ) 3 1 1 (1 7 2 7 ) 1 2 (2 9 ) 