20 2 2 2
14 0 2 0 44 0 13 0 2 0 46 0 12 0 1 0 50 0 12 0 3 0 44 0
14 0 2 0 44 0 13 0 2 0 46 0 12 0 1 0 50 0 12 0 3 0 44 0
5 12 2 1 2 (1 3 2 4 ) 2 2 2 (1 46 2 63 ) 4 1 1 (1 38 ) 1 2 (1 30 ) 2 1 (1 35 2 37 ) 2 1 1 (1 9 ) 1 2 (2 9 ) 2 2 1 (1 54 2 64 ) 
5 7 2 2 1 (2 71 ) 2 2 (2 68 ) 2 1 2 (1 100 2 108 ) 2 1 2 (1 107 2 91 ) 3 1 1 (2 74 ) 2 1 (2 84 ) 2 2 (2 82 ) 7 1 1 (1 69 2 65 ) 1 2 (1 87 2 71 ) 2 1 (1 80 2 85 ) 2 2 (1 75 ) 
5 7 5 1 1 (1 77 2 64 ) 2 1 (1 74 2 70 ) 2 2 (2 75 ) 5 1 1 (1 82 2 99 ) 1 2 (1 107 2 92 ) 2 1 (1 109 ) 6 1 1 (1 66 2 100 ) 1 2 (1 63 2 95 ) 2 2 (1 93 2 88 ) 6 1 1 (1 43 2 36 ) 2 1 (1 27 2 48 ) 2 2 (1 36 2 49 ) 1 2 2 (2 72 ) 
5 8 2 1 2 (1 15 ) 2 1 (1 15 ) 3 1 1 (1 55 2 61 ) 2 1 (2 54 ) 2 2 2 (1 118 2 65 ) 4 1 1 (1 21 ) 1 2 (1 19 2 22 ) 2 2 (1 19 ) 5 1 1 (1 31 2 37 ) 2 1 (2 43 ) 2 2 (1 37 2 34 ) 
5 6 6 1 2 (1 54 2 66 ) 2 1 (1 44 2 49 ) 2 2 (1 40 2 50 ) 2 1 2 (2 78 ) 2 2 (2 71 ) 2 2 1 (2 67 ) 2 2 (1 62 ) 3 1 1 (1 46 2 37 ) 1 2 (1 45 ) 2 2 1 (2 49 ) 2 2 (2 48 ) 
5 11 1 2 2 (2 8 ) 2 1 1 (1 95 ) 2 2 (2 90 ) 5 1 1 (1 22 2 37 ) 2 1 (2 38 ) 2 2 (1 33 2 23 ) 3 2 1 (1 68 2 68 ) 2 2 (2 94 ) 8 1 1 (1 27 2 24 ) 1 2 (1 21 2 22 ) 2 1 (1 23 2 19 ) 2 2 (1 20 2 20 ) 
5 9 4 2 1 (1 19 2 20 ) 2 2 (1 19 2 21 ) 5 1 1 (2 49 ) 1 2 (1 53 2 56 ) 2 1 (2 37 ) 2 2 (2 58 ) 4 2 1 (1 111 2 99 ) 2 2 (1 88 2 94 ) 6 1 1 (2 92 ) 1 2 (1 80 2 68 ) 2 1 (1 81 ) 2 2 (1 80 2 84 ) 6 1 1 (1 7 2 5 ) 1 2 (1 7 2 8 ) 2 1 (2 7 ) 2 2 (1 7 ) 
5 12 6 1 1 (2 38 ) 1 2 (2 32 ) 2 1 (1 47 2 48 ) 2 2 (1 52 2 61 ) 2 1 1 (1 77 ) 1 2 (1 76 ) 5 1 1 (1 64 2 69 ) 2 1 (1 72 2 88 ) 2 2 (1 86 ) 4 1 1 (1 42 2 36 ) 2 2 (1 36 2 44 ) 2 1 1 (2 12 ) 1 2 (1 10 ) 
5 13 4 1 1 (1 125 ) 1 2 (2 94 ) 2 1 (2 108 ) 2 2 (1 77 ) 2 1 2 (1 81 2 95 ) 4 1 1 (1 40 2 44 ) 1 2 (2 38 ) 2 2 (2 50 ) 4 1 1 (1 67 2 59 ) 1 2 (1 67 2 65 ) 7 1 1 (1 82 2 90 ) 1 2 (1 67 2 65 ) 2 1 (1 69 2 80 ) 2 2 (2 73 ) 
5 11 4 1 1 (1 13 2 16 ) 1 2 (1 14 2 14 ) 4 1 1 (1 69 2 72 ) 1 2 (1 63 2 69 ) 2 1 1 (1 13 ) 2 2 (2 15 ) 5 1 1 (1 15 ) 1 2 (1 23 2 16 ) 2 1 (1 21 2 23 ) 3 2 1 (1 77 2 62 ) 2 2 (2 58 ) 
5 12 1 1 2 (2 89 ) 3 1 1 (2 29 ) 1 2 (2 35 ) 2 2 (1 31 ) 7 1 1 (1 50 2 55 ) 1 2 (1 42 2 45 ) 2 1 (1 30 ) 2 2 (1 49 2 61 ) 4 1 1 (1 59 2 54 ) 2 1 (2 51 ) 2 2 (1 37 ) 2 1 1 (1 62 ) 1 2 (1 81 ) 
5 5 4 2 1 (1 92 2 66 ) 2 2 (1 67 2 64 ) 2 2 1 (1 74 2 97 ) 3 1 1 (2 43 ) 2 1 (1 56 2 60 ) 3 1 1 (1 72 ) 2 1 (2 79 ) 2 2 (2 91 ) 4 1 1 (2 8 ) 1 2 (1 8 2 7 ) 2 2 (1 6 ) 
5 3 3 1 1 (1 62 2 72 ) 1 2 (2 70 ) 3 2 1 (1 31 2 27 ) 2 2 (2 28 ) 5 1 1 (1 103 ) 1 2 (2 98 ) 2 1 (1 97 2 105 ) 2 2 (1 110 ) 1 1 1 (1 5 ) 4 1 1 (1 86 2 72 ) 2 1 (1 85 ) 2 2 (2 67 ) 
5 3 3 2 1 (1 44 ) 2 2 (1 42 2 38 ) 4 1 1 (1 29 ) 1 2 (1 26 ) 2 2 (1 25 2 24 ) 5 1 1 (1 70 2 50 ) 1 2 (1 50 ) 2 2 (1 49 2 37 ) 6 1 1 (2 47 ) 1 2 (1 57 2 57 ) 2 1 (1 59 2 50 ) 2 2 (2 40 ) 2 1 2 (1 76 2 86 ) 
5 10 2 2 2 (1 30 2 32 ) 3 1 1 (1 8 2 10 ) 2 2 (1 8 ) 3 1 1 (1 19 ) 2 2 (1 16 2 13 ) 7 1 1 (1 80 2 79 ) 1 2 (1 74 ) 2 1 (1 85 2 69 ) 2 2 (1 83 2 62 ) 6 1 1 (1 34 2 35 ) 1 2 (2 42 ) 2 1 (1 32 2 32 ) 2 2 (1 33 ) 
5 8 7 1 1 (1 67 2 71 ) 1 2 (1 75 2 67 ) 2 1 (1 66 2 78 ) 2 2 (2 90 ) 3 2 1 (1 75 2 97 ) 2 2 (1 110 ) 3 1 1 (1 34 ) 1 2 (1 44 ) 2 1 (1 37 ) 3 2 1 (1 22 2 40 ) 2 2 (1 24 ) 2 2 2 (1 87 2 54 ) 
5 1 2 2 1 (1 93 ) 2 2 (1 76 ) 1 1 2 (1 84 ) 4 2 1 (1 107 2 99 ) 2 2 (1 90 2 68 ) 6 1 1 (1 14 2 9 ) 2 1 (1 16 2 12 ) 2 2 (1 10 2 12 ) 3 1 1 (2 73 ) 2 1 (1 61 ) 2 2 (2 85 ) 
5 3 6 1 2 (1 47 2 62 ) 2 1 (1 53 2 48 ) 2 2 (1 47 2 64 ) 2 1 1 (1 31 2 38 ) 1 2 2 (2 12 ) 1 2 2 (2 91 ) 4 1 1 (2 25 ) 1 2 (1 26 ) 2 1 (1 31 2 34 ) 
5 12 2 1 1 (2 28 ) 1 2 (2 26 ) 3 1 1 (1 75 2 79 ) 1 2 (1 82 ) 3 1 1 (1 48 2 57 ) 1 2 (1 57 ) 4 1 2 (1 6 2 5 ) 2 1 (2 6 ) 2 2 (2 7 ) 2 1 2 (1 6 2 4 ) 
5 5 5 1 1 (1 39 2 55 ) 2 1 (1 55 2 55 ) 2 2 (1 55 ) 2 1 1 (1 52 2 47 ) 6 1 1 (1 54 2 63 ) 1 2 (2 50 ) 2 1 (2 43 ) 2 2 (1 61 2 57 ) 5 1 1 (1 35 2 28 ) 1 2 (2 31 ) 2 1 (1 33 2 28 ) 2 2 2 (1 123 2 70 ) 