20 2 2 2
10 0 1 0 45 0 14 0 2 0 46 0 10 0 3 0 48 0 10 0 3 0 44 0
10 0 1 0 45 0 14 0 2 0 46 0 10 0 3 0 48 0 10 0 3 0 44 0
5 7 4 1 2 (1 7 2 6 ) 2 1 (1 6 2 7 ) 1 2 2 (2 41 ) 3 1 1 (1 90 ) 2 1 (1 97 2 74 ) 2 1 2 (1 42 2 39 ) 1 2 1 (1 17 ) 
5 6 1 2 1 (1 39 ) 5 1 2 (1 32 2 36 ) 2 1 (1 32 2 31 ) 2 2 (1 34 ) 2 1 1 (2 58 ) 1 2 (2 47 ) 2 1 1 (1 102 ) 2 1 (2 101 ) 5 1 1 (1 9 2 10 ) 2 1 (1 10 ) 2 2 (1 10 2 10 ) 
5 13 5 1 1 (1 48 2 45 ) 1 2 (1 51 ) 2 2 (1 38 2 35 ) 6 1 1 (1 76 2 66 ) 2 1 (1 61 2 71 ) 2 2 (1 71 2 43 ) 3 2 1 (1 75 2 79 ) 2 2 (2 76 ) 5 1 2 (2 54 ) 2 1 (1 53 2 60 ) 2 2 (1 63 2 38 ) 6 1 1 (1 93 2 63 ) 2 1 (1 93 2 81 ) 2 2 (1 83 2 67 ) 
5 1 2 2 1 (1 21 2 17 ) 5 1 2 (1 86 ) 2 1 (1 67 2 77 ) 2 2 (1 66 2 58 ) 5 1 1 (1 70 2 81 ) 1 2 (2 81 ) 2 1 (2 52 ) 2 2 (2 64 ) 2 1 1 (1 27 2 29 ) 5 1 1 (1 13 2 15 ) 1 2 (1 15 ) 2 1 (1 17 2 14 ) 
5 3 2 2 1 (1 88 2 84 ) 5 1 1 (1 31 2 42 ) 2 1 (1 49 2 53 ) 2 2 (2 40 ) 1 1 2 (1 45 ) 5 1 1 (1 25 2 24 ) 2 1 (1 28 2 27 ) 2 2 (1 27 ) 2 1 1 (1 36 2 36 ) 
5 5 3 1 1 (1 103 2 95 ) 2 2 (2 90 ) 1 1 2 (2 38 ) 4 1 1 (1 90 ) 2 1 (1 67 2 88 ) 2 2 (2 68 ) 3 1 2 (1 33 2 32 ) 2 1 (2 23 ) 2 2 2 (1 59 2 77 ) 
5 11 3 1 1 (2 58 ) 2 2 (1 50 2 68 ) 5 1 2 (1 40 2 37 ) 2 1 (1 28 2 27 ) 2 2 (2 42 ) 4 1 1 (1 76 2 88 ) 1 2 (1 99 2 73 ) 5 1 1 (1 23 ) 1 2 (2 29 ) 2 1 (1 28 2 32 ) 2 2 (1 31 ) 4 1 1 (1 9 ) 2 1 (1 7 2 8 ) 2 2 (1 8 ) 
5 4 5 1 1 (2 84 ) 2 1 (1 94 2 78 ) 2 2 (1 74 2 68 ) 1 2 1 (1 56 ) 3 1 1 (1 72 2 71 ) 1 2 (1 66 ) 5 1 1 (1 31 2 47 ) 2 1 (1 32 ) 2 2 (1 46 2 36 ) 5 1 2 (1 80 2 99 ) 2 1 (1 71 2 100 ) 2 2 (1 91 ) 
5 1 4 1 1 (1 59 2 52 ) 1 2 (1 56 2 56 ) 4 1 1 (2 84 ) 1 2 (1 87 ) 2 2 (1 69 2 122 ) 2 2 2 (1 51 2 47 ) 3 1 1 (1 62 2 63 ) 1 2 (2 69 ) 4 1 1 (1 24 2 16 ) 2 1 (1 19 2 20 ) 
5 3 2 2 1 (1 33 ) 2 2 (2 36 ) 2 2 1 (1 89 ) 2 2 (2 85 ) 4 1 1 (2 57 ) 1 2 (2 47 ) 2 1 (1 44 ) 2 2 (2 46 ) 2 1 2 (1 7 ) 2 2 (1 7 ) 6 1 1 (1 83 2 82 ) 2 1 (1 91 2 76 ) 2 2 (1 104 2 69 ) 
5 1 3 1 1 (2 48 ) 1 2 (1 41 2 48 ) 4 1 2 (1 26 ) 2 1 (1 27 2 30 ) 2 2 (1 32 ) 1 2 2 (2 7 ) 2 1 2 (1 58 2 99 ) 7 1 1 (1 67 2 47 ) 1 2 (1 65 ) 2 1 (1 65 2 65 ) 2 2 (1 48 2 68 ) 
5 11 3 2 1 (1 37 2 36 ) 2 2 (2 43 ) 4 1 1 (1 58 2 54 ) 1 2 (2 52 ) 2 1 (2 47 ) 3 2 1 (2 99 ) 2 2 (1 100 2 96 ) 2 1 2 (1 9 2 9 ) 3 1 2 (1 11 ) 2 1 (2 11 ) 2 2 (2 6 ) 
5 13 2 2 1 (1 28 ) 2 2 (2 33 ) 2 1 1 (1 68 ) 1 2 (1 59 ) 5 1 1 (2 91 ) 1 2 (1 117 2 105 ) 2 1 (1 84 2 103 ) 3 2 1 (1 90 2 95 ) 2 2 (1 103 ) 2 2 2 (1 98 2 94 ) 
5 6 3 1 1 (1 70 ) 2 1 (2 72 ) 2 2 (1 92 ) 1 2 2 (2 82 ) 1 2 1 (2 27 ) 2 2 1 (1 106 2 107 ) 5 1 1 (2 112 ) 1 2 (1 118 2 106 ) 2 2 (1 100 2 111 ) 
5 11 5 1 2 (1 119 2 129 ) 2 1 (1 92 2 97 ) 2 2 (1 109 ) 4 1 1 (1 63 ) 2 1 (1 83 ) 2 2 (1 57 2 59 ) 2 1 2 (1 54 2 57 ) 3 1 1 (1 106 2 96 ) 1 2 (1 91 ) 5 1 1 (1 48 ) 2 1 (1 36 2 42 ) 2 2 (1 45 2 35 ) 
5 9 3 2 1 (1 68 2 70 ) 2 2 (2 81 ) 1 2 2 (2 85 ) 4 1 1 (1 26 2 36 ) 2 2 (1 34 2 31 ) 2 2 1 (1 44 ) 2 2 (2 52 ) 4 2 1 (1 42 2 44 ) 2 2 (1 35 2 41 ) 
5 10 3 1 1 (1 8 ) 2 1 (1 6 ) 2 2 (2 7 ) 3 2 1 (1 19 2 25 ) 2 2 (2 22 ) 6 1 1 (1 5 2 11 ) 1 2 (1 10 ) 2 1 (2 10 ) 2 2 (1 14 2 12 ) 3 2 1 (1 84 ) 2 2 (1 82 2 82 ) 4 1 1 (2 53 ) 1 2 (2 50 ) 2 1 (2 58 ) 2 2 (2 54 ) 
5 6 2 1 1 (1 52 2 46 ) 4 1 2 (2 84 ) 2 1 (1 85 2 109 ) 2 2 (2 107 ) 3 2 1 (1 70 2 56 ) 2 2 (1 84 ) 3 1 1 (1 52 2 55 ) 1 2 (1 43 ) 3 1 1 (1 27 ) 2 2 (1 24 2 31 ) 
5 9 2 1 2 (1 22 2 25 ) 4 1 1 (2 83 ) 2 1 (1 86 2 75 ) 2 2 (2 101 ) 6 1 2 (1 55 2 65 ) 2 1 (1 68 2 61 ) 2 2 (1 61 2 65 ) 5 1 1 (1 79 2 64 ) 2 1 (1 67 ) 2 2 (1 71 2 59 ) 2 1 1 (2 34 ) 2 2 (1 21 ) 
5 5 5 1 1 (2 92 ) 1 2 (1 60 2 93 ) 2 2 (1 91 2 85 ) 3 1 1 (1 29 2 38 ) 2 1 (1 34 ) 4 1 1 (1 72 2 88 ) 2 1 (1 86 2 78 ) 3 1 1 (1 123 2 90 ) 1 2 (1 100 ) 1 1 2 (2 36 ) 