10 2 2 2
14 0 2 0 47 0 11 0 3 0 41 0 14 0 3 0 42 0 14 0 3 0 43 0
14 0 2 0 47 0 11 0 3 0 41 0 14 0 3 0 42 0 14 0 3 0 43 0
10 15 4 2 1 (1 62 2 55 ) 2 2 (1 53 2 68 ) 4 1 1 (1 66 2 92 ) 2 2 (1 84 2 87 ) 5 1 1 (1 37 2 41 ) 1 2 (1 39 2 37 ) 2 2 (2 39 ) 4 1 1 (2 55 ) 1 2 (1 52 ) 2 1 (1 72 2 52 ) 3 1 1 (1 44 2 41 ) 2 1 (2 35 ) 2 2 1 (2 36 ) 2 2 (1 32 ) 5 1 2 (1 63 2 57 ) 2 1 (2 80 ) 2 2 (1 81 2 70 ) 5 1 1 (1 110 ) 1 2 (2 92 ) 2 1 (1 106 2 94 ) 2 2 (1 96 ) 5 1 1 (1 62 ) 1 2 (1 73 2 56 ) 2 1 (2 50 ) 2 2 (2 52 ) 3 1 1 (2 5 ) 2 2 (1 5 2 3 ) 
10 20 2 1 1 (1 21 ) 2 1 (2 21 ) 7 1 1 (1 49 2 43 ) 1 2 (2 39 ) 2 1 (1 65 2 43 ) 2 2 (1 47 2 52 ) 2 1 1 (1 29 2 32 ) 6 1 1 (2 70 ) 1 2 (1 58 2 53 ) 2 1 (1 67 2 56 ) 2 2 (2 67 ) 2 2 2 (1 89 2 104 ) 3 1 1 (1 21 ) 1 2 (1 19 2 22 ) 5 1 1 (1 82 2 49 ) 2 1 (1 61 2 59 ) 2 2 (2 34 ) 4 1 1 (1 22 2 23 ) 1 2 (2 20 ) 2 1 (2 19 ) 3 1 1 (1 35 2 33 ) 2 2 (2 39 ) 6 1 1 (1 45 2 38 ) 1 2 (2 36 ) 2 1 (1 54 2 48 ) 2 2 (1 49 ) 
10 20 1 1 2 (1 36 ) 2 2 2 (1 30 2 18 ) 1 2 2 (1 38 ) 4 1 1 (1 25 2 24 ) 1 2 (1 30 ) 2 2 (1 31 ) 6 1 1 (1 100 ) 1 2 (1 74 2 88 ) 2 1 (1 87 ) 2 2 (1 86 2 85 ) 4 1 1 (1 67 2 69 ) 1 2 (1 87 ) 2 1 (2 81 ) 5 1 1 (1 19 2 19 ) 1 2 (1 25 ) 2 2 (1 24 2 24 ) 1 1 1 (1 26 ) 4 1 1 (1 6 2 6 ) 1 2 (1 5 2 7 ) 3 2 1 (2 84 ) 2 2 (1 65 2 78 ) 
10 16 4 1 2 (2 10 ) 2 1 (1 14 ) 2 2 (1 8 2 15 ) 3 2 1 (1 30 2 27 ) 2 2 (2 40 ) 1 2 1 (2 46 ) 6 1 1 (1 80 2 59 ) 1 2 (1 71 2 100 ) 2 1 (1 60 2 81 ) 2 1 1 (1 33 ) 2 1 (2 37 ) 4 1 1 (1 13 ) 1 2 (1 17 2 17 ) 2 1 (1 11 ) 5 1 1 (1 42 2 54 ) 1 2 (2 44 ) 2 2 (1 53 2 63 ) 2 1 2 (1 59 2 47 ) 6 1 1 (1 60 2 97 ) 1 2 (2 86 ) 2 1 (1 98 2 64 ) 2 2 (1 99 ) 3 1 2 (2 28 ) 2 1 (2 32 ) 2 2 (2 35 ) 
10 14 3 1 1 (2 93 ) 2 1 (2 78 ) 2 2 (1 79 ) 4 1 2 (1 51 2 53 ) 2 2 (1 54 2 43 ) 3 2 1 (2 26 ) 2 2 (1 22 2 23 ) 7 1 1 (1 24 2 24 ) 1 2 (1 28 2 27 ) 2 1 (2 23 ) 2 2 (1 29 2 27 ) 3 1 1 (2 63 ) 1 2 (1 60 ) 2 1 (1 77 ) 5 1 1 (1 44 ) 1 2 (1 51 2 43 ) 2 1 (1 50 2 39 ) 6 1 1 (1 80 2 88 ) 1 2 (1 83 ) 2 1 (2 91 ) 2 2 (1 91 2 91 ) 3 2 1 (1 6 2 8 ) 2 2 (2 7 ) 5 1 2 (1 39 2 31 ) 2 1 (1 47 2 46 ) 2 2 (2 36 ) 3 2 1 (1 16 2 13 ) 2 2 (1 18 ) 
10 19 1 1 1 (1 48 ) 3 2 1 (2 20 ) 2 2 (1 23 2 31 ) 1 1 2 (2 67 ) 8 1 1 (1 94 2 87 ) 1 2 (1 83 2 87 ) 2 1 (1 97 2 74 ) 2 2 (1 93 2 61 ) 1 1 1 (1 13 ) 5 1 1 (1 76 2 53 ) 1 2 (1 78 2 53 ) 2 1 (2 57 ) 1 2 2 (2 43 ) 5 1 1 (1 29 2 66 ) 1 2 (2 71 ) 2 1 (1 57 2 54 ) 1 2 2 (2 19 ) 4 1 2 (1 85 2 78 ) 2 1 (1 97 2 85 ) 
10 14 3 1 2 (1 70 2 68 ) 2 1 (2 77 ) 6 1 1 (1 75 ) 1 2 (1 78 2 76 ) 2 1 (1 85 2 56 ) 2 2 (2 73 ) 4 1 1 (1 42 2 50 ) 2 2 (1 40 2 34 ) 1 1 1 (1 36 ) 6 1 1 (1 41 ) 1 2 (2 47 ) 2 1 (1 47 2 45 ) 2 2 (1 52 2 49 ) 6 1 1 (1 53 2 59 ) 1 2 (1 57 2 58 ) 2 2 (1 49 2 59 ) 1 2 2 (2 75 ) 5 1 1 (1 14 2 13 ) 1 2 (1 11 ) 2 2 (1 17 2 14 ) 1 2 1 (1 73 ) 4 1 1 (2 97 ) 2 1 (1 89 2 91 ) 2 2 (2 93 ) 
10 17 6 1 1 (1 58 2 55 ) 1 2 (1 58 2 58 ) 2 2 (1 59 2 57 ) 1 1 1 (2 87 ) 2 2 1 (1 47 2 39 ) 1 1 1 (2 79 ) 3 1 1 (1 69 2 86 ) 2 1 (2 65 ) 4 1 1 (1 24 ) 2 1 (1 24 2 25 ) 2 2 (1 30 ) 4 1 1 (1 25 2 32 ) 1 2 (2 32 ) 2 2 (2 25 ) 6 1 1 (2 40 ) 1 2 (2 66 ) 2 1 (1 62 2 36 ) 2 2 (1 50 2 34 ) 2 1 1 (1 50 ) 2 1 (2 39 ) 3 1 1 (1 86 2 69 ) 1 2 (2 37 ) 
10 17 6 1 1 (1 10 ) 1 2 (1 10 2 12 ) 2 1 (1 12 2 9 ) 2 2 (1 10 ) 6 1 2 (1 65 2 71 ) 2 1 (1 56 2 50 ) 2 2 (1 67 2 59 ) 5 1 1 (1 71 2 76 ) 1 2 (1 73 2 65 ) 2 2 (2 67 ) 2 1 1 (1 86 ) 1 2 (2 83 ) 6 1 1 (1 12 2 10 ) 1 2 (1 8 2 7 ) 2 2 (1 9 2 11 ) 3 1 1 (1 83 ) 1 2 (1 66 2 41 ) 2 2 2 (1 34 2 46 ) 4 1 1 (1 80 ) 1 2 (1 82 2 92 ) 2 1 (1 73 ) 4 1 1 (1 63 2 93 ) 1 2 (1 110 2 92 ) 4 1 1 (1 20 2 19 ) 1 2 (1 19 ) 2 2 (2 20 ) 
10 19 2 1 2 (1 56 2 56 ) 2 1 1 (1 28 2 31 ) 5 1 1 (1 109 2 109 ) 1 2 (1 98 ) 2 1 (2 108 ) 2 2 (1 126 ) 5 1 1 (1 92 2 89 ) 1 2 (1 100 ) 2 1 (1 100 2 110 ) 2 2 2 (1 67 2 58 ) 2 2 2 (1 88 2 76 ) 3 1 1 (1 41 ) 1 2 (2 44 ) 2 2 (2 37 ) 2 2 1 (1 108 2 88 ) 5 1 1 (1 48 2 37 ) 2 1 (2 54 ) 2 2 (1 53 2 57 ) 1 1 2 (2 69 ) 