20 2 2 2
15 0 3 0 47 0 11 0 2 0 42 0 15 0 3 0 40 0 13 0 3 0 44 0
15 0 3 0 47 0 11 0 2 0 42 0 15 0 3 0 40 0 13 0 3 0 44 0
5 12 3 1 1 (2 30 ) 1 2 (1 40 2 29 ) 7 1 1 (1 25 2 18 ) 1 2 (1 20 2 21 ) 2 1 (1 24 2 23 ) 2 2 (2 25 ) 1 1 2 (2 52 ) 4 1 1 (1 52 2 46 ) 1 2 (1 52 2 60 ) 3 2 1 (1 69 ) 2 2 (1 80 2 91 ) 
5 3 3 1 1 (2 22 ) 1 2 (2 21 ) 2 2 (2 23 ) 2 2 1 (2 48 ) 2 2 (2 58 ) 2 1 2 (1 87 2 56 ) 3 2 1 (1 16 2 17 ) 2 2 (1 16 ) 4 1 1 (1 20 2 23 ) 1 2 (1 31 2 23 ) 
5 11 4 1 1 (1 16 2 11 ) 2 1 (2 9 ) 2 2 (2 12 ) 5 1 1 (2 43 ) 1 2 (1 47 ) 2 1 (1 61 ) 2 2 (1 45 2 39 ) 2 1 1 (2 33 ) 2 1 (2 28 ) 4 1 2 (1 88 ) 2 1 (1 82 2 104 ) 2 2 (2 105 ) 3 1 1 (2 24 ) 1 2 (1 45 2 41 ) 
5 9 3 1 1 (1 69 2 70 ) 2 1 (1 51 ) 3 1 1 (1 85 2 81 ) 1 2 (2 50 ) 3 1 2 (1 86 2 77 ) 2 2 (1 71 ) 3 1 1 (1 57 ) 1 2 (2 58 ) 2 1 (1 49 ) 6 1 1 (2 63 ) 1 2 (1 67 2 81 ) 2 1 (1 70 2 93 ) 2 2 (2 81 ) 
5 9 3 2 1 (1 86 2 97 ) 2 2 (2 80 ) 5 1 1 (2 34 ) 1 2 (1 34 2 37 ) 2 2 (1 37 2 36 ) 7 1 1 (1 30 2 38 ) 1 2 (1 30 2 45 ) 2 1 (2 47 ) 2 2 (1 46 2 22 ) 4 2 1 (1 23 2 22 ) 2 2 (1 23 2 20 ) 2 2 1 (1 50 2 64 ) 
5 5 6 1 1 (1 81 2 92 ) 1 2 (2 87 ) 2 1 (1 73 2 83 ) 2 2 (1 70 ) 1 1 2 (1 42 ) 3 1 1 (2 114 ) 1 2 (2 81 ) 2 2 (2 85 ) 3 1 1 (2 56 ) 1 2 (1 58 2 57 ) 3 1 1 (1 56 2 50 ) 2 2 (2 37 ) 
5 3 4 1 1 (1 84 2 89 ) 2 1 (1 91 2 77 ) 1 2 2 (1 74 ) 3 1 2 (1 71 ) 2 1 (2 101 ) 2 2 (2 89 ) 4 1 1 (2 76 ) 1 2 (1 85 2 97 ) 2 1 (1 95 ) 3 1 1 (1 58 ) 1 2 (1 77 ) 2 2 (1 75 ) 
5 5 1 2 2 (1 91 ) 5 1 1 (1 23 ) 1 2 (1 19 2 21 ) 2 1 (2 23 ) 2 2 (1 22 ) 5 1 1 (1 36 2 33 ) 1 2 (1 42 ) 2 1 (1 42 ) 2 2 (2 40 ) 6 1 1 (1 41 ) 1 2 (1 43 2 34 ) 2 1 (2 48 ) 2 2 (1 30 2 31 ) 3 1 2 (2 60 ) 2 1 (2 73 ) 2 2 (1 69 ) 
5 13 4 1 1 (2 26 ) 1 2 (1 26 ) 2 2 (1 31 2 28 ) 2 1 1 (2 47 ) 1 2 (1 52 ) 3 2 1 (1 56 ) 2 2 (1 33 2 38 ) 6 1 1 (1 88 2 98 ) 1 2 (1 96 2 104 ) 2 1 (1 114 2 75 ) 1 1 2 (1 15 ) 
5 6 2 1 2 (1 101 2 96 ) 2 1 1 (1 61 2 70 ) 5 1 1 (1 43 ) 2 1 (1 35 2 47 ) 2 2 (1 40 2 31 ) 6 1 1 (1 79 2 73 ) 2 1 (1 76 2 81 ) 2 2 (1 81 2 71 ) 4 1 1 (2 86 ) 2 1 (1 78 ) 2 2 (1 72 2 87 ) 
5 10 2 1 1 (1 95 2 114 ) 6 1 1 (1 87 2 67 ) 1 2 (1 86 2 92 ) 2 2 (1 90 2 82 ) 4 1 1 (2 7 ) 1 2 (1 9 ) 2 1 (1 6 2 8 ) 2 2 1 (1 29 2 22 ) 2 1 2 (1 32 2 30 ) 
5 11 4 1 1 (1 12 ) 1 2 (1 9 ) 2 2 (1 13 2 7 ) 5 1 1 (1 102 2 92 ) 2 1 (1 100 ) 2 2 (1 91 2 75 ) 3 2 1 (2 52 ) 2 2 (1 57 2 50 ) 1 2 2 (2 9 ) 1 1 1 (1 44 ) 
5 3 2 1 2 (2 98 ) 2 2 (2 100 ) 1 2 2 (1 54 ) 5 1 1 (1 55 ) 1 2 (1 44 ) 2 1 (1 48 ) 2 2 (1 54 2 57 ) 2 1 2 (1 54 ) 2 1 (1 45 ) 4 1 2 (1 15 ) 2 1 (1 14 2 15 ) 2 2 (2 14 ) 
5 6 4 2 1 (1 32 2 26 ) 2 2 (1 29 2 21 ) 5 1 2 (2 42 ) 2 1 (1 35 2 49 ) 2 2 (1 48 2 53 ) 6 1 1 (1 43 2 45 ) 1 2 (2 37 ) 2 1 (2 35 ) 2 2 (1 47 2 48 ) 2 1 1 (2 26 ) 1 2 (1 24 ) 5 1 1 (1 41 ) 1 2 (1 61 2 39 ) 2 1 (1 54 2 38 ) 
5 1 5 1 1 (1 8 ) 2 1 (1 10 2 9 ) 2 2 (1 9 2 10 ) 2 2 1 (2 70 ) 2 2 (1 101 ) 3 1 1 (2 36 ) 1 2 (1 42 2 42 ) 4 1 2 (1 40 2 42 ) 2 1 (1 38 ) 2 2 (2 35 ) 4 1 1 (1 47 2 36 ) 2 2 (1 40 2 46 ) 
5 7 3 1 1 (1 58 2 44 ) 2 2 (2 48 ) 1 1 2 (1 24 ) 3 2 1 (2 45 ) 2 2 (1 46 2 45 ) 2 2 1 (1 14 2 15 ) 5 1 1 (1 77 ) 1 2 (1 59 2 57 ) 2 1 (2 73 ) 2 2 (2 75 ) 
5 10 5 1 1 (1 22 2 34 ) 1 2 (1 34 2 43 ) 2 2 (1 31 ) 2 2 1 (1 24 2 26 ) 3 1 2 (1 27 2 28 ) 2 1 (1 27 ) 4 2 1 (1 81 2 68 ) 2 2 (1 70 2 42 ) 3 1 2 (1 40 2 26 ) 2 2 (2 46 ) 
5 7 6 1 1 (1 86 2 73 ) 1 2 (1 85 2 89 ) 2 1 (2 86 ) 2 2 (2 112 ) 1 2 1 (2 29 ) 4 1 1 (2 8 ) 2 1 (1 8 2 7 ) 2 2 (2 8 ) 2 1 2 (1 56 2 63 ) 4 2 1 (1 45 2 43 ) 2 2 (1 41 2 39 ) 
5 10 3 1 1 (1 92 2 75 ) 1 2 (1 70 ) 5 1 2 (2 80 ) 2 1 (1 59 2 63 ) 2 2 (1 64 2 68 ) 5 1 1 (2 78 ) 1 2 (1 99 ) 2 1 (2 95 ) 2 2 (1 122 2 89 ) 4 2 1 (1 72 2 78 ) 2 2 (1 99 2 63 ) 2 2 1 (2 26 ) 2 2 (2 23 ) 
5 10 1 1 1 (1 70 ) 5 1 2 (1 46 2 48 ) 2 1 (1 47 2 43 ) 2 2 (1 45 ) 4 2 1 (1 71 2 93 ) 2 2 (1 86 2 74 ) 3 2 1 (1 77 2 65 ) 2 2 (1 72 ) 2 2 2 (1 78 2 93 ) 