20 2 2 2
15 0 2 0 45 0 15 0 3 0 44 0 12 0 1 0 45 0 15 0 3 0 48 0
15 0 2 0 45 0 15 0 3 0 44 0 12 0 1 0 45 0 15 0 3 0 48 0
5 11 4 1 1 (2 60 ) 1 2 (1 77 ) 2 2 (1 51 2 57 ) 2 1 1 (1 93 2 118 ) 2 2 1 (1 60 ) 2 2 (2 62 ) 2 2 1 (2 65 ) 2 2 (2 99 ) 2 1 2 (1 58 2 58 ) 
5 4 6 1 1 (1 61 ) 1 2 (1 42 ) 2 1 (1 49 2 54 ) 2 2 (1 44 2 53 ) 5 1 1 (2 49 ) 1 2 (1 47 2 51 ) 2 2 (1 54 2 44 ) 4 1 1 (2 35 ) 2 1 (1 50 ) 2 2 (1 45 2 39 ) 2 1 1 (2 37 ) 1 2 (2 25 ) 6 1 1 (1 6 2 5 ) 1 2 (1 5 ) 2 1 (1 4 ) 2 2 (1 5 2 5 ) 
5 5 5 1 1 (2 16 ) 1 2 (1 21 2 15 ) 2 1 (2 20 ) 2 2 (1 21 ) 1 2 2 (1 54 ) 5 1 1 (2 62 ) 2 1 (1 119 2 94 ) 2 2 (1 71 2 86 ) 3 2 1 (2 24 ) 2 2 (1 20 2 19 ) 1 1 2 (2 48 ) 
5 4 7 1 1 (1 39 2 32 ) 1 2 (1 38 2 31 ) 2 1 (1 39 2 39 ) 2 2 (2 31 ) 1 1 2 (2 59 ) 2 1 1 (2 19 ) 1 2 (2 17 ) 1 2 2 (2 35 ) 4 1 2 (2 61 ) 2 1 (2 38 ) 2 2 (1 50 2 55 ) 
5 7 4 1 2 (2 72 ) 2 1 (2 59 ) 2 2 (1 64 2 76 ) 2 1 1 (2 26 ) 2 2 (1 22 ) 3 1 1 (2 27 ) 1 2 (1 33 2 29 ) 6 1 1 (1 26 2 27 ) 1 2 (1 32 2 30 ) 2 2 (1 26 2 28 ) 6 1 1 (1 22 2 24 ) 1 2 (1 28 2 24 ) 2 1 (1 18 2 21 ) 
5 5 4 1 1 (1 82 2 68 ) 1 2 (1 73 2 74 ) 1 2 1 (1 24 ) 5 1 1 (1 90 2 96 ) 1 2 (1 68 2 75 ) 2 2 (2 81 ) 6 1 1 (1 47 2 41 ) 1 2 (1 33 ) 2 1 (1 42 2 49 ) 2 2 (2 45 ) 3 1 1 (1 2 2 6 ) 1 2 (1 5 ) 
5 3 2 2 2 (1 66 2 57 ) 1 1 1 (1 35 ) 3 1 1 (1 13 ) 1 2 (1 9 ) 2 2 (1 13 ) 5 1 1 (2 36 ) 1 2 (1 30 2 25 ) 2 1 (1 33 ) 2 2 (2 30 ) 3 2 1 (2 54 ) 2 2 (1 63 2 59 ) 
5 10 6 1 2 (1 14 2 13 ) 2 1 (1 13 2 13 ) 2 2 (1 13 2 13 ) 3 2 1 (1 28 ) 2 2 (1 40 2 31 ) 5 1 1 (2 55 ) 1 2 (1 49 2 55 ) 2 2 (1 46 2 43 ) 3 1 2 (2 100 ) 2 1 (2 72 ) 2 2 (1 75 ) 4 1 1 (1 40 ) 2 1 (1 34 2 40 ) 2 2 (1 34 ) 
5 11 4 2 1 (1 39 2 44 ) 2 2 (1 59 2 47 ) 3 1 1 (1 39 2 34 ) 2 1 (1 34 ) 1 2 2 (1 42 ) 3 2 1 (1 91 2 96 ) 2 2 (1 67 ) 3 1 1 (1 7 2 7 ) 2 1 (2 8 ) 
5 7 6 1 1 (1 92 ) 1 2 (1 104 ) 2 1 (1 93 2 109 ) 2 2 (1 114 2 87 ) 2 1 1 (1 22 2 20 ) 1 2 2 (2 61 ) 2 1 2 (1 12 2 21 ) 4 1 2 (1 23 2 23 ) 2 1 (1 19 2 23 ) 
5 1 4 1 1 (1 53 2 57 ) 1 2 (2 83 ) 2 1 (1 61 ) 2 1 1 (2 92 ) 2 2 (1 97 ) 4 1 1 (2 54 ) 1 2 (2 80 ) 2 1 (1 63 2 67 ) 2 1 2 (1 85 ) 2 2 (2 80 ) 4 1 1 (1 20 2 19 ) 1 2 (1 20 ) 2 1 (2 26 ) 
5 4 4 1 1 (2 63 ) 1 2 (1 60 2 44 ) 2 2 (1 61 ) 4 1 1 (1 35 2 48 ) 1 2 (1 55 2 27 ) 3 1 1 (2 10 ) 1 2 (1 12 2 12 ) 4 1 1 (1 59 ) 1 2 (1 57 2 62 ) 2 1 (2 65 ) 4 1 2 (1 26 ) 2 1 (2 28 ) 2 2 (1 24 2 26 ) 
5 11 3 1 1 (2 52 ) 1 2 (1 55 ) 2 1 (1 44 ) 2 2 1 (2 83 ) 2 2 (1 80 ) 6 1 1 (1 93 2 86 ) 2 1 (1 94 2 92 ) 2 2 (1 93 2 88 ) 2 1 1 (1 98 2 101 ) 6 1 1 (1 45 ) 1 2 (1 30 ) 2 1 (1 50 2 45 ) 2 2 (1 34 2 54 ) 
5 11 5 1 1 (1 54 2 56 ) 2 1 (1 52 2 48 ) 2 2 (1 65 ) 4 1 1 (1 53 ) 1 2 (1 58 2 49 ) 2 1 (1 54 ) 6 1 1 (1 12 2 17 ) 1 2 (1 13 ) 2 1 (2 15 ) 2 2 (1 17 2 12 ) 6 1 2 (1 67 2 62 ) 2 1 (1 87 2 62 ) 2 2 (1 60 2 46 ) 5 1 2 (1 85 2 70 ) 2 1 (1 80 ) 2 2 (1 75 2 73 ) 
5 12 3 1 2 (1 42 2 28 ) 2 2 (2 28 ) 1 2 1 (1 52 ) 6 1 1 (1 100 2 112 ) 1 2 (2 80 ) 2 1 (2 68 ) 2 2 (1 75 2 73 ) 5 1 1 (1 79 2 80 ) 1 2 (2 61 ) 2 2 (1 68 2 86 ) 5 1 1 (1 91 2 92 ) 1 2 (2 90 ) 2 1 (2 93 ) 2 2 (2 72 ) 
5 5 6 1 1 (1 71 ) 1 2 (1 44 2 49 ) 2 1 (1 36 2 47 ) 2 2 (2 64 ) 2 2 1 (2 36 ) 2 2 (2 25 ) 3 1 1 (2 21 ) 1 2 (2 27 ) 2 2 (1 21 ) 3 1 2 (1 71 ) 2 1 (1 73 ) 2 2 (1 66 ) 6 1 1 (1 43 2 49 ) 1 2 (1 58 ) 2 1 (1 50 2 45 ) 2 2 (1 49 ) 
5 1 5 1 1 (1 12 ) 1 2 (1 10 2 11 ) 2 2 (1 8 2 13 ) 4 1 2 (2 60 ) 2 1 (1 65 2 59 ) 2 2 (2 68 ) 1 1 1 (2 10 ) 4 2 1 (1 77 2 57 ) 2 2 (1 80 2 67 ) 2 1 1 (2 19 ) 1 2 (1 24 ) 
5 5 5 1 1 (1 36 ) 1 2 (2 32 ) 2 1 (1 45 ) 2 2 (1 36 2 38 ) 2 1 1 (1 96 2 83 ) 4 1 2 (2 91 ) 2 1 (1 108 2 98 ) 2 2 (1 119 ) 2 2 1 (1 83 2 74 ) 4 1 1 (1 67 2 48 ) 1 2 (1 62 ) 2 1 (1 75 ) 
5 9 3 1 1 (1 73 ) 1 2 (1 103 2 121 ) 2 2 2 (1 54 2 57 ) 7 1 1 (1 125 2 81 ) 1 2 (2 101 ) 2 1 (1 100 2 66 ) 2 2 (1 120 2 94 ) 2 2 2 (1 82 2 36 ) 5 1 1 (1 57 ) 2 1 (1 46 2 43 ) 2 2 (1 31 2 45 ) 
5 4 3 2 1 (2 57 ) 2 2 (1 48 2 70 ) 5 1 1 (1 93 2 73 ) 1 2 (2 94 ) 2 2 (1 82 2 82 ) 7 1 1 (1 47 2 46 ) 1 2 (1 36 2 40 ) 2 1 (1 50 ) 2 2 (1 49 2 52 ) 2 1 1 (1 77 ) 2 1 (1 69 ) 1 2 1 (1 36 ) 