15 2 1 3
15 0 2 0 47 0 15 0 3 0 44 0 13 0 2 0 41 0
15 0 2 0 47 0 15 0 3 0 44 0 13 0 2 0 41 0
5 13 3 2 1 (1 58 2 60 3 67 ) 5 1 1 (1 54 2 51 3 26 ) 2 1 (1 41 2 65 ) 3 1 1 (1 6 2 4 3 4 ) 5 1 1 (1 8 3 10 ) 2 1 (1 10 2 10 3 8 ) 3 1 1 (1 52 2 40 3 64 ) 
5 6 2 1 1 (1 91 ) 2 1 (3 91 ) 3 1 1 (1 108 2 75 3 96 ) 4 1 1 (1 99 2 99 3 77 ) 2 1 (1 96 ) 2 2 1 (1 80 3 86 ) 3 1 1 (1 80 2 88 3 72 ) 
5 3 5 1 1 (1 58 3 106 ) 2 1 (1 89 2 88 3 71 ) 1 2 1 (3 92 ) 3 1 1 (1 99 3 81 ) 2 1 (3 77 ) 4 1 1 (2 34 3 45 ) 2 1 (1 41 2 44 ) 3 1 1 (1 99 2 102 3 129 ) 
5 7 2 2 1 (1 46 3 67 ) 2 2 1 (1 25 3 15 ) 6 1 1 (1 24 2 29 3 31 ) 2 1 (1 26 2 29 3 33 ) 5 1 1 (1 16 2 15 3 17 ) 2 1 (2 15 3 12 ) 3 1 1 (1 56 2 62 3 73 ) 
5 8 3 2 1 (1 51 2 53 3 48 ) 5 1 1 (1 42 3 36 ) 2 1 (1 51 2 29 3 32 ) 4 1 1 (1 38 ) 2 1 (1 63 2 44 3 60 ) 4 1 1 (3 41 ) 2 1 (1 70 2 82 3 87 ) 2 2 1 (1 85 3 80 ) 
5 4 4 1 1 (1 32 3 32 ) 2 1 (1 31 3 38 ) 3 1 1 (1 83 2 70 3 83 ) 2 2 1 (1 87 2 84 ) 5 1 1 (2 6 3 7 ) 2 1 (1 7 2 9 3 13 ) 5 1 1 (2 24 3 27 ) 2 1 (1 26 2 25 3 21 ) 
5 13 1 2 1 (2 78 ) 1 2 1 (1 67 ) 1 1 1 (1 56 ) 5 1 1 (1 16 2 16 3 16 ) 2 1 (2 17 3 12 ) 3 1 1 (3 7 ) 2 1 (1 8 2 9 ) 
5 9 2 2 1 (2 66 3 64 ) 1 1 1 (1 35 ) 2 1 1 (1 85 ) 2 1 (1 64 ) 3 2 1 (1 41 2 36 3 33 ) 4 1 1 (2 12 ) 2 1 (1 9 2 10 3 13 ) 
5 10 4 1 1 (1 59 2 74 3 70 ) 2 1 (3 79 ) 3 1 1 (1 90 2 91 3 75 ) 1 1 1 (1 61 ) 1 1 1 (2 96 ) 3 1 1 (2 86 3 101 ) 2 1 (1 98 ) 
5 7 6 1 1 (1 63 2 80 3 68 ) 2 1 (1 59 2 75 3 56 ) 1 1 1 (3 14 ) 4 1 1 (1 10 2 11 3 16 ) 2 1 (2 15 ) 6 1 1 (1 12 2 13 3 11 ) 2 1 (1 11 2 13 3 13 ) 4 1 1 (1 69 2 82 ) 2 1 (1 78 2 74 ) 
5 9 1 2 1 (1 47 ) 3 1 1 (1 93 2 87 3 118 ) 6 1 1 (1 69 2 67 3 76 ) 2 1 (1 61 2 83 3 62 ) 4 1 1 (1 22 2 30 3 34 ) 2 1 (1 30 ) 4 1 1 (1 54 2 65 ) 2 1 (2 43 3 59 ) 
5 4 4 1 1 (1 72 2 61 3 69 ) 2 1 (3 61 ) 3 1 1 (2 53 3 50 ) 2 1 (1 75 ) 4 1 1 (1 99 ) 2 1 (1 97 2 109 3 111 ) 1 1 1 (3 8 ) 2 1 1 (2 80 ) 2 1 (3 77 ) 
5 11 2 1 1 (3 30 ) 2 1 (3 27 ) 1 2 1 (3 81 ) 2 1 1 (2 74 3 68 ) 3 2 1 (1 6 2 7 3 6 ) 3 2 1 (1 97 2 111 3 82 ) 
5 2 3 1 1 (1 107 ) 2 1 (1 92 2 91 ) 1 2 1 (1 51 ) 4 1 1 (1 41 2 33 3 47 ) 2 1 (1 28 ) 3 2 1 (1 24 2 20 3 26 ) 3 1 1 (2 47 ) 2 1 (1 45 2 62 ) 
5 9 6 1 1 (1 50 2 46 3 72 ) 2 1 (1 83 2 86 3 78 ) 5 1 1 (2 41 3 34 ) 2 1 (1 32 2 41 3 42 ) 6 1 1 (1 41 2 39 3 37 ) 2 1 (1 37 2 33 3 34 ) 5 1 1 (1 14 3 10 ) 2 1 (1 14 2 16 3 15 ) 4 1 1 (1 6 3 6 ) 2 1 (1 7 3 7 ) 