10 2 2 2
12 0 3 0 44 0 12 0 2 0 43 0 12 0 3 0 50 0 10 0 3 0 44 0
12 0 3 0 44 0 12 0 2 0 43 0 12 0 3 0 50 0 10 0 3 0 44 0
10 19 3 1 2 (1 21 2 25 ) 2 2 (2 20 ) 2 1 2 (1 63 2 42 ) 2 2 2 (1 18 2 17 ) 6 1 1 (2 70 ) 1 2 (1 54 2 63 ) 2 1 (2 42 ) 2 2 (1 48 2 39 ) 3 1 1 (1 21 2 24 ) 1 2 (1 32 ) 7 1 1 (1 32 ) 1 2 (1 29 2 35 ) 2 1 (1 37 2 30 ) 2 2 (1 36 2 40 ) 3 2 1 (2 48 ) 2 2 (1 60 2 38 ) 3 2 1 (1 21 2 23 ) 2 2 (1 21 ) 6 1 1 (1 55 2 58 ) 2 1 (1 68 2 53 ) 2 2 (1 50 2 39 ) 8 1 1 (1 102 2 87 ) 1 2 (1 115 2 87 ) 2 1 (1 77 2 78 ) 2 2 (1 75 2 90 ) 
10 19 4 1 1 (1 59 ) 1 2 (1 41 ) 2 1 (2 47 ) 2 2 (1 40 ) 3 1 2 (1 34 2 28 ) 2 2 (1 32 ) 3 1 1 (2 140 ) 2 1 (1 78 ) 2 2 (1 86 ) 2 2 1 (1 70 2 79 ) 5 1 1 (1 12 2 11 ) 1 2 (1 16 ) 2 1 (1 10 2 10 ) 4 1 2 (1 60 2 59 ) 2 1 (1 76 ) 2 2 (2 70 ) 2 1 2 (1 43 2 38 ) 6 1 1 (1 81 2 65 ) 1 2 (1 82 2 65 ) 2 1 (1 87 2 67 ) 2 2 1 (2 96 ) 2 2 (1 82 ) 3 2 1 (1 43 2 44 ) 2 2 (1 37 ) 
10 17 3 2 1 (1 39 2 33 ) 2 2 (2 43 ) 4 1 2 (1 71 ) 2 1 (1 55 2 56 ) 2 2 (1 61 ) 1 1 2 (2 67 ) 2 2 1 (1 19 2 19 ) 2 1 1 (1 100 ) 1 2 (2 103 ) 4 1 1 (2 78 ) 2 1 (2 105 ) 2 2 (1 95 2 80 ) 2 2 1 (1 30 2 56 ) 7 1 1 (2 49 ) 1 2 (1 64 2 48 ) 2 1 (1 55 2 50 ) 2 2 (1 61 2 46 ) 3 1 1 (1 87 2 94 ) 2 1 (1 90 ) 4 1 1 (1 41 2 38 ) 1 2 (1 37 ) 2 1 (1 39 ) 
10 18 2 1 1 (1 99 2 75 ) 4 1 1 (1 69 2 68 ) 1 2 (1 63 ) 2 1 (2 75 ) 4 2 1 (1 51 2 77 ) 2 2 (1 73 2 98 ) 2 1 2 (1 38 ) 2 1 (2 39 ) 5 1 1 (2 24 ) 1 2 (1 30 2 24 ) 2 2 (1 23 2 22 ) 3 1 1 (1 87 2 90 ) 1 2 (2 82 ) 5 1 1 (2 37 ) 1 2 (1 43 2 50 ) 2 1 (1 40 2 51 ) 3 1 1 (1 59 2 91 ) 1 2 (1 75 ) 1 2 2 (1 77 ) 2 1 2 (1 65 2 49 ) 
10 14 3 2 1 (1 102 2 89 ) 2 2 (1 114 ) 5 1 1 (1 56 2 49 ) 2 1 (1 42 ) 2 2 (1 38 2 54 ) 3 2 1 (2 21 ) 2 2 (1 22 2 23 ) 4 1 1 (1 74 2 62 ) 2 1 (1 67 2 59 ) 5 1 1 (1 36 2 40 ) 1 2 (1 32 2 40 ) 2 2 (2 52 ) 2 1 2 (1 46 2 48 ) 4 1 2 (1 101 ) 2 1 (1 63 2 112 ) 2 2 (2 76 ) 3 2 1 (1 68 ) 2 2 (1 89 2 63 ) 7 1 1 (1 17 2 17 ) 1 2 (2 20 ) 2 1 (1 19 2 20 ) 2 2 (1 14 2 13 ) 4 1 1 (1 57 ) 1 2 (1 81 ) 2 1 (1 83 ) 2 2 (2 79 ) 
10 15 2 1 1 (1 37 ) 1 2 (1 29 ) 1 2 2 (1 83 ) 2 1 2 (2 22 ) 2 1 (1 25 ) 2 2 1 (2 10 ) 2 2 (1 9 ) 3 2 1 (2 73 ) 2 2 (1 60 2 58 ) 3 1 2 (1 10 2 9 ) 2 1 (2 9 ) 1 2 2 (1 92 ) 3 1 1 (2 33 ) 1 2 (1 32 2 29 ) 4 1 1 (1 7 2 6 ) 1 2 (1 6 2 8 ) 7 1 1 (1 109 2 66 ) 1 2 (2 92 ) 2 1 (1 87 2 98 ) 2 2 (1 110 2 100 ) 
10 19 3 1 1 (1 15 2 20 ) 1 2 (1 13 ) 1 1 1 (2 67 ) 2 1 1 (1 44 2 37 ) 8 1 1 (1 97 2 75 ) 1 2 (1 107 2 95 ) 2 1 (1 99 2 87 ) 2 2 (1 89 2 70 ) 1 1 1 (1 39 ) 5 1 1 (1 50 2 39 ) 1 2 (1 47 ) 2 1 (2 43 ) 2 2 (1 48 ) 2 1 1 (2 62 ) 2 1 (2 44 ) 3 1 1 (1 52 2 64 ) 2 2 (2 48 ) 5 1 1 (1 28 ) 2 1 (1 25 2 31 ) 2 2 (1 28 2 23 ) 2 1 1 (2 27 ) 1 2 (2 29 ) 
10 16 6 1 1 (1 41 2 47 ) 2 1 (1 45 2 46 ) 2 2 (1 56 2 48 ) 3 1 2 (2 95 ) 2 2 (1 68 2 66 ) 6 1 1 (2 46 ) 1 2 (1 39 2 52 ) 2 1 (2 43 ) 2 2 (1 39 2 38 ) 2 1 1 (1 19 2 26 ) 4 1 2 (1 60 2 56 ) 2 1 (1 61 ) 2 2 (1 48 ) 4 1 2 (1 46 2 42 ) 2 2 (1 51 2 49 ) 2 2 2 (1 14 2 13 ) 1 1 1 (2 9 ) 6 1 1 (1 42 ) 1 2 (1 40 2 38 ) 2 1 (1 32 2 45 ) 2 2 (1 32 ) 5 1 2 (1 59 2 64 ) 2 1 (1 61 2 60 ) 2 2 (1 71 ) 
10 15 2 1 1 (2 26 ) 2 1 (1 27 ) 1 2 1 (2 37 ) 2 2 2 (1 77 2 79 ) 5 1 1 (2 37 ) 1 2 (1 36 ) 2 1 (1 30 2 33 ) 2 2 (1 38 ) 5 1 1 (1 28 2 23 ) 1 2 (1 26 2 19 ) 2 2 (2 25 ) 2 2 2 (1 7 2 7 ) 4 1 1 (1 22 2 25 ) 2 1 (1 23 2 30 ) 2 2 1 (1 99 ) 2 2 (2 115 ) 5 1 1 (2 46 ) 1 2 (1 34 2 34 ) 2 2 (1 47 2 49 ) 4 1 1 (1 84 2 75 ) 1 2 (1 85 2 81 ) 
10 18 2 1 2 (1 82 2 74 ) 5 1 1 (2 69 ) 1 2 (1 89 2 70 ) 2 1 (1 91 2 92 ) 2 2 2 (1 89 2 94 ) 4 1 2 (2 100 ) 2 1 (1 95 ) 2 2 (1 87 2 126 ) 4 1 1 (1 31 2 29 ) 1 2 (2 28 ) 2 2 (1 29 ) 3 1 1 (1 76 ) 2 1 (2 51 ) 2 2 (1 84 ) 1 1 2 (1 37 ) 3 1 1 (1 68 2 102 ) 1 2 (2 88 ) 5 1 1 (1 83 2 84 ) 1 2 (1 78 ) 2 1 (1 66 2 89 ) 1 1 2 (1 63 ) 