10 2 2 2
14 0 1 0 45 0 14 0 3 0 41 0 10 0 2 0 41 0 12 0 3 0 50 0
14 0 1 0 45 0 14 0 3 0 41 0 10 0 2 0 41 0 12 0 3 0 50 0
10 18 4 1 2 (1 53 2 59 ) 2 2 (1 46 2 29 ) 2 2 2 (1 3 2 6 ) 5 1 1 (2 50 ) 1 2 (1 56 2 57 ) 2 2 (1 52 2 50 ) 3 1 1 (1 119 ) 1 2 (1 125 ) 2 2 (2 70 ) 3 2 1 (1 10 2 11 ) 2 2 (1 9 ) 3 1 1 (1 66 ) 1 2 (1 93 2 76 ) 5 1 1 (1 74 2 80 ) 1 2 (1 83 2 71 ) 2 1 (1 68 ) 6 1 1 (1 96 2 110 ) 1 2 (1 117 2 91 ) 2 1 (1 82 2 97 ) 5 1 1 (1 59 ) 1 2 (1 49 2 70 ) 2 2 (1 58 2 55 ) 4 1 1 (1 81 2 84 ) 1 2 (2 83 ) 2 2 (2 75 ) 
10 15 2 1 2 (1 13 2 11 ) 3 1 2 (1 26 ) 2 2 (1 34 2 25 ) 6 1 1 (1 81 2 101 ) 1 2 (1 95 ) 2 1 (1 98 2 77 ) 2 2 (2 84 ) 5 1 2 (1 69 2 58 ) 2 1 (1 47 ) 2 2 (1 75 2 61 ) 2 1 2 (1 59 2 76 ) 2 2 1 (1 74 2 112 ) 5 1 2 (1 62 ) 2 1 (1 82 2 88 ) 2 2 (1 92 2 77 ) 5 1 1 (1 34 2 41 ) 2 1 (1 33 2 32 ) 2 2 (2 33 ) 2 2 1 (2 100 ) 2 2 (1 76 ) 4 1 1 (1 19 2 22 ) 2 1 (2 23 ) 2 2 (2 16 ) 
10 20 6 1 1 (1 78 2 81 ) 1 2 (2 100 ) 2 1 (1 67 2 100 ) 2 2 (2 99 ) 2 2 2 (1 31 2 18 ) 5 1 1 (2 13 ) 1 2 (1 10 2 12 ) 2 1 (1 10 2 14 ) 3 1 1 (1 84 2 58 ) 1 2 (2 80 ) 7 1 1 (1 53 2 37 ) 1 2 (1 53 2 58 ) 2 1 (1 49 ) 2 2 (1 61 2 75 ) 7 1 1 (1 42 2 47 ) 1 2 (2 36 ) 2 1 (1 41 2 43 ) 2 2 (1 34 2 45 ) 4 1 1 (2 29 ) 2 1 (2 35 ) 2 2 (1 37 2 45 ) 1 1 1 (1 40 ) 5 1 1 (1 107 2 84 ) 1 2 (1 82 2 70 ) 2 1 (2 82 ) 5 1 1 (1 67 ) 1 2 (1 85 2 65 ) 2 1 (1 77 2 79 ) 
10 14 7 1 1 (2 102 ) 1 2 (1 117 2 90 ) 2 1 (1 84 2 90 ) 2 2 (1 105 2 71 ) 3 1 1 (1 15 ) 1 2 (1 16 ) 2 1 (1 18 ) 2 1 1 (2 51 ) 2 1 (1 68 ) 4 1 1 (1 72 2 64 ) 1 2 (2 72 ) 2 2 (2 77 ) 4 1 1 (1 46 2 42 ) 2 1 (1 52 2 47 ) 2 1 2 (2 11 ) 2 1 (1 10 ) 6 1 1 (1 8 2 6 ) 1 2 (1 7 ) 2 1 (2 7 ) 2 2 (1 7 2 8 ) 2 2 2 (1 40 2 82 ) 3 1 1 (1 47 2 34 ) 1 2 (1 38 ) 1 1 1 (2 55 ) 
10 19 7 1 1 (1 88 2 51 ) 1 2 (1 70 2 58 ) 2 1 (1 82 ) 2 2 (1 61 2 66 ) 2 1 1 (1 94 ) 1 2 (2 64 ) 2 2 1 (1 82 ) 2 2 (2 73 ) 4 1 1 (2 59 ) 1 2 (1 52 2 62 ) 2 2 (1 63 ) 3 1 2 (1 70 ) 2 1 (1 69 2 124 ) 7 1 1 (1 13 2 16 ) 1 2 (1 14 ) 2 1 (1 16 2 16 ) 2 2 (1 15 2 17 ) 1 2 2 (1 10 ) 1 1 2 (1 59 ) 6 1 2 (1 22 2 21 ) 2 1 (1 18 2 16 ) 2 2 (1 21 2 25 ) 4 2 1 (1 64 2 51 ) 2 2 (1 60 2 60 ) 
10 18 5 1 1 (1 57 2 80 ) 1 2 (1 81 2 82 ) 2 1 (1 68 ) 3 2 1 (1 76 2 84 ) 2 2 (2 92 ) 3 1 2 (1 84 2 68 ) 2 1 (1 86 ) 4 1 1 (1 29 2 27 ) 2 1 (1 31 ) 2 2 (1 26 ) 4 1 1 (2 61 ) 1 2 (1 60 ) 2 1 (1 59 ) 2 2 (2 44 ) 5 1 1 (1 79 2 93 ) 1 2 (2 102 ) 2 1 (2 99 ) 2 2 (2 95 ) 2 1 1 (1 64 2 78 ) 1 1 1 (1 69 ) 3 2 1 (2 5 ) 2 2 (1 8 2 7 ) 3 1 1 (1 36 ) 1 2 (1 52 ) 2 2 (2 57 ) 
10 18 1 2 2 (2 79 ) 3 1 1 (1 69 ) 2 1 (1 66 2 80 ) 3 2 1 (1 24 2 23 ) 2 2 (1 27 ) 5 1 2 (2 7 ) 2 1 (1 6 2 8 ) 2 2 (1 7 2 6 ) 4 1 1 (1 96 2 67 ) 1 2 (1 81 ) 2 1 (2 91 ) 5 1 1 (1 25 2 30 ) 1 2 (2 28 ) 2 1 (2 18 ) 2 2 (2 26 ) 4 1 2 (2 57 ) 2 1 (1 53 2 56 ) 2 2 (2 46 ) 5 1 1 (1 51 ) 1 2 (1 37 ) 2 1 (1 52 2 56 ) 2 2 (2 49 ) 2 2 1 (1 30 2 33 ) 5 1 1 (1 94 ) 1 2 (1 97 2 108 ) 2 1 (1 113 2 86 ) 
10 17 2 2 1 (1 42 2 38 ) 2 1 2 (1 16 2 16 ) 2 2 2 (1 39 2 33 ) 3 1 1 (1 74 ) 1 2 (1 68 2 78 ) 1 2 2 (1 84 ) 4 1 2 (1 94 ) 2 1 (1 75 ) 2 2 (1 93 2 101 ) 4 1 1 (1 31 ) 1 2 (1 28 2 31 ) 2 1 (1 28 ) 3 1 2 (1 77 ) 2 1 (2 77 ) 2 2 (1 80 ) 2 1 1 (1 33 ) 1 2 (2 36 ) 5 1 1 (1 8 2 9 ) 1 2 (1 8 ) 2 1 (1 9 2 7 ) 
10 14 3 1 1 (1 102 ) 1 2 (1 79 2 72 ) 3 1 1 (2 81 ) 2 2 (1 96 2 77 ) 4 1 2 (2 14 ) 2 1 (1 13 ) 2 2 (1 16 2 12 ) 5 1 1 (1 89 2 77 ) 1 2 (1 77 2 65 ) 2 2 (1 94 ) 3 2 1 (2 55 ) 2 2 (1 56 2 69 ) 2 1 1 (1 15 ) 1 2 (1 13 ) 3 2 1 (1 31 2 23 ) 2 2 (2 28 ) 1 1 1 (2 39 ) 1 2 2 (1 59 ) 1 1 1 (2 94 ) 
10 17 4 2 1 (1 94 2 88 ) 2 2 (1 90 2 101 ) 2 1 1 (1 70 2 41 ) 4 1 1 (1 77 2 84 ) 1 2 (1 64 2 62 ) 3 1 1 (1 30 2 35 ) 2 1 (2 37 ) 5 1 1 (1 47 2 63 ) 1 2 (2 49 ) 2 1 (1 52 ) 2 2 (1 56 ) 3 1 1 (1 8 ) 2 2 (1 4 2 4 ) 6 1 1 (1 48 2 61 ) 1 2 (1 50 2 56 ) 2 2 (1 37 2 53 ) 5 1 1 (1 91 2 79 ) 2 1 (1 89 2 61 ) 2 2 (1 81 ) 1 1 2 (1 7 ) 5 1 2 (2 26 ) 2 1 (1 26 2 27 ) 2 2 (1 33 2 21 ) 