20 2 2 2
14 0 2 0 42 0 11 0 2 0 47 0 12 0 1 0 43 0 11 0 3 0 43 0
14 0 2 0 42 0 11 0 2 0 47 0 12 0 1 0 43 0 11 0 3 0 43 0
5 12 5 1 1 (1 19 2 19 ) 1 2 (1 19 2 24 ) 2 1 (1 22 ) 5 1 1 (1 100 2 84 ) 1 2 (1 74 2 85 ) 2 1 (2 54 ) 1 2 1 (2 92 ) 2 1 1 (1 53 ) 1 2 (1 51 ) 1 2 2 (2 43 ) 
5 13 1 2 2 (1 42 ) 4 1 1 (1 37 2 42 ) 1 2 (1 44 2 52 ) 3 1 2 (2 29 ) 2 2 (1 25 2 27 ) 3 2 1 (1 15 2 25 ) 2 2 (1 16 ) 2 2 1 (1 25 ) 2 2 (1 25 ) 
5 8 3 1 1 (2 14 ) 2 2 (1 15 2 18 ) 4 1 1 (1 46 ) 1 2 (1 53 ) 2 1 (2 52 ) 2 2 (2 67 ) 5 1 1 (1 53 ) 1 2 (1 39 2 50 ) 2 1 (1 58 ) 2 2 (1 57 ) 3 2 1 (1 29 2 20 ) 2 2 (1 29 ) 2 1 1 (2 49 ) 2 1 (1 47 ) 
5 1 2 1 2 (2 70 ) 2 1 (2 51 ) 3 1 1 (1 67 2 46 ) 1 2 (1 67 ) 5 1 1 (2 40 ) 1 2 (1 45 2 35 ) 2 1 (1 36 2 40 ) 4 1 2 (1 76 2 53 ) 2 1 (1 82 2 81 ) 2 2 2 (1 45 2 53 ) 
5 3 1 1 2 (2 79 ) 6 1 1 (2 69 ) 1 2 (1 60 2 61 ) 2 1 (1 43 2 55 ) 2 2 (2 41 ) 3 1 1 (1 19 2 34 ) 1 2 (1 22 ) 5 1 1 (1 74 2 73 ) 2 1 (1 96 2 95 ) 2 2 (2 83 ) 4 1 1 (1 45 2 58 ) 1 2 (1 65 2 68 ) 
5 8 2 1 1 (1 99 ) 1 2 (2 69 ) 5 1 1 (1 89 ) 1 2 (1 95 2 66 ) 2 1 (2 92 ) 2 2 (1 76 ) 4 1 1 (1 11 2 11 ) 2 2 (1 9 2 11 ) 3 1 1 (1 90 2 80 ) 2 1 (1 96 ) 4 1 1 (1 61 2 73 ) 1 2 (1 77 ) 2 2 (1 94 ) 
5 10 2 1 2 (1 63 2 63 ) 4 1 1 (1 83 ) 1 2 (1 107 2 89 ) 2 2 (2 97 ) 3 1 1 (1 31 2 38 ) 1 2 (1 30 ) 3 2 1 (2 17 ) 2 2 (1 20 2 18 ) 2 1 1 (1 25 2 18 ) 
5 12 2 1 1 (2 7 ) 1 2 (2 7 ) 4 1 1 (1 25 ) 1 2 (1 23 ) 2 1 (2 19 ) 2 2 (1 22 ) 4 1 1 (1 58 2 59 ) 2 2 (1 55 2 53 ) 5 1 1 (1 25 2 24 ) 1 2 (2 36 ) 2 1 (1 31 ) 2 2 (1 28 ) 4 2 1 (1 89 2 102 ) 2 2 (1 91 2 95 ) 
5 6 3 1 2 (2 5 ) 2 1 (1 7 ) 2 2 (2 4 ) 6 1 1 (1 71 2 53 ) 1 2 (1 56 2 60 ) 2 1 (1 69 2 61 ) 2 1 1 (2 42 ) 1 2 (1 40 ) 5 1 1 (1 64 2 70 ) 1 2 (2 67 ) 2 2 (1 32 2 61 ) 3 1 1 (1 60 2 51 ) 1 2 (2 42 ) 
5 3 5 1 1 (1 22 2 20 ) 1 2 (1 19 ) 2 1 (1 21 2 22 ) 3 2 1 (1 47 ) 2 2 (1 44 2 33 ) 2 1 1 (1 6 2 7 ) 2 1 1 (1 8 ) 1 2 (2 8 ) 5 1 1 (2 79 ) 1 2 (1 97 2 99 ) 2 1 (1 77 ) 2 2 (1 97 ) 
5 5 3 2 1 (1 64 2 68 ) 2 2 (1 46 ) 1 1 1 (2 75 ) 4 1 1 (1 95 ) 1 2 (1 86 2 109 ) 2 1 (2 91 ) 3 2 1 (2 39 ) 2 2 (1 45 2 44 ) 2 2 1 (1 6 ) 2 2 (2 6 ) 
5 11 3 2 1 (2 44 ) 2 2 (1 43 2 36 ) 5 1 1 (1 54 ) 1 2 (1 52 ) 2 1 (1 51 2 64 ) 2 2 (2 76 ) 3 2 1 (1 14 2 17 ) 2 2 (2 15 ) 1 2 1 (2 101 ) 6 1 1 (1 70 2 86 ) 1 2 (1 79 ) 2 1 (1 61 2 64 ) 2 2 (1 77 ) 
5 2 2 2 1 (1 76 2 84 ) 3 1 2 (1 22 ) 2 1 (1 31 ) 2 2 (2 28 ) 3 2 1 (2 71 ) 2 2 (1 74 2 83 ) 8 1 1 (1 5 2 6 ) 1 2 (1 7 2 5 ) 2 1 (1 6 2 6 ) 2 2 (1 5 2 6 ) 1 2 2 (1 107 ) 
5 10 2 1 1 (1 22 2 48 ) 3 1 1 (1 22 ) 2 1 (1 23 2 27 ) 3 1 1 (1 55 2 65 ) 2 1 (2 69 ) 6 1 1 (1 24 2 22 ) 1 2 (1 22 2 21 ) 2 1 (2 25 ) 2 2 (2 23 ) 5 1 2 (1 39 2 39 ) 2 1 (1 50 2 32 ) 2 2 (2 45 ) 
5 11 3 2 1 (1 16 ) 2 2 (1 16 2 15 ) 4 2 1 (1 83 2 94 ) 2 2 (1 75 2 86 ) 3 1 2 (1 8 2 8 ) 2 1 (1 8 ) 2 1 1 (2 9 ) 1 2 (2 12 ) 1 1 1 (1 20 ) 
5 6 4 1 1 (1 31 2 26 ) 1 2 (1 24 2 27 ) 4 1 1 (1 36 2 42 ) 1 2 (1 46 2 44 ) 2 1 1 (1 73 ) 1 2 (1 98 ) 6 1 1 (1 21 2 22 ) 2 1 (1 20 2 17 ) 2 2 (1 14 2 21 ) 5 1 2 (1 56 2 76 ) 2 1 (2 54 ) 2 2 (1 58 2 70 ) 
5 2 1 2 2 (2 65 ) 2 1 1 (2 35 ) 1 2 (2 41 ) 2 1 1 (2 65 ) 1 2 (2 57 ) 3 2 1 (1 126 2 106 ) 2 2 (2 99 ) 1 2 2 (2 37 ) 
5 6 3 1 1 (2 35 ) 1 2 (1 34 2 28 ) 3 1 1 (2 17 ) 1 2 (1 20 2 16 ) 3 1 2 (1 18 2 23 ) 2 1 (1 21 ) 3 1 1 (1 4 2 6 ) 1 2 (1 3 ) 3 1 1 (1 9 2 11 ) 2 1 (1 9 ) 
5 1 3 1 1 (2 76 ) 1 2 (2 74 ) 2 1 (2 68 ) 1 1 2 (1 63 ) 5 1 1 (1 93 2 61 ) 1 2 (2 96 ) 2 2 (1 93 2 98 ) 6 1 1 (1 96 2 78 ) 1 2 (2 102 ) 2 1 (1 89 2 104 ) 2 2 (1 99 ) 5 1 2 (1 108 2 88 ) 2 1 (1 103 ) 2 2 (1 79 2 110 ) 
5 13 2 1 2 (1 19 2 15 ) 6 1 1 (1 19 2 24 ) 1 2 (1 23 2 22 ) 2 1 (2 20 ) 2 2 (2 22 ) 3 1 1 (2 17 ) 1 2 (1 16 2 18 ) 1 2 1 (2 46 ) 2 2 2 (1 7 2 9 ) 