10 2 2 2
11 0 1 0 49 0 15 0 2 0 41 0 12 0 2 0 47 0 15 0 1 0 42 0
11 0 1 0 49 0 15 0 2 0 41 0 12 0 2 0 47 0 15 0 1 0 42 0
10 19 3 1 1 (1 139 ) 1 2 (2 111 ) 2 1 (2 83 ) 2 1 1 (1 84 2 75 ) 3 1 2 (2 52 ) 2 1 (2 48 ) 2 2 (1 48 ) 1 1 1 (1 62 ) 2 1 1 (1 13 2 17 ) 3 1 1 (1 7 2 6 ) 2 1 (1 8 ) 5 1 2 (1 9 2 9 ) 2 1 (1 7 ) 2 2 (1 12 2 9 ) 3 1 1 (2 38 ) 1 2 (1 48 2 33 ) 6 1 1 (2 43 ) 1 2 (1 27 2 33 ) 2 1 (1 33 2 30 ) 2 2 (2 35 ) 2 2 2 (1 53 2 52 ) 
10 15 3 1 2 (1 64 ) 2 2 (1 58 2 52 ) 6 1 1 (1 63 ) 1 2 (2 53 ) 2 1 (1 66 2 68 ) 2 2 (1 41 2 75 ) 5 1 1 (1 71 2 72 ) 1 2 (2 113 ) 2 2 (1 106 2 82 ) 4 2 1 (1 90 2 109 ) 2 2 (1 104 2 73 ) 1 1 1 (1 59 ) 3 1 1 (1 92 ) 2 2 (1 91 2 77 ) 2 2 2 (1 58 2 42 ) 2 1 1 (2 33 ) 1 2 (1 25 ) 3 1 2 (2 39 ) 2 2 (1 39 2 36 ) 5 1 1 (1 71 ) 1 2 (2 63 ) 2 1 (1 58 2 110 ) 2 2 (2 70 ) 
10 20 3 1 2 (2 24 ) 2 1 (1 24 2 30 ) 6 1 1 (1 32 2 34 ) 2 1 (1 35 2 22 ) 2 2 (1 35 2 39 ) 2 1 1 (1 101 ) 1 2 (1 84 ) 4 1 1 (2 53 ) 1 2 (1 90 2 110 ) 2 2 (1 88 ) 5 1 1 (1 85 2 109 ) 2 1 (1 100 2 77 ) 2 2 (2 86 ) 2 2 1 (2 20 ) 2 2 (1 18 ) 3 1 1 (1 59 2 44 ) 2 2 (1 65 ) 2 2 1 (1 75 2 65 ) 5 1 1 (1 37 ) 2 1 (1 40 2 31 ) 2 2 (1 37 2 31 ) 1 2 1 (1 89 ) 
10 18 1 2 2 (1 39 ) 2 2 1 (2 63 ) 2 2 (2 72 ) 3 1 1 (2 81 ) 2 1 (1 79 2 77 ) 1 1 1 (1 112 ) 1 1 1 (2 53 ) 4 1 2 (1 50 2 39 ) 2 1 (1 54 2 43 ) 3 1 1 (2 52 ) 1 2 (1 64 2 47 ) 2 2 1 (1 34 2 28 ) 5 1 1 (1 60 2 66 ) 1 2 (2 62 ) 2 1 (2 61 ) 2 2 (1 55 ) 6 1 1 (1 48 2 37 ) 1 2 (1 43 ) 2 1 (1 40 ) 2 2 (1 44 2 48 ) 
10 18 3 1 1 (1 76 2 62 ) 2 1 (1 81 ) 3 2 1 (1 26 ) 2 2 (1 22 2 26 ) 1 1 1 (2 52 ) 3 2 1 (1 58 ) 2 2 (1 45 2 45 ) 4 1 1 (1 25 2 21 ) 1 2 (1 24 ) 2 2 (1 17 ) 4 1 2 (2 78 ) 2 1 (1 76 ) 2 2 (1 81 2 85 ) 4 1 1 (1 8 2 6 ) 1 2 (1 7 ) 2 1 (2 6 ) 3 1 1 (1 13 2 16 ) 2 2 (2 10 ) 4 1 1 (1 117 2 90 ) 1 2 (1 81 2 84 ) 3 2 1 (1 97 ) 2 2 (1 69 2 67 ) 
10 20 3 1 1 (1 27 ) 1 2 (1 25 2 26 ) 5 1 1 (1 69 2 78 ) 1 2 (1 61 2 69 ) 2 2 (1 74 ) 4 1 1 (1 84 2 109 ) 1 2 (2 98 ) 2 2 (1 111 ) 5 1 1 (1 59 ) 1 2 (1 53 2 61 ) 2 2 (1 57 2 51 ) 4 1 1 (2 53 ) 2 1 (1 47 2 41 ) 2 2 (1 51 ) 4 1 1 (1 128 2 121 ) 1 2 (1 107 2 123 ) 5 1 1 (2 52 ) 1 2 (2 63 ) 2 1 (2 79 ) 2 2 (1 68 2 65 ) 1 1 2 (2 86 ) 3 1 2 (1 67 ) 2 1 (1 85 2 88 ) 3 1 1 (2 16 ) 2 1 (1 7 ) 2 2 (1 8 ) 
10 15 1 2 1 (1 11 ) 1 2 2 (1 16 ) 2 1 2 (1 9 ) 2 1 (2 10 ) 2 2 1 (2 45 ) 2 2 (1 53 ) 1 2 2 (1 21 ) 3 1 1 (1 73 2 73 ) 2 2 (2 99 ) 4 1 1 (2 33 ) 1 2 (2 40 ) 2 1 (1 38 2 30 ) 2 1 1 (1 44 2 88 ) 2 1 2 (1 63 2 69 ) 2 2 2 (1 39 2 35 ) 
10 17 1 1 1 (1 38 ) 7 1 1 (1 40 2 33 ) 1 2 (1 42 2 42 ) 2 1 (2 44 ) 2 2 (1 39 2 40 ) 1 2 2 (1 39 ) 3 1 1 (1 60 2 47 ) 2 2 (2 61 ) 6 1 1 (1 11 2 9 ) 1 2 (1 13 ) 2 1 (1 13 2 10 ) 2 2 (2 14 ) 2 1 1 (2 71 ) 1 2 (1 61 ) 3 2 1 (1 86 2 82 ) 2 2 (2 76 ) 3 1 1 (2 55 ) 2 1 (2 36 ) 2 2 (2 38 ) 1 2 2 (2 36 ) 3 1 1 (1 56 2 64 ) 1 2 (2 69 ) 
10 19 3 2 1 (1 41 2 64 ) 2 2 (2 59 ) 4 1 1 (2 54 ) 2 1 (1 37 2 42 ) 2 2 (2 48 ) 6 1 1 (1 53 2 49 ) 1 2 (1 44 2 46 ) 2 1 (1 42 ) 2 2 (2 42 ) 3 1 2 (1 89 ) 2 1 (1 70 2 80 ) 7 1 1 (1 7 2 7 ) 1 2 (1 7 ) 2 1 (1 7 2 8 ) 2 2 (1 6 2 6 ) 4 1 1 (1 96 2 74 ) 1 2 (1 77 2 97 ) 2 2 2 (1 70 2 58 ) 2 2 1 (1 54 2 62 ) 2 2 1 (1 85 2 103 ) 5 1 1 (2 48 ) 1 2 (2 42 ) 2 1 (1 48 ) 2 2 (1 45 2 62 ) 
10 15 5 1 1 (2 51 ) 2 1 (1 41 2 53 ) 2 2 (1 44 2 46 ) 3 2 1 (1 71 2 51 ) 2 2 (2 55 ) 1 1 1 (1 100 ) 2 1 1 (1 78 2 110 ) 3 1 1 (2 73 ) 1 2 (1 65 2 75 ) 6 1 1 (1 20 ) 1 2 (1 19 2 17 ) 2 1 (2 21 ) 2 2 (1 14 2 18 ) 7 1 1 (1 81 2 89 ) 1 2 (1 75 2 70 ) 2 1 (1 101 2 77 ) 2 2 (2 92 ) 2 2 1 (2 63 ) 2 2 (1 86 ) 3 1 1 (1 94 2 82 ) 1 2 (2 92 ) 2 2 2 (1 93 2 82 ) 