10 2 2 2
12 0 2 0 48 0 12 0 1 0 45 0 14 0 1 0 41 0 10 0 1 0 49 0
12 0 2 0 48 0 12 0 1 0 45 0 14 0 1 0 41 0 10 0 1 0 49 0
10 19 4 2 1 (1 59 2 40 ) 2 2 (1 48 2 62 ) 6 1 1 (2 84 ) 1 2 (1 78 2 74 ) 2 1 (2 70 ) 2 2 (1 71 2 72 ) 2 2 1 (1 49 2 43 ) 2 1 1 (1 18 2 27 ) 4 1 1 (2 78 ) 1 2 (1 82 ) 2 1 (1 78 2 81 ) 4 1 2 (1 15 2 15 ) 2 2 (1 17 2 20 ) 3 1 1 (1 16 ) 2 1 (1 20 ) 2 2 (1 17 ) 2 1 1 (2 57 ) 2 2 (2 63 ) 2 2 2 (1 43 2 49 ) 7 1 1 (1 13 2 7 ) 1 2 (1 10 2 12 ) 2 1 (1 11 2 9 ) 2 2 (2 10 ) 
10 16 3 1 1 (1 62 2 57 ) 1 2 (1 47 ) 2 1 1 (1 45 2 41 ) 2 1 1 (2 45 ) 1 2 (2 62 ) 4 1 2 (2 14 ) 2 1 (1 16 2 20 ) 2 2 (2 21 ) 7 1 1 (1 43 ) 1 2 (1 38 2 37 ) 2 1 (1 36 2 43 ) 2 2 (1 43 2 47 ) 5 1 1 (1 10 2 10 ) 1 2 (1 12 2 8 ) 2 2 (2 9 ) 5 1 2 (2 30 ) 2 1 (1 28 2 38 ) 2 2 (1 29 2 31 ) 5 1 1 (1 54 ) 1 2 (2 40 ) 2 1 (1 38 2 53 ) 2 2 (2 52 ) 1 1 1 (1 22 ) 1 2 1 (1 84 ) 
10 18 2 2 1 (1 97 2 79 ) 1 1 1 (1 27 ) 1 1 2 (1 41 ) 2 1 1 (2 9 ) 1 2 (1 10 ) 6 1 1 (1 78 2 64 ) 1 2 (2 70 ) 2 1 (1 59 2 81 ) 2 2 (1 50 ) 2 1 1 (2 60 ) 1 2 (2 61 ) 3 2 1 (1 60 ) 2 2 (1 52 2 69 ) 6 1 1 (1 29 2 32 ) 1 2 (1 30 2 25 ) 2 1 (1 27 2 28 ) 1 2 1 (2 50 ) 1 1 1 (1 102 ) 
10 14 6 1 1 (1 18 2 17 ) 1 2 (1 15 2 14 ) 2 1 (1 15 2 16 ) 2 2 1 (1 78 ) 2 2 (1 69 ) 4 1 1 (1 44 ) 1 2 (2 48 ) 2 1 (1 59 2 47 ) 2 1 2 (1 52 2 49 ) 1 2 2 (2 8 ) 2 1 2 (1 56 2 60 ) 5 1 1 (1 88 2 80 ) 1 2 (1 90 ) 2 2 (1 90 2 81 ) 5 1 1 (2 57 ) 1 2 (2 60 ) 2 1 (1 57 2 39 ) 2 2 (1 40 ) 8 1 1 (1 7 2 8 ) 1 2 (1 6 2 6 ) 2 1 (1 7 2 6 ) 2 2 (1 7 2 7 ) 3 1 2 (2 63 ) 2 1 (2 50 ) 2 2 (2 60 ) 
10 16 2 2 1 (2 5 ) 2 2 (2 4 ) 5 1 1 (2 46 ) 2 1 (1 48 2 38 ) 2 2 (1 50 2 28 ) 2 2 1 (1 87 2 110 ) 1 1 1 (2 80 ) 4 1 2 (2 46 ) 2 1 (2 42 ) 2 2 (1 56 2 46 ) 3 1 1 (2 91 ) 2 2 (1 69 2 71 ) 5 1 1 (2 35 ) 1 2 (1 31 2 34 ) 2 1 (1 39 2 22 ) 3 1 2 (1 33 2 42 ) 2 1 (1 44 ) 3 2 1 (1 7 ) 2 2 (1 8 2 7 ) 7 1 1 (1 23 2 22 ) 1 2 (2 19 ) 2 1 (1 16 2 18 ) 2 2 (1 17 2 17 ) 
10 16 4 1 1 (2 23 ) 1 2 (2 21 ) 2 1 (2 24 ) 2 2 (2 29 ) 5 1 2 (1 5 2 8 ) 2 1 (1 5 2 5 ) 2 2 (2 4 ) 5 1 1 (2 88 ) 1 2 (2 78 ) 2 1 (1 92 ) 2 2 (1 110 2 101 ) 4 1 1 (1 66 2 92 ) 2 1 (1 87 2 83 ) 1 2 1 (1 13 ) 4 1 2 (1 109 2 96 ) 2 1 (1 57 ) 2 2 (1 77 ) 2 1 2 (1 19 2 21 ) 1 1 2 (2 25 ) 2 1 2 (1 43 2 51 ) 4 1 1 (2 48 ) 1 2 (1 41 2 40 ) 2 1 (2 39 ) 
10 15 1 1 2 (1 18 ) 2 1 2 (1 21 2 18 ) 5 1 1 (2 44 ) 1 2 (1 44 2 54 ) 2 2 (1 38 2 50 ) 1 2 1 (1 39 ) 4 1 1 (2 88 ) 2 1 (1 104 2 78 ) 2 2 (1 106 ) 2 1 1 (2 46 ) 2 2 (2 67 ) 3 2 1 (2 92 ) 2 2 (1 91 2 83 ) 4 1 1 (1 66 2 74 ) 2 1 (1 78 2 55 ) 2 2 2 (1 118 2 106 ) 2 1 2 (1 15 2 13 ) 
10 14 4 1 2 (1 7 ) 2 1 (2 5 ) 2 2 (1 6 2 3 ) 2 1 1 (1 7 ) 1 2 (1 8 ) 2 2 2 (1 67 2 76 ) 3 1 2 (1 23 2 28 ) 2 2 (1 29 ) 5 1 1 (2 65 ) 1 2 (1 83 2 81 ) 2 2 (1 75 2 77 ) 1 1 1 (1 68 ) 2 1 2 (1 8 2 9 ) 1 2 1 (2 65 ) 4 1 1 (1 28 2 38 ) 1 2 (2 27 ) 2 1 (1 35 ) 1 2 1 (1 90 ) 
10 20 3 1 1 (1 31 2 29 ) 1 2 (2 32 ) 6 1 2 (1 42 2 42 ) 2 1 (1 39 2 39 ) 2 2 (1 68 2 53 ) 2 2 2 (1 46 2 35 ) 4 1 1 (1 7 2 5 ) 1 2 (1 5 2 7 ) 2 2 1 (1 112 2 116 ) 1 1 2 (2 7 ) 3 1 1 (1 51 2 50 ) 1 2 (1 62 ) 3 2 1 (1 40 2 37 ) 2 2 (2 35 ) 1 2 2 (1 4 ) 6 1 1 (1 18 2 16 ) 1 2 (2 14 ) 2 1 (1 18 2 17 ) 2 2 (2 18 ) 
10 20 3 1 1 (1 68 2 92 ) 1 2 (2 61 ) 3 2 1 (1 75 2 74 ) 2 2 (1 55 ) 5 1 1 (1 85 2 96 ) 1 2 (2 105 ) 2 1 (1 91 ) 2 2 (2 85 ) 5 1 1 (2 10 ) 1 2 (1 11 ) 2 1 (1 9 2 12 ) 2 2 (1 10 ) 4 1 1 (1 33 2 36 ) 2 1 (1 30 2 29 ) 4 1 1 (2 17 ) 2 1 (2 14 ) 2 2 (1 13 2 16 ) 6 1 1 (1 50 2 65 ) 2 1 (1 51 2 50 ) 2 2 (1 43 2 46 ) 1 2 2 (1 71 ) 1 2 2 (1 45 ) 2 2 2 (1 19 2 22 ) 