10 2 2 2
13 0 1 0 44 0 11 0 1 0 48 0 14 0 3 0 46 0 15 0 1 0 43 0
13 0 1 0 44 0 11 0 1 0 48 0 14 0 3 0 46 0 15 0 1 0 43 0
10 16 5 1 1 (2 68 ) 1 2 (1 72 2 70 ) 2 1 (1 75 2 84 ) 2 1 1 (2 59 ) 2 1 (2 66 ) 5 1 1 (2 38 ) 2 1 (1 45 2 56 ) 2 2 (1 44 2 53 ) 2 1 1 (1 28 2 34 ) 3 1 1 (1 47 ) 1 2 (1 54 ) 2 2 (1 50 ) 2 1 1 (1 125 2 98 ) 1 2 1 (2 10 ) 2 2 2 (1 48 2 60 ) 4 1 1 (1 5 ) 2 1 (1 5 2 7 ) 2 2 (1 4 ) 4 1 1 (1 75 2 88 ) 2 1 (1 88 2 85 ) 
10 17 2 1 1 (2 69 ) 1 2 (2 61 ) 2 1 1 (1 22 2 30 ) 5 1 1 (2 88 ) 1 2 (1 95 2 114 ) 2 2 (1 92 2 88 ) 4 1 1 (1 48 2 73 ) 1 2 (1 72 ) 2 1 (1 68 ) 3 2 1 (2 48 ) 2 2 (1 50 2 53 ) 3 1 1 (1 66 ) 2 1 (1 80 ) 2 2 (1 94 ) 5 1 1 (1 98 2 80 ) 2 1 (2 86 ) 2 2 (1 99 2 92 ) 5 1 1 (1 87 2 76 ) 1 2 (1 80 ) 2 2 (1 79 2 67 ) 1 1 1 (2 29 ) 1 2 1 (1 89 ) 
10 20 4 1 2 (2 67 ) 2 1 (1 70 2 79 ) 2 2 (2 90 ) 3 1 1 (2 31 ) 1 2 (1 41 2 30 ) 3 1 2 (2 36 ) 2 1 (1 42 2 34 ) 1 1 1 (2 41 ) 1 1 2 (1 14 ) 2 2 1 (1 45 ) 2 2 (1 46 ) 4 1 2 (1 93 2 86 ) 2 2 (1 90 2 122 ) 3 1 2 (2 55 ) 2 1 (1 53 ) 2 2 (2 49 ) 4 1 1 (1 62 2 55 ) 1 2 (1 44 2 59 ) 4 1 2 (1 38 2 31 ) 2 1 (1 31 2 30 ) 
10 14 1 2 2 (1 8 ) 7 1 1 (1 83 ) 1 2 (1 72 2 83 ) 2 1 (1 78 2 83 ) 2 2 (1 87 2 86 ) 1 1 2 (2 28 ) 5 1 2 (1 80 2 114 ) 2 1 (1 110 2 96 ) 2 2 (1 98 ) 3 2 1 (1 74 2 68 ) 2 2 (2 90 ) 2 1 2 (1 9 2 10 ) 4 1 2 (1 36 2 36 ) 2 1 (1 40 2 32 ) 2 1 2 (1 19 2 17 ) 4 1 2 (1 76 2 50 ) 2 1 (2 48 ) 2 2 (2 52 ) 6 1 1 (2 127 ) 1 2 (1 123 2 89 ) 2 1 (1 107 2 113 ) 2 2 (2 88 ) 
10 17 2 2 2 (1 50 2 54 ) 2 2 2 (1 94 2 89 ) 4 1 2 (1 47 2 37 ) 2 1 (2 47 ) 2 2 (1 45 ) 5 1 1 (1 52 ) 1 2 (2 54 ) 2 1 (1 63 2 64 ) 2 2 (2 69 ) 5 1 1 (1 53 2 58 ) 1 2 (2 44 ) 2 1 (1 64 2 54 ) 5 1 1 (1 64 2 48 ) 1 2 (1 41 ) 2 1 (2 42 ) 2 2 (1 48 ) 2 1 1 (1 6 2 5 ) 5 1 2 (1 39 2 30 ) 2 1 (1 35 2 41 ) 2 2 (1 40 ) 6 1 1 (1 37 ) 1 2 (1 41 ) 2 1 (1 41 2 39 ) 2 2 (1 50 2 36 ) 3 2 1 (1 33 2 28 ) 2 2 (1 41 ) 
10 17 6 1 1 (1 48 2 60 ) 1 2 (1 55 ) 2 1 (1 55 2 52 ) 2 2 (1 69 ) 3 1 2 (1 24 2 25 ) 2 2 (2 33 ) 3 2 1 (1 4 2 7 ) 2 2 (1 9 ) 4 1 1 (1 11 2 13 ) 1 2 (1 12 2 14 ) 2 1 1 (2 72 ) 1 2 (1 64 ) 6 1 1 (1 92 2 97 ) 2 1 (1 91 2 89 ) 2 2 (1 89 2 77 ) 4 1 2 (1 25 2 26 ) 2 2 (1 22 2 34 ) 2 2 2 (1 84 2 71 ) 6 1 1 (1 41 ) 1 2 (1 43 ) 2 1 (1 44 2 36 ) 2 2 (1 46 2 59 ) 2 1 2 (1 7 ) 2 2 (2 7 ) 
10 15 2 2 1 (2 28 ) 2 2 (2 27 ) 1 2 1 (2 87 ) 1 1 2 (2 109 ) 1 2 2 (1 14 ) 2 2 1 (2 36 ) 2 2 (2 33 ) 6 1 2 (1 15 2 15 ) 2 1 (1 13 2 14 ) 2 2 (1 13 2 11 ) 2 1 1 (1 8 ) 2 1 (1 7 ) 5 1 1 (1 63 ) 1 2 (1 74 2 67 ) 2 2 (1 87 2 67 ) 2 1 2 (1 59 ) 2 1 (1 63 ) 1 2 1 (1 80 ) 
10 18 7 1 1 (1 98 2 78 ) 1 2 (1 101 2 104 ) 2 1 (1 87 2 96 ) 2 2 (2 92 ) 6 1 1 (2 22 ) 1 2 (2 25 ) 2 1 (1 16 2 18 ) 2 2 (1 19 2 22 ) 5 1 1 (1 103 ) 1 2 (1 80 2 107 ) 2 1 (2 78 ) 2 2 (2 94 ) 2 1 2 (1 63 2 35 ) 8 1 1 (1 91 2 89 ) 1 2 (1 83 2 76 ) 2 1 (1 100 2 86 ) 2 2 (1 85 2 75 ) 2 2 2 (1 48 2 51 ) 2 1 2 (1 90 2 85 ) 7 1 1 (2 62 ) 1 2 (1 46 2 47 ) 2 1 (1 57 2 47 ) 2 2 (1 57 2 62 ) 2 2 1 (1 79 ) 2 2 (1 85 ) 1 1 1 (2 115 ) 
10 14 5 1 1 (1 91 2 119 ) 1 2 (1 81 2 120 ) 2 1 (1 96 ) 4 1 1 (1 83 2 84 ) 1 2 (1 82 2 89 ) 3 1 1 (1 92 ) 1 2 (1 53 ) 2 2 (1 105 ) 3 2 1 (1 35 2 43 ) 2 2 (2 44 ) 3 2 1 (1 15 ) 2 2 (1 11 2 12 ) 2 2 1 (1 93 2 98 ) 3 1 1 (1 39 ) 2 1 (1 44 ) 2 2 (1 31 ) 7 1 1 (1 68 ) 1 2 (1 72 2 51 ) 2 1 (1 57 2 83 ) 2 2 (1 86 2 61 ) 2 1 1 (1 36 ) 1 2 (1 28 ) 2 1 1 (2 38 ) 1 2 (1 53 ) 
10 15 5 1 1 (2 28 ) 1 2 (1 40 2 44 ) 2 2 (1 34 2 46 ) 2 2 1 (1 53 ) 2 2 (1 62 ) 2 1 2 (2 30 ) 2 2 (2 38 ) 3 1 1 (2 7 ) 1 2 (1 6 ) 2 1 (2 3 ) 4 1 1 (1 65 ) 2 1 (1 55 ) 2 2 (1 82 2 71 ) 3 2 1 (1 100 2 79 ) 2 2 (1 108 ) 1 1 2 (1 37 ) 7 1 1 (1 99 2 95 ) 1 2 (1 74 2 96 ) 2 1 (1 92 2 92 ) 2 2 (2 84 ) 3 1 2 (1 45 2 64 ) 2 1 (2 42 ) 4 2 1 (1 53 2 46 ) 2 2 (1 52 2 38 ) 