10 2 2 2
13 0 2 0 45 0 10 0 1 0 47 0 12 0 2 0 47 0 10 0 1 0 41 0
13 0 2 0 45 0 10 0 1 0 47 0 12 0 2 0 47 0 10 0 1 0 41 0
10 14 1 2 1 (1 11 ) 3 1 1 (2 83 ) 1 2 (1 81 2 101 ) 3 1 1 (2 51 ) 1 2 (1 46 2 39 ) 2 1 2 (1 94 ) 2 1 (1 72 ) 5 1 2 (1 19 2 13 ) 2 1 (1 13 2 15 ) 2 2 (2 12 ) 6 1 1 (1 78 2 78 ) 1 2 (2 81 ) 2 1 (2 54 ) 2 2 (1 81 2 65 ) 1 2 1 (1 55 ) 6 1 1 (2 75 ) 1 2 (1 92 2 73 ) 2 1 (2 90 ) 2 2 (1 85 2 74 ) 3 1 2 (2 13 ) 2 2 (1 11 2 11 ) 5 1 1 (1 68 ) 1 2 (1 51 2 68 ) 2 1 (1 72 2 56 ) 
10 14 6 1 1 (2 46 ) 1 2 (1 74 ) 2 1 (1 47 2 48 ) 2 2 (1 50 2 61 ) 1 1 2 (2 92 ) 2 1 2 (2 97 ) 2 1 (2 86 ) 3 2 1 (1 82 ) 2 2 (1 92 2 68 ) 2 1 2 (2 44 ) 2 1 (2 65 ) 7 1 1 (1 12 2 13 ) 1 2 (2 14 ) 2 1 (1 13 2 6 ) 2 2 (1 7 2 11 ) 6 1 1 (1 20 2 26 ) 1 2 (2 22 ) 2 1 (1 25 2 27 ) 2 2 (2 23 ) 4 2 1 (1 48 2 51 ) 2 2 (1 52 2 50 ) 6 1 1 (1 30 2 48 ) 1 2 (1 53 2 36 ) 2 1 (1 51 ) 2 2 (2 30 ) 4 1 1 (2 53 ) 1 2 (2 49 ) 2 1 (2 47 ) 2 2 (2 57 ) 
10 15 2 2 2 (1 19 2 31 ) 4 1 1 (1 27 ) 1 2 (2 37 ) 2 1 (1 43 2 41 ) 2 1 1 (1 28 2 20 ) 5 1 1 (1 55 2 67 ) 1 2 (2 58 ) 2 1 (1 45 2 78 ) 5 1 1 (1 77 ) 1 2 (1 78 2 48 ) 2 2 (1 57 2 61 ) 5 1 2 (1 59 2 79 ) 2 1 (1 68 ) 2 2 (1 71 2 88 ) 3 1 1 (1 29 2 25 ) 1 2 (2 28 ) 5 1 1 (1 13 2 14 ) 2 1 (1 15 2 8 ) 2 2 (1 15 ) 2 1 1 (1 6 2 6 ) 4 1 1 (1 22 2 24 ) 1 2 (2 19 ) 2 1 (2 25 ) 
10 16 3 2 1 (1 16 2 26 ) 2 2 (2 17 ) 5 1 1 (1 67 2 64 ) 1 2 (1 44 ) 2 1 (1 55 2 61 ) 4 2 1 (1 44 2 59 ) 2 2 (1 53 2 80 ) 1 1 1 (2 44 ) 6 1 1 (2 19 ) 1 2 (1 25 2 24 ) 2 1 (1 26 ) 2 2 (1 22 2 25 ) 4 1 2 (1 5 2 7 ) 2 2 (1 5 2 6 ) 4 1 1 (1 58 2 51 ) 2 1 (1 60 2 68 ) 4 1 1 (1 23 2 28 ) 1 2 (2 33 ) 2 2 (1 23 ) 2 2 1 (1 73 ) 2 2 (2 69 ) 5 1 1 (1 34 2 28 ) 1 2 (2 33 ) 2 1 (1 30 2 30 ) 
10 14 2 1 1 (1 89 2 59 ) 4 1 1 (2 37 ) 2 1 (2 66 ) 2 2 (1 38 2 44 ) 1 2 1 (1 33 ) 1 2 1 (1 16 ) 5 1 1 (1 31 2 31 ) 2 1 (1 28 ) 2 2 (1 24 2 30 ) 2 2 2 (1 70 2 53 ) 2 2 2 (1 73 2 85 ) 5 1 1 (1 73 ) 1 2 (1 92 ) 2 1 (1 102 2 92 ) 2 2 (1 69 ) 1 2 2 (2 36 ) 6 1 1 (1 93 ) 1 2 (1 65 ) 2 1 (1 63 2 84 ) 2 2 (1 77 2 83 ) 
10 14 4 1 1 (1 82 2 67 ) 2 2 (1 50 2 71 ) 5 1 1 (2 44 ) 1 2 (1 51 2 54 ) 2 1 (1 34 2 48 ) 2 2 1 (1 15 2 11 ) 6 1 1 (2 69 ) 1 2 (1 63 2 58 ) 2 1 (1 64 2 95 ) 2 2 (1 72 ) 4 2 1 (1 48 2 69 ) 2 2 (1 51 2 73 ) 4 1 1 (1 19 2 15 ) 1 2 (1 15 2 17 ) 4 1 1 (1 79 2 86 ) 1 2 (1 61 2 66 ) 2 2 2 (1 24 2 22 ) 3 2 1 (1 30 2 21 ) 2 2 (1 19 ) 5 1 1 (2 98 ) 2 1 (1 89 2 133 ) 2 2 (1 92 2 110 ) 
10 16 7 1 1 (1 19 2 24 ) 1 2 (1 25 2 21 ) 2 1 (2 28 ) 2 2 (1 21 2 23 ) 7 1 1 (1 79 2 74 ) 1 2 (1 80 ) 2 1 (1 76 2 75 ) 2 2 (1 86 2 99 ) 5 1 1 (1 29 2 43 ) 1 2 (2 37 ) 2 1 (1 40 2 46 ) 1 2 2 (2 101 ) 2 2 2 (1 23 2 27 ) 3 1 2 (1 21 ) 2 2 (1 14 2 18 ) 3 1 1 (2 101 ) 1 2 (1 97 2 67 ) 2 1 1 (1 15 ) 1 2 (2 13 ) 2 2 1 (2 107 ) 2 2 (2 87 ) 7 1 1 (1 16 2 17 ) 1 2 (1 16 ) 2 1 (1 15 2 16 ) 2 2 (1 18 2 13 ) 
10 15 4 1 2 (1 53 2 56 ) 2 1 (1 61 2 66 ) 4 1 1 (1 81 2 112 ) 1 2 (1 68 ) 2 1 (2 75 ) 3 2 1 (1 71 2 83 ) 2 2 (1 69 ) 1 2 1 (1 18 ) 5 1 1 (1 28 2 33 ) 1 2 (1 25 2 33 ) 2 2 (1 37 ) 2 1 1 (1 106 ) 1 2 (2 97 ) 5 1 1 (1 22 2 32 ) 1 2 (2 31 ) 2 1 (2 40 ) 2 2 (2 24 ) 5 1 1 (2 30 ) 1 2 (1 29 2 29 ) 2 1 (2 29 ) 2 2 (1 30 ) 3 2 1 (2 62 ) 2 2 (1 74 2 67 ) 5 1 1 (2 27 ) 2 1 (1 36 2 30 ) 2 2 (1 31 2 28 ) 
10 16 4 1 1 (2 97 ) 2 1 (2 56 ) 2 2 (1 77 2 111 ) 2 2 2 (1 56 2 64 ) 3 2 1 (1 72 2 98 ) 2 2 (1 81 ) 2 1 1 (1 16 ) 1 2 (1 13 ) 7 1 1 (2 67 ) 1 2 (1 41 2 55 ) 2 1 (1 68 2 66 ) 2 2 (1 67 2 73 ) 2 2 2 (1 33 2 37 ) 3 1 1 (1 95 ) 1 2 (1 119 2 91 ) 3 1 1 (1 36 2 38 ) 1 2 (1 39 ) 2 2 1 (1 33 2 37 ) 2 1 1 (2 68 ) 1 2 (2 72 ) 
10 19 5 1 1 (1 4 2 5 ) 1 2 (2 5 ) 2 1 (1 5 2 7 ) 3 1 1 (1 21 2 18 ) 1 2 (1 18 ) 3 1 2 (2 17 ) 2 1 (1 16 2 18 ) 4 1 1 (1 15 2 12 ) 2 1 (2 10 ) 2 2 (1 9 ) 2 2 1 (1 63 2 92 ) 6 1 1 (1 54 ) 1 2 (1 74 2 62 ) 2 1 (1 52 ) 2 2 (1 70 2 63 ) 2 1 2 (1 93 ) 2 1 (2 89 ) 1 1 1 (2 30 ) 3 1 1 (1 96 ) 1 2 (1 92 2 123 ) 2 2 1 (2 61 ) 2 2 (1 63 ) 