10 2 2 2
13 0 1 0 48 0 13 0 1 0 41 0 10 0 2 0 50 0 11 0 1 0 47 0
13 0 1 0 48 0 13 0 1 0 41 0 10 0 2 0 50 0 11 0 1 0 47 0
10 14 3 1 1 (1 9 2 9 ) 2 1 (2 7 ) 4 2 1 (1 11 2 12 ) 2 2 (1 7 2 9 ) 1 2 2 (1 35 ) 4 1 2 (1 47 2 42 ) 2 2 (1 31 2 56 ) 3 1 1 (1 15 ) 1 2 (1 18 2 20 ) 8 1 1 (1 89 2 101 ) 1 2 (1 107 2 132 ) 2 1 (1 75 2 80 ) 2 2 (1 96 2 101 ) 1 2 2 (1 81 ) 7 1 1 (2 110 ) 1 2 (1 67 2 85 ) 2 1 (1 93 2 79 ) 2 2 (1 100 2 98 ) 3 1 2 (2 55 ) 2 1 (1 51 2 64 ) 7 1 1 (1 11 2 11 ) 1 2 (1 16 ) 2 1 (1 9 2 15 ) 2 2 (1 10 2 13 ) 
10 20 2 2 1 (1 75 ) 2 2 (2 54 ) 4 1 1 (1 42 ) 1 2 (1 31 ) 2 2 (1 44 2 43 ) 2 1 1 (2 86 ) 2 1 (1 77 ) 2 1 2 (1 24 2 27 ) 4 2 1 (1 67 2 68 ) 2 2 (1 95 2 65 ) 1 2 2 (1 37 ) 2 2 2 (1 103 2 64 ) 2 2 1 (1 27 2 29 ) 6 1 1 (1 79 ) 1 2 (1 64 ) 2 1 (1 69 2 51 ) 2 2 (1 72 2 65 ) 4 2 1 (1 58 2 55 ) 2 2 (1 67 2 57 ) 
10 20 1 1 2 (2 47 ) 3 1 1 (2 21 ) 1 2 (1 24 2 21 ) 4 2 1 (1 33 2 26 ) 2 2 (1 37 2 32 ) 4 1 1 (2 60 ) 2 1 (1 58 2 74 ) 2 2 (1 59 ) 2 1 2 (1 22 2 24 ) 3 1 2 (1 69 ) 2 1 (1 53 2 62 ) 2 1 1 (1 37 ) 1 2 (1 25 ) 5 1 1 (2 43 ) 1 2 (1 34 2 27 ) 2 1 (1 32 2 30 ) 2 1 2 (1 25 2 28 ) 2 1 2 (1 74 2 88 ) 
10 16 4 1 1 (2 37 ) 2 1 (2 25 ) 2 2 (1 41 2 27 ) 4 1 1 (1 96 2 98 ) 1 2 (1 88 ) 2 1 (1 88 ) 2 1 1 (2 55 ) 1 2 (2 49 ) 4 1 1 (1 75 ) 1 2 (1 62 ) 2 1 (2 78 ) 2 2 (1 63 ) 4 1 1 (1 50 2 69 ) 1 2 (1 49 2 54 ) 3 2 1 (2 11 ) 2 2 (1 13 2 12 ) 6 1 1 (1 78 2 65 ) 1 2 (1 77 2 89 ) 2 1 (1 60 2 49 ) 4 1 1 (2 52 ) 2 1 (1 55 2 44 ) 2 2 (1 56 ) 1 2 2 (2 57 ) 4 1 1 (1 30 2 30 ) 1 2 (1 25 2 21 ) 
10 17 3 1 1 (2 76 ) 2 1 (1 85 ) 2 2 (2 100 ) 5 1 2 (2 113 ) 2 1 (1 80 2 89 ) 2 2 (1 91 2 110 ) 2 1 2 (1 90 2 100 ) 6 1 1 (1 60 2 52 ) 1 2 (1 45 2 52 ) 2 2 (1 46 2 44 ) 3 2 1 (2 77 ) 2 2 (1 85 2 86 ) 3 1 1 (1 103 ) 1 2 (2 83 ) 2 1 (2 82 ) 4 1 2 (1 107 2 103 ) 2 2 (1 116 2 100 ) 6 1 1 (1 76 ) 1 2 (1 91 2 79 ) 2 1 (2 103 ) 2 2 (1 78 2 74 ) 2 2 1 (2 35 ) 2 2 (1 41 ) 1 1 2 (2 42 ) 
10 18 5 1 1 (1 85 2 113 ) 1 2 (2 92 ) 2 2 (1 67 2 131 ) 4 1 1 (1 78 2 75 ) 2 2 (1 61 2 70 ) 1 2 2 (1 58 ) 3 1 1 (1 70 ) 1 2 (1 70 2 64 ) 1 2 1 (2 50 ) 3 2 1 (1 79 ) 2 2 (1 95 2 80 ) 4 1 1 (2 73 ) 2 1 (1 76 2 101 ) 2 2 (1 59 ) 4 1 1 (1 95 2 87 ) 1 2 (2 97 ) 2 2 (1 94 ) 7 1 1 (1 26 2 34 ) 1 2 (1 26 ) 2 1 (1 38 2 40 ) 2 2 (1 23 2 32 ) 1 2 1 (1 92 ) 
10 14 2 1 1 (1 38 2 32 ) 6 1 1 (1 83 2 53 ) 1 2 (1 66 2 70 ) 2 1 (1 67 2 80 ) 4 2 1 (1 44 2 52 ) 2 2 (1 38 2 48 ) 3 1 1 (1 76 2 54 ) 2 1 (1 67 ) 3 1 1 (1 10 ) 1 2 (1 12 2 10 ) 6 1 1 (1 36 2 32 ) 2 1 (1 35 2 36 ) 2 2 (1 35 2 30 ) 1 1 1 (1 32 ) 2 1 2 (1 76 2 117 ) 4 1 1 (1 5 2 6 ) 1 2 (1 7 2 6 ) 3 1 1 (1 26 2 45 ) 1 2 (1 47 ) 
10 19 4 1 1 (1 29 2 51 ) 1 2 (1 41 ) 2 2 (2 40 ) 6 1 2 (1 3 2 6 ) 2 1 (1 5 2 6 ) 2 2 (1 3 2 6 ) 1 1 2 (2 94 ) 3 1 1 (1 55 2 43 ) 2 1 (1 51 ) 4 2 1 (1 52 2 54 ) 2 2 (1 60 2 70 ) 3 1 2 (1 82 ) 2 2 (1 82 2 74 ) 5 1 1 (1 88 ) 2 1 (1 61 2 91 ) 2 2 (1 99 2 93 ) 5 1 1 (1 55 ) 2 1 (1 41 2 48 ) 2 2 (1 41 2 52 ) 3 2 1 (1 103 2 86 ) 2 2 (1 104 ) 1 1 2 (1 90 ) 
10 18 3 1 2 (1 30 2 30 ) 2 1 (2 21 ) 2 2 1 (1 81 2 64 ) 2 2 1 (1 49 2 53 ) 3 2 1 (2 68 ) 2 2 (1 65 2 61 ) 3 1 1 (1 89 2 57 ) 2 1 (2 89 ) 3 1 2 (2 77 ) 2 1 (1 60 ) 2 2 (1 81 ) 1 2 1 (1 64 ) 5 1 1 (1 14 2 14 ) 1 2 (1 15 2 16 ) 2 2 (2 19 ) 5 1 1 (1 71 ) 1 2 (1 62 2 81 ) 2 1 (1 82 ) 2 2 (2 89 ) 2 1 1 (1 74 ) 1 2 (1 74 ) 
10 19 5 1 1 (1 44 ) 1 2 (1 59 2 50 ) 2 1 (1 65 ) 2 2 (2 70 ) 7 1 1 (1 5 2 5 ) 1 2 (1 6 2 5 ) 2 1 (1 7 2 6 ) 2 2 (1 6 ) 5 1 1 (2 40 ) 1 2 (1 35 ) 2 1 (2 36 ) 2 2 (1 44 2 37 ) 4 2 1 (1 61 2 51 ) 2 2 (1 58 2 60 ) 4 1 1 (1 58 ) 1 2 (1 42 ) 2 2 (1 47 2 51 ) 3 1 2 (1 56 ) 2 2 (1 61 2 58 ) 4 1 1 (2 46 ) 1 2 (2 60 ) 2 2 (1 61 2 56 ) 1 1 1 (1 82 ) 2 2 1 (1 26 2 27 ) 2 1 1 (1 101 ) 2 2 (1 93 ) 