10 2 2 2
11 0 2 0 46 0 10 0 2 0 41 0 14 0 2 0 47 0 12 0 3 0 41 0
11 0 2 0 46 0 10 0 2 0 41 0 14 0 2 0 47 0 12 0 3 0 41 0
10 20 1 1 1 (2 107 ) 4 1 1 (1 56 2 63 ) 1 2 (1 78 ) 2 2 (2 77 ) 5 1 1 (1 25 2 23 ) 1 2 (1 20 2 21 ) 2 2 (1 27 ) 4 1 1 (1 4 2 4 ) 2 1 (2 5 ) 2 2 (2 3 ) 4 1 2 (1 50 2 58 ) 2 1 (1 50 2 59 ) 3 1 1 (2 15 ) 1 2 (1 13 2 16 ) 3 1 1 (2 92 ) 1 2 (1 104 ) 2 1 (2 62 ) 4 1 1 (1 8 2 13 ) 1 2 (1 11 ) 2 2 (1 8 ) 1 2 2 (2 17 ) 4 1 1 (1 84 2 84 ) 1 2 (1 71 2 84 ) 
10 15 5 1 1 (2 11 ) 1 2 (2 11 ) 2 1 (2 9 ) 2 2 (1 15 2 13 ) 2 1 2 (1 41 2 52 ) 6 1 1 (1 76 2 58 ) 1 2 (1 78 ) 2 1 (1 72 2 69 ) 2 2 (2 65 ) 2 1 1 (1 37 ) 1 2 (1 33 ) 2 1 1 (1 15 ) 1 2 (1 23 ) 2 2 2 (1 22 2 20 ) 3 2 1 (1 54 2 53 ) 2 2 (1 64 ) 1 1 2 (2 82 ) 3 1 2 (1 65 ) 2 1 (1 96 ) 2 2 (1 104 ) 5 1 1 (1 74 2 74 ) 1 2 (2 64 ) 2 1 (1 85 2 92 ) 
10 17 2 2 1 (1 68 2 75 ) 1 2 1 (1 61 ) 7 1 1 (1 123 2 89 ) 1 2 (2 120 ) 2 1 (1 85 2 108 ) 2 2 (1 78 2 92 ) 3 1 1 (1 80 ) 1 2 (1 83 2 69 ) 2 1 1 (1 22 ) 2 1 (2 37 ) 4 1 2 (1 84 2 75 ) 2 1 (2 67 ) 2 2 (1 75 ) 4 1 1 (1 48 ) 1 2 (1 57 ) 2 2 (1 51 2 50 ) 3 1 2 (1 91 ) 2 1 (2 101 ) 2 2 (1 65 ) 1 1 1 (1 45 ) 4 1 2 (1 15 ) 2 1 (1 17 2 14 ) 2 2 (2 18 ) 
10 17 1 1 1 (1 30 ) 4 1 2 (1 41 2 42 ) 2 2 (1 29 2 32 ) 6 1 2 (1 21 2 26 ) 2 1 (1 32 2 28 ) 2 2 (1 31 2 26 ) 2 2 1 (1 94 2 95 ) 5 1 2 (1 49 2 38 ) 2 1 (1 54 2 50 ) 2 2 (1 40 ) 5 1 1 (1 100 2 77 ) 1 2 (1 111 ) 2 2 (1 104 2 84 ) 4 1 2 (1 29 2 27 ) 2 1 (2 28 ) 2 2 (1 25 ) 1 2 2 (1 50 ) 4 1 1 (1 26 ) 2 1 (1 28 2 29 ) 2 2 (2 34 ) 3 2 1 (1 85 2 71 ) 2 2 (1 71 ) 
10 15 1 2 2 (2 51 ) 5 1 1 (1 80 ) 1 2 (1 95 2 84 ) 2 1 (2 79 ) 2 2 (2 81 ) 3 1 2 (1 60 2 74 ) 2 2 (1 80 ) 3 1 1 (1 31 2 23 ) 2 1 (2 26 ) 2 1 1 (2 74 ) 1 2 (2 71 ) 6 1 1 (1 29 ) 1 2 (1 28 ) 2 1 (1 28 2 36 ) 2 2 (1 30 2 34 ) 5 1 1 (1 108 2 80 ) 2 1 (1 108 2 96 ) 2 2 (1 88 ) 7 1 1 (1 110 2 129 ) 1 2 (2 64 ) 2 1 (1 98 2 126 ) 2 2 (1 80 2 91 ) 4 1 1 (1 38 2 40 ) 2 1 (2 40 ) 2 2 (1 31 ) 2 1 2 (1 24 2 39 ) 
10 14 3 1 1 (1 19 ) 1 2 (1 13 2 23 ) 3 1 1 (1 28 ) 2 2 (1 43 2 52 ) 1 2 2 (1 88 ) 5 1 1 (2 88 ) 1 2 (1 92 2 88 ) 2 2 (1 99 2 108 ) 5 1 1 (1 76 ) 2 1 (1 57 2 65 ) 2 2 (1 70 2 38 ) 2 2 2 (1 54 2 80 ) 4 2 1 (1 85 2 88 ) 2 2 (1 114 2 92 ) 4 1 2 (1 37 ) 2 1 (1 49 ) 2 2 (1 44 2 35 ) 2 1 1 (1 54 2 57 ) 4 2 1 (1 96 2 109 ) 2 2 (1 111 2 84 ) 
10 18 1 2 1 (1 20 ) 4 2 1 (1 67 2 65 ) 2 2 (1 123 2 101 ) 2 1 1 (1 17 2 22 ) 5 1 1 (1 59 2 57 ) 1 2 (1 50 2 45 ) 2 2 (2 63 ) 2 2 1 (1 35 2 33 ) 3 1 1 (1 40 ) 2 2 (1 42 2 39 ) 5 1 1 (1 67 2 60 ) 2 1 (2 57 ) 2 2 (1 55 2 55 ) 1 1 2 (1 40 ) 4 1 1 (1 35 ) 1 2 (2 28 ) 2 1 (2 35 ) 2 2 (2 30 ) 6 1 1 (1 64 2 45 ) 1 2 (1 74 2 67 ) 2 2 (1 64 2 76 ) 
10 17 2 1 1 (1 34 2 41 ) 6 1 1 (1 45 2 76 ) 1 2 (1 64 2 64 ) 2 2 (1 68 2 54 ) 7 1 1 (1 41 ) 1 2 (1 33 2 32 ) 2 1 (1 32 2 38 ) 2 2 (1 47 2 28 ) 6 1 1 (2 25 ) 1 2 (1 26 2 30 ) 2 1 (1 28 2 24 ) 2 2 (2 24 ) 5 1 2 (1 16 2 21 ) 2 1 (1 17 ) 2 2 (1 20 2 17 ) 3 1 2 (2 88 ) 2 1 (1 90 ) 2 2 (2 79 ) 4 1 2 (1 16 2 15 ) 2 1 (2 15 ) 2 2 (2 18 ) 3 1 2 (1 74 ) 2 2 (1 53 2 57 ) 4 1 1 (1 16 2 16 ) 1 2 (1 10 ) 2 1 (1 16 ) 4 1 1 (2 63 ) 1 2 (1 92 2 74 ) 2 2 (2 82 ) 
10 15 5 1 2 (1 87 2 99 ) 2 1 (1 77 ) 2 2 (1 63 2 74 ) 4 1 1 (1 44 ) 1 2 (1 44 ) 2 1 (1 53 ) 2 2 (1 42 ) 4 1 1 (1 77 2 67 ) 1 2 (1 94 2 86 ) 6 1 1 (1 26 2 21 ) 2 1 (1 23 2 24 ) 2 2 (1 24 2 24 ) 5 1 1 (1 119 2 105 ) 1 2 (2 101 ) 2 1 (1 108 ) 2 2 (1 93 ) 4 1 1 (1 120 2 84 ) 2 1 (2 99 ) 2 2 (2 99 ) 3 2 1 (1 6 2 7 ) 2 2 (2 7 ) 2 1 1 (1 57 2 44 ) 5 1 1 (1 16 2 24 ) 1 2 (1 20 ) 2 1 (1 22 2 15 ) 2 2 2 (1 12 2 15 ) 
10 20 4 1 2 (2 56 ) 2 1 (1 60 2 52 ) 2 2 (2 51 ) 3 1 1 (1 21 2 23 ) 1 2 (2 18 ) 2 1 2 (1 82 2 82 ) 2 1 2 (1 97 ) 2 2 (2 105 ) 3 1 2 (2 25 ) 2 1 (2 27 ) 2 2 (2 24 ) 2 1 2 (1 19 2 13 ) 3 1 2 (2 56 ) 2 1 (1 72 2 78 ) 3 2 1 (2 83 ) 2 2 (1 73 2 68 ) 2 1 2 (1 27 2 21 ) 6 1 2 (1 59 2 58 ) 2 1 (1 73 2 72 ) 2 2 (1 96 2 85 ) 