10 2 2 2
13 0 1 0 50 0 12 0 3 0 49 0 15 0 2 0 45 0 11 0 3 0 41 0
13 0 1 0 50 0 12 0 3 0 49 0 15 0 2 0 45 0 11 0 3 0 41 0
10 20 6 1 1 (1 45 ) 1 2 (1 38 ) 2 1 (1 37 2 36 ) 2 2 (1 44 2 36 ) 5 1 1 (1 92 ) 1 2 (1 100 2 104 ) 2 2 (1 85 2 116 ) 1 1 2 (2 62 ) 6 1 2 (1 7 2 6 ) 2 1 (1 6 2 7 ) 2 2 (1 6 2 9 ) 3 1 2 (2 21 ) 2 2 (1 21 2 29 ) 2 2 2 (1 10 2 11 ) 3 1 1 (1 39 ) 1 2 (2 48 ) 2 1 (2 44 ) 7 1 1 (1 77 2 108 ) 1 2 (1 81 2 57 ) 2 1 (1 84 2 93 ) 2 2 (1 84 ) 2 1 2 (2 82 ) 2 2 (2 79 ) 2 1 1 (2 26 ) 2 2 (1 26 ) 
10 16 6 1 1 (1 10 2 16 ) 1 2 (1 14 ) 2 1 (2 20 ) 2 2 (1 19 2 14 ) 4 1 1 (1 84 2 102 ) 1 2 (2 85 ) 2 2 (2 113 ) 2 2 1 (1 67 2 72 ) 2 1 2 (1 61 2 47 ) 2 2 2 (1 92 2 98 ) 6 1 1 (1 28 2 26 ) 1 2 (1 17 2 29 ) 2 1 (1 22 2 27 ) 4 2 1 (1 61 2 63 ) 2 2 (1 70 2 63 ) 3 1 1 (1 50 ) 1 2 (2 56 ) 2 1 (2 59 ) 2 2 1 (1 99 2 102 ) 2 2 2 (1 17 2 13 ) 
10 16 7 1 1 (1 59 2 79 ) 1 2 (1 70 2 50 ) 2 1 (1 77 ) 2 2 (1 62 2 61 ) 3 2 1 (1 52 ) 2 2 (1 76 2 64 ) 1 1 2 (1 9 ) 4 1 1 (1 76 2 77 ) 1 2 (1 79 2 74 ) 4 2 1 (1 68 2 62 ) 2 2 (1 85 2 62 ) 6 1 2 (1 50 2 52 ) 2 1 (1 50 2 44 ) 2 2 (1 48 2 49 ) 5 1 2 (1 53 ) 2 1 (1 41 2 40 ) 2 2 (1 35 2 59 ) 3 1 1 (2 84 ) 2 1 (2 67 ) 2 2 (1 44 ) 5 1 1 (1 5 2 5 ) 1 2 (1 5 2 5 ) 2 1 (1 5 ) 3 1 2 (2 93 ) 2 1 (1 92 2 75 ) 
10 16 4 1 2 (1 37 2 46 ) 2 2 (1 63 2 47 ) 4 1 2 (1 36 2 36 ) 2 1 (1 30 2 34 ) 2 2 2 (1 6 2 6 ) 5 1 1 (1 14 ) 1 2 (1 13 2 11 ) 2 1 (1 15 2 14 ) 1 1 2 (2 88 ) 3 2 1 (1 95 ) 2 2 (1 85 2 113 ) 6 1 1 (1 65 2 89 ) 2 1 (1 97 2 73 ) 2 2 (1 81 2 94 ) 6 1 1 (1 39 2 27 ) 1 2 (1 32 ) 2 1 (2 30 ) 2 2 (1 31 2 22 ) 5 1 1 (1 30 2 35 ) 1 2 (1 33 ) 2 1 (1 37 2 36 ) 4 1 2 (1 65 2 77 ) 2 2 (1 90 2 67 ) 
10 20 6 1 1 (1 93 ) 1 2 (1 93 ) 2 1 (1 99 2 102 ) 2 2 (1 77 2 106 ) 2 2 1 (1 8 2 5 ) 3 1 1 (1 54 ) 1 2 (1 52 ) 2 1 (2 69 ) 4 2 1 (1 88 2 84 ) 2 2 (1 89 2 79 ) 4 1 2 (2 88 ) 2 1 (1 97 2 67 ) 2 2 (2 67 ) 6 1 1 (1 75 2 64 ) 2 1 (1 84 2 73 ) 2 2 (1 90 2 74 ) 4 1 1 (2 106 ) 2 1 (2 88 ) 2 2 (1 109 2 101 ) 1 2 1 (2 53 ) 3 1 1 (1 61 ) 2 1 (1 56 ) 2 2 (2 79 ) 3 1 2 (2 33 ) 2 2 (1 42 2 39 ) 
10 15 3 2 1 (1 45 ) 2 2 (1 39 2 44 ) 1 2 1 (2 11 ) 4 1 2 (2 7 ) 2 1 (1 6 2 5 ) 2 2 (2 5 ) 3 1 1 (1 41 ) 2 2 (1 40 2 42 ) 3 1 2 (1 8 2 7 ) 2 1 (2 9 ) 5 1 1 (1 30 ) 1 2 (1 37 2 33 ) 2 2 (1 39 2 29 ) 2 2 2 (1 37 2 38 ) 3 2 1 (1 51 ) 2 2 (1 35 2 57 ) 6 1 1 (1 16 2 21 ) 1 2 (1 16 ) 2 1 (1 19 ) 2 2 (1 18 2 20 ) 7 1 1 (1 52 2 48 ) 1 2 (1 36 2 57 ) 2 1 (1 57 ) 2 2 (1 45 2 66 ) 
10 17 7 1 1 (1 32 2 52 ) 1 2 (1 50 2 43 ) 2 1 (1 49 ) 2 2 (1 41 2 47 ) 4 2 1 (1 71 2 68 ) 2 2 (1 60 2 59 ) 1 1 2 (2 65 ) 4 1 1 (1 69 2 85 ) 1 2 (1 59 ) 2 2 (2 81 ) 3 1 1 (2 38 ) 1 2 (1 34 2 32 ) 2 2 1 (1 111 2 111 ) 2 1 2 (2 50 ) 2 1 (1 44 ) 3 1 1 (2 45 ) 1 2 (1 54 2 54 ) 5 1 1 (1 32 2 51 ) 2 1 (1 35 ) 2 2 (1 45 2 46 ) 4 1 1 (1 99 2 88 ) 1 2 (1 86 2 71 ) 
10 14 4 1 1 (1 17 ) 1 2 (2 17 ) 2 1 (2 20 ) 2 2 (1 16 ) 4 2 1 (1 11 2 14 ) 2 2 (1 12 2 7 ) 3 1 1 (2 39 ) 1 2 (1 42 2 39 ) 4 1 1 (1 51 2 43 ) 1 2 (1 43 2 37 ) 4 2 1 (1 54 2 74 ) 2 2 (1 82 2 78 ) 3 1 1 (2 6 ) 2 1 (1 8 2 8 ) 2 1 2 (1 44 2 54 ) 5 1 2 (1 33 2 28 ) 2 1 (2 38 ) 2 2 (1 23 2 29 ) 4 1 1 (2 71 ) 1 2 (1 46 2 59 ) 2 1 (2 77 ) 4 1 1 (1 10 2 9 ) 1 2 (1 12 ) 2 2 (2 10 ) 
10 14 4 1 1 (1 76 2 77 ) 1 2 (1 98 2 91 ) 1 1 2 (1 25 ) 3 2 1 (2 25 ) 2 2 (1 23 2 26 ) 3 1 1 (2 102 ) 1 2 (1 86 2 84 ) 6 1 1 (1 65 ) 1 2 (1 48 2 61 ) 2 1 (1 61 2 70 ) 2 2 (1 64 ) 6 1 2 (1 96 2 96 ) 2 1 (1 90 2 100 ) 2 2 (1 72 2 82 ) 5 1 1 (1 61 2 68 ) 2 1 (2 82 ) 2 2 (1 75 2 76 ) 5 1 1 (1 31 ) 1 2 (2 25 ) 2 1 (1 31 ) 2 2 (1 29 2 23 ) 6 1 1 (1 77 2 81 ) 2 1 (1 77 2 90 ) 2 2 (1 88 2 108 ) 4 2 1 (1 27 2 22 ) 2 2 (1 24 2 19 ) 
10 19 4 1 1 (1 41 2 48 ) 1 2 (1 43 2 52 ) 5 1 1 (2 47 ) 2 1 (1 52 2 60 ) 2 2 (1 60 2 59 ) 2 2 1 (1 54 ) 2 2 (2 67 ) 5 1 2 (1 64 2 47 ) 2 1 (1 38 ) 2 2 (1 60 2 52 ) 2 2 1 (2 66 ) 2 2 (1 72 ) 6 1 1 (1 81 2 74 ) 2 1 (1 69 2 63 ) 2 2 (1 82 2 68 ) 4 1 1 (1 75 ) 2 1 (1 68 2 85 ) 2 2 (2 55 ) 2 1 1 (1 61 2 61 ) 3 1 1 (1 94 ) 1 2 (1 81 2 105 ) 1 1 2 (1 12 ) 