10 2 2 2
11 0 1 0 42 0 14 0 3 0 48 0 13 0 2 0 45 0 15 0 3 0 47 0
11 0 1 0 42 0 14 0 3 0 48 0 13 0 2 0 45 0 15 0 3 0 47 0
10 17 2 1 2 (1 8 ) 2 2 (2 10 ) 3 1 1 (1 65 ) 1 2 (2 76 ) 2 2 (2 83 ) 5 1 2 (1 39 2 47 ) 2 1 (1 61 ) 2 2 (1 70 2 52 ) 7 1 1 (1 36 2 38 ) 1 2 (1 51 2 31 ) 2 1 (2 48 ) 2 2 (1 39 2 42 ) 7 1 1 (1 33 2 32 ) 1 2 (1 29 2 28 ) 2 1 (1 30 ) 2 2 (1 43 2 35 ) 3 2 1 (2 43 ) 2 2 (1 37 2 45 ) 6 1 1 (1 4 2 5 ) 1 2 (1 7 2 6 ) 2 1 (1 6 2 5 ) 4 1 2 (1 16 2 20 ) 2 1 (1 22 2 18 ) 7 1 1 (1 77 2 88 ) 1 2 (1 83 2 97 ) 2 1 (1 61 2 81 ) 2 2 (2 73 ) 5 1 1 (1 46 2 40 ) 2 1 (2 45 ) 2 2 (1 34 2 43 ) 
10 17 2 1 2 (2 21 ) 2 1 (2 19 ) 6 1 1 (1 78 2 75 ) 1 2 (1 73 2 62 ) 2 2 (1 67 2 74 ) 2 2 1 (1 69 2 74 ) 2 2 1 (1 65 ) 2 2 (1 70 ) 4 1 2 (1 33 ) 2 1 (1 50 2 35 ) 2 2 (2 42 ) 3 2 1 (1 76 ) 2 2 (1 68 2 60 ) 5 1 1 (1 26 ) 1 2 (1 21 2 31 ) 2 1 (2 23 ) 2 2 (2 25 ) 1 2 1 (2 69 ) 4 1 2 (1 51 2 56 ) 2 1 (2 61 ) 2 2 (1 63 ) 1 2 2 (1 17 ) 
10 15 5 1 2 (1 98 2 88 ) 2 1 (1 67 2 96 ) 2 2 (2 98 ) 6 1 1 (1 42 2 44 ) 1 2 (2 39 ) 2 1 (2 30 ) 2 2 (1 36 2 41 ) 6 1 1 (1 32 2 44 ) 1 2 (1 41 ) 2 1 (2 34 ) 2 2 (1 38 2 46 ) 3 2 1 (1 23 ) 2 2 (1 23 2 24 ) 2 1 2 (1 36 ) 2 1 (1 49 ) 1 2 2 (1 84 ) 5 1 1 (1 81 2 101 ) 2 1 (1 81 2 83 ) 2 2 (2 97 ) 4 2 1 (1 34 2 30 ) 2 2 (1 23 2 30 ) 4 1 1 (1 82 2 78 ) 2 2 (1 83 2 78 ) 5 1 1 (1 19 ) 2 1 (1 23 2 28 ) 2 2 (1 32 2 23 ) 
10 18 3 2 1 (1 60 2 96 ) 2 2 (2 65 ) 5 1 1 (1 66 2 58 ) 1 2 (2 76 ) 2 2 (1 75 2 70 ) 3 2 1 (2 66 ) 2 2 (1 45 2 55 ) 4 1 1 (1 7 2 7 ) 1 2 (2 8 ) 2 1 (2 7 ) 6 1 1 (1 29 2 30 ) 1 2 (1 30 ) 2 1 (1 26 ) 2 2 (1 29 2 24 ) 5 1 1 (1 56 2 56 ) 2 1 (1 63 2 49 ) 2 2 (1 55 ) 5 1 1 (2 38 ) 1 2 (1 36 2 45 ) 2 2 (1 44 2 22 ) 2 1 1 (1 83 ) 1 2 (1 83 ) 4 1 1 (1 45 ) 2 1 (1 55 2 39 ) 2 2 (2 40 ) 3 1 2 (2 64 ) 2 1 (1 118 2 97 ) 
10 14 3 1 1 (1 116 2 95 ) 1 2 (2 98 ) 3 1 1 (1 43 ) 1 2 (1 36 ) 2 2 (2 43 ) 4 1 2 (1 93 2 97 ) 2 2 (1 86 2 68 ) 6 1 1 (1 19 2 17 ) 1 2 (1 13 2 17 ) 2 2 (1 14 2 14 ) 5 1 1 (1 65 ) 1 2 (1 67 2 81 ) 2 1 (2 69 ) 2 2 (2 74 ) 7 1 1 (1 49 2 44 ) 1 2 (1 39 ) 2 1 (1 52 2 63 ) 2 2 (1 47 2 54 ) 3 1 1 (1 61 ) 1 2 (1 59 ) 2 2 (1 38 ) 3 1 1 (1 94 2 76 ) 1 2 (1 95 ) 3 2 1 (1 53 2 67 ) 2 2 (2 39 ) 1 1 1 (2 8 ) 
10 18 5 1 1 (1 8 2 8 ) 1 2 (1 9 2 8 ) 2 1 (1 8 ) 3 1 1 (1 8 ) 2 2 (1 8 2 11 ) 3 2 1 (1 61 ) 2 2 (1 47 2 55 ) 4 1 2 (1 77 2 68 ) 2 2 (1 75 2 83 ) 1 2 2 (1 26 ) 5 1 1 (1 94 2 88 ) 2 1 (1 95 ) 2 2 (1 109 2 87 ) 2 1 2 (1 39 2 38 ) 2 1 2 (1 12 2 8 ) 5 1 1 (1 48 2 51 ) 2 1 (1 50 ) 2 2 (1 50 2 43 ) 7 1 1 (1 40 2 33 ) 1 2 (1 31 2 48 ) 2 1 (1 37 ) 2 2 (1 28 2 34 ) 
10 17 3 1 1 (1 53 2 56 ) 1 2 (1 65 ) 1 2 1 (1 80 ) 2 1 2 (1 107 2 90 ) 3 1 1 (1 69 2 98 ) 1 2 (2 83 ) 7 1 1 (1 95 2 84 ) 1 2 (1 100 2 68 ) 2 1 (2 121 ) 2 2 (1 108 2 94 ) 6 1 1 (1 28 2 34 ) 1 2 (1 28 ) 2 1 (1 28 ) 2 2 (1 29 2 27 ) 4 1 2 (2 73 ) 2 1 (1 83 2 84 ) 2 2 (2 75 ) 3 2 1 (1 80 2 100 ) 2 2 (2 102 ) 3 1 2 (1 27 2 31 ) 2 2 (1 26 ) 3 1 2 (1 58 ) 2 1 (1 58 2 71 ) 
10 15 3 1 2 (2 108 ) 2 2 (1 65 2 90 ) 6 1 1 (1 76 2 110 ) 1 2 (1 79 2 89 ) 2 1 (1 77 ) 2 2 (2 79 ) 7 1 1 (1 72 ) 1 2 (1 80 2 80 ) 2 1 (1 78 2 77 ) 2 2 (1 87 2 113 ) 2 2 2 (1 57 2 53 ) 3 2 1 (1 60 2 58 ) 2 2 (1 82 ) 2 1 1 (1 26 2 36 ) 3 1 1 (1 38 2 40 ) 1 2 (1 35 ) 4 2 1 (1 43 2 50 ) 2 2 (1 54 2 65 ) 3 1 2 (1 44 2 52 ) 2 1 (1 44 ) 2 1 2 (2 66 ) 2 1 (2 61 ) 
10 20 4 1 2 (1 52 2 66 ) 2 2 (1 44 2 55 ) 3 2 1 (2 44 ) 2 2 (1 42 2 38 ) 4 1 2 (1 75 2 93 ) 2 2 (1 83 2 79 ) 2 2 1 (2 11 ) 2 2 (2 10 ) 6 1 1 (1 7 ) 1 2 (1 8 2 8 ) 2 1 (1 8 2 6 ) 2 2 (1 8 ) 5 1 2 (1 22 2 21 ) 2 1 (1 25 2 23 ) 2 2 (2 25 ) 5 1 1 (1 75 ) 1 2 (1 108 2 95 ) 2 2 (1 79 2 72 ) 2 2 1 (1 60 2 52 ) 6 1 1 (1 69 2 84 ) 2 1 (1 64 2 65 ) 2 2 (1 72 2 72 ) 4 1 1 (1 34 2 19 ) 2 1 (1 29 2 24 ) 
10 16 5 1 1 (1 22 2 20 ) 2 1 (1 18 2 25 ) 2 2 (1 17 ) 5 1 1 (1 67 2 53 ) 1 2 (1 55 2 60 ) 2 2 (1 51 ) 6 1 1 (1 70 2 67 ) 1 2 (2 64 ) 2 1 (1 44 ) 2 2 (1 70 2 79 ) 5 1 2 (1 30 2 29 ) 2 1 (2 20 ) 2 2 (1 29 2 26 ) 7 1 1 (1 87 2 81 ) 1 2 (1 77 ) 2 1 (1 83 2 91 ) 2 2 (1 108 2 101 ) 1 2 1 (2 89 ) 2 1 1 (1 42 ) 2 1 (1 36 ) 1 1 1 (2 98 ) 2 2 1 (2 41 ) 2 2 (1 45 ) 4 1 1 (1 80 2 87 ) 2 1 (1 97 2 97 ) 