10 2 2 2
13 0 2 0 40 0 14 0 2 0 45 0 10 0 2 0 47 0 13 0 2 0 41 0
13 0 2 0 40 0 14 0 2 0 45 0 10 0 2 0 47 0 13 0 2 0 41 0
10 17 4 1 1 (1 63 2 60 ) 2 1 (1 62 2 81 ) 4 1 2 (1 49 2 44 ) 2 2 (1 41 2 51 ) 3 1 2 (1 33 2 36 ) 2 1 (1 28 ) 4 2 1 (1 77 2 76 ) 2 2 (1 109 2 90 ) 6 1 1 (1 67 2 59 ) 1 2 (1 54 2 75 ) 2 1 (1 80 2 67 ) 3 1 2 (2 15 ) 2 1 (1 16 2 14 ) 6 1 1 (2 111 ) 1 2 (1 100 2 136 ) 2 1 (1 110 2 95 ) 2 2 (2 84 ) 7 1 1 (1 7 2 8 ) 1 2 (1 5 2 8 ) 2 1 (1 7 ) 2 2 (1 9 2 6 ) 3 2 1 (1 109 2 95 ) 2 2 (2 112 ) 4 1 2 (1 68 2 82 ) 2 2 (1 80 2 87 ) 
10 16 3 2 1 (1 18 ) 2 2 (1 16 2 18 ) 3 2 1 (1 114 ) 2 2 (1 100 2 113 ) 3 1 1 (2 48 ) 1 2 (1 50 2 53 ) 1 1 1 (2 57 ) 1 2 1 (1 53 ) 5 1 2 (1 27 2 34 ) 2 1 (1 30 2 29 ) 2 2 (1 26 ) 1 2 1 (1 18 ) 3 1 1 (1 61 2 103 ) 1 2 (2 63 ) 4 1 1 (1 99 2 69 ) 1 2 (1 82 ) 2 1 (1 93 ) 3 2 1 (1 88 2 74 ) 2 2 (2 80 ) 
10 18 4 1 2 (1 60 ) 2 1 (1 40 2 42 ) 2 2 (2 48 ) 5 1 1 (2 10 ) 2 1 (1 13 2 11 ) 2 2 (1 14 2 11 ) 4 1 1 (2 12 ) 1 2 (1 10 2 13 ) 2 1 (1 16 ) 2 2 1 (2 46 ) 2 2 (2 66 ) 4 1 2 (1 12 ) 2 1 (1 17 2 17 ) 2 2 (2 15 ) 1 2 2 (1 78 ) 3 2 1 (1 10 2 11 ) 2 2 (2 10 ) 3 1 2 (1 77 2 57 ) 2 2 (1 59 ) 3 2 1 (1 23 2 27 ) 2 2 (2 23 ) 4 1 2 (1 60 ) 2 1 (2 44 ) 2 2 (1 77 2 40 ) 
10 18 4 1 2 (1 43 2 54 ) 2 1 (1 55 2 55 ) 5 1 1 (2 39 ) 1 2 (1 28 2 18 ) 2 1 (1 30 ) 2 2 (1 41 ) 4 1 1 (2 19 ) 1 2 (1 19 ) 2 2 (1 11 2 20 ) 7 1 1 (1 60 ) 1 2 (1 46 2 57 ) 2 1 (1 53 2 47 ) 2 2 (1 46 2 52 ) 2 1 1 (2 68 ) 2 2 (2 86 ) 2 1 1 (1 38 2 33 ) 1 2 1 (1 77 ) 2 1 1 (1 20 2 16 ) 3 1 2 (1 55 2 50 ) 2 1 (2 45 ) 5 1 1 (1 33 ) 2 1 (1 27 2 29 ) 2 2 (1 31 2 32 ) 
10 18 4 1 1 (1 62 2 59 ) 2 2 (1 46 2 53 ) 2 2 1 (2 6 ) 2 2 (1 6 ) 1 1 2 (1 36 ) 5 1 1 (1 120 2 101 ) 1 2 (1 84 2 101 ) 2 1 (1 103 ) 3 1 2 (2 62 ) 2 2 (1 71 2 98 ) 6 1 1 (1 117 2 108 ) 2 1 (1 101 2 103 ) 2 2 (1 94 2 93 ) 3 1 1 (2 12 ) 2 1 (2 13 ) 2 2 (1 14 ) 3 1 1 (1 64 2 82 ) 2 2 (1 58 ) 3 1 1 (1 71 2 71 ) 2 1 (2 67 ) 1 2 1 (2 19 ) 
10 18 2 2 2 (1 43 2 48 ) 1 1 2 (1 23 ) 4 1 1 (1 89 ) 1 2 (1 78 2 65 ) 2 1 (2 80 ) 1 1 1 (1 24 ) 3 1 1 (2 59 ) 1 2 (2 50 ) 2 1 (1 63 ) 5 1 1 (2 21 ) 1 2 (1 22 2 25 ) 2 1 (1 18 ) 2 2 (2 21 ) 4 1 1 (1 73 2 95 ) 1 2 (1 97 2 64 ) 3 1 1 (2 65 ) 1 2 (1 90 2 100 ) 2 2 1 (1 73 2 77 ) 3 1 1 (2 79 ) 1 2 (2 74 ) 2 2 (2 107 ) 
10 14 2 1 2 (2 72 ) 2 1 (1 74 ) 5 1 1 (2 60 ) 1 2 (1 54 2 50 ) 2 2 (1 66 2 55 ) 6 1 1 (1 93 2 71 ) 1 2 (2 96 ) 2 1 (1 69 2 90 ) 2 2 (1 82 ) 1 2 2 (1 76 ) 5 1 1 (2 71 ) 2 1 (1 63 2 77 ) 2 2 (1 64 2 82 ) 3 1 2 (1 64 2 41 ) 2 2 (1 56 ) 1 2 2 (2 91 ) 3 1 1 (1 17 2 14 ) 1 2 (1 14 ) 2 2 1 (2 25 ) 2 2 (1 25 ) 2 2 1 (1 59 2 52 ) 
10 18 8 1 1 (1 110 2 81 ) 1 2 (1 94 2 110 ) 2 1 (1 68 2 95 ) 2 2 (1 106 2 93 ) 2 1 2 (1 28 2 36 ) 5 1 1 (1 70 ) 1 2 (1 50 2 47 ) 2 2 (1 63 2 54 ) 3 1 1 (1 85 2 72 ) 1 2 (2 86 ) 2 2 1 (1 82 ) 2 2 (1 79 ) 1 1 1 (2 51 ) 3 1 1 (2 25 ) 1 2 (1 16 2 20 ) 1 2 2 (1 60 ) 2 1 1 (1 11 ) 1 2 (2 22 ) 1 1 1 (1 48 ) 
10 19 1 1 2 (1 36 ) 4 1 2 (1 12 2 15 ) 2 1 (1 8 2 15 ) 4 1 1 (1 82 ) 1 2 (2 80 ) 2 2 (1 67 2 82 ) 4 2 1 (1 79 2 85 ) 2 2 (1 66 2 72 ) 2 1 1 (2 62 ) 1 2 (2 57 ) 5 1 1 (1 77 2 90 ) 2 1 (1 95 2 63 ) 2 2 (2 82 ) 5 1 1 (2 10 ) 2 1 (1 9 2 9 ) 2 2 (1 13 2 10 ) 3 1 2 (1 11 2 9 ) 2 2 (1 9 ) 5 1 1 (1 39 2 48 ) 2 1 (2 42 ) 2 2 (1 50 2 42 ) 6 1 1 (1 32 2 27 ) 1 2 (2 28 ) 2 1 (1 31 ) 2 2 (1 27 2 33 ) 
10 18 5 1 2 (1 23 2 23 ) 2 1 (1 24 2 21 ) 2 2 (2 26 ) 4 1 1 (1 64 2 71 ) 1 2 (2 73 ) 2 2 (1 80 ) 4 1 1 (1 87 2 87 ) 1 2 (1 69 2 84 ) 5 1 2 (2 11 ) 2 1 (1 15 2 13 ) 2 2 (1 10 2 12 ) 2 1 2 (1 106 2 105 ) 7 1 1 (1 10 2 15 ) 1 2 (1 10 2 11 ) 2 1 (2 11 ) 2 2 (1 14 2 6 ) 4 1 1 (1 76 2 79 ) 2 1 (2 80 ) 2 2 (2 77 ) 6 1 1 (1 94 2 91 ) 1 2 (2 105 ) 2 1 (1 83 ) 2 2 (1 106 2 97 ) 3 1 1 (1 78 2 74 ) 1 2 (1 81 ) 5 1 2 (1 15 ) 2 1 (1 15 2 17 ) 2 2 (1 21 2 20 ) 