10 2 2 2
12 0 1 0 48 0 13 0 1 0 41 0 11 0 3 0 44 0 13 0 1 0 46 0
12 0 1 0 48 0 13 0 1 0 41 0 11 0 3 0 44 0 13 0 1 0 46 0
10 19 1 1 1 (2 29 ) 2 2 1 (1 16 ) 2 2 (1 11 ) 3 2 1 (1 17 2 15 ) 2 2 (1 13 ) 3 1 1 (1 43 ) 2 1 (1 42 2 30 ) 1 1 2 (1 21 ) 2 2 1 (1 45 ) 2 2 (2 36 ) 1 1 2 (2 21 ) 2 2 2 (1 29 2 23 ) 4 1 1 (1 29 2 36 ) 1 2 (1 31 ) 2 2 (1 27 ) 4 1 2 (1 29 2 38 ) 2 1 (1 35 ) 2 2 (1 32 ) 
10 14 3 1 1 (1 7 ) 2 1 (1 9 2 6 ) 1 1 2 (2 16 ) 6 1 1 (1 57 2 49 ) 1 2 (2 55 ) 2 1 (1 51 2 52 ) 2 2 (2 34 ) 3 1 1 (1 33 2 26 ) 2 1 (2 24 ) 1 1 2 (1 58 ) 2 1 2 (1 18 2 24 ) 2 2 1 (2 21 ) 2 2 (1 27 ) 7 1 1 (1 16 2 17 ) 1 2 (1 23 ) 2 1 (1 13 2 17 ) 2 2 (1 15 2 16 ) 4 2 1 (1 17 2 24 ) 2 2 (1 15 2 18 ) 3 1 1 (1 26 ) 1 2 (2 38 ) 2 1 (1 25 ) 
10 15 3 1 1 (1 22 ) 1 2 (1 34 2 26 ) 2 1 1 (2 21 ) 1 2 (1 15 ) 4 1 1 (1 29 2 30 ) 1 2 (1 33 ) 2 1 (2 32 ) 3 1 1 (1 43 2 48 ) 1 2 (1 39 ) 3 1 1 (2 25 ) 2 1 (1 20 2 19 ) 2 1 2 (1 14 2 13 ) 2 1 1 (2 13 ) 1 2 (2 17 ) 3 2 1 (2 15 ) 2 2 (1 15 2 18 ) 4 1 1 (1 47 2 49 ) 1 2 (1 36 2 35 ) 4 1 1 (1 18 ) 1 2 (1 21 ) 2 2 (1 18 2 16 ) 
10 19 4 1 1 (1 33 2 21 ) 2 1 (1 23 ) 2 2 (2 22 ) 1 1 1 (1 14 ) 3 1 1 (2 43 ) 1 2 (1 32 2 37 ) 3 1 2 (1 28 ) 2 2 (1 32 2 26 ) 2 1 2 (1 14 2 18 ) 3 1 1 (1 15 2 22 ) 1 2 (2 23 ) 4 2 1 (1 23 2 25 ) 2 2 (1 24 2 25 ) 5 1 1 (2 15 ) 1 2 (1 14 2 15 ) 2 2 (1 17 2 19 ) 6 1 1 (2 16 ) 1 2 (1 16 2 15 ) 2 1 (2 20 ) 2 2 (1 16 2 22 ) 3 1 1 (2 23 ) 2 1 (1 18 2 24 ) 
10 15 3 1 1 (1 28 2 18 ) 1 2 (2 33 ) 3 2 1 (1 34 2 33 ) 2 2 (2 32 ) 5 1 1 (1 34 2 35 ) 1 2 (2 49 ) 2 2 (1 36 2 51 ) 3 1 1 (1 20 ) 1 2 (2 22 ) 2 2 (2 21 ) 1 2 2 (1 19 ) 4 1 1 (1 16 2 16 ) 1 2 (1 14 2 20 ) 4 1 1 (2 22 ) 1 2 (1 29 2 31 ) 2 2 (2 20 ) 4 1 1 (1 19 ) 2 1 (1 23 2 27 ) 2 2 (2 32 ) 2 2 2 (1 47 2 45 ) 4 1 1 (2 19 ) 2 1 (1 22 2 23 ) 2 2 (1 20 ) 
10 14 2 1 2 (1 21 2 14 ) 2 2 2 (1 16 2 14 ) 6 1 1 (1 54 2 53 ) 1 2 (1 63 2 56 ) 2 1 (1 49 2 44 ) 4 1 2 (1 14 ) 2 1 (1 19 2 11 ) 2 2 (2 16 ) 3 1 1 (1 51 2 38 ) 1 2 (2 53 ) 6 1 1 (2 19 ) 1 2 (1 13 2 17 ) 2 1 (2 16 ) 2 2 (1 10 2 15 ) 2 1 2 (1 25 2 37 ) 4 1 2 (2 28 ) 2 1 (1 28 2 19 ) 2 2 (1 14 ) 2 1 2 (1 30 2 20 ) 4 1 2 (1 25 2 29 ) 2 1 (1 21 2 22 ) 
10 16 1 2 2 (1 16 ) 2 1 1 (1 31 2 28 ) 4 1 2 (1 22 2 17 ) 2 2 (1 23 2 23 ) 4 1 2 (1 14 2 10 ) 2 2 (1 14 2 14 ) 3 1 1 (1 16 ) 2 1 (1 11 ) 2 2 (1 16 ) 3 1 1 (1 42 2 44 ) 1 2 (2 49 ) 3 1 1 (2 20 ) 2 1 (1 21 2 20 ) 8 1 1 (1 21 2 13 ) 1 2 (1 25 2 22 ) 2 1 (1 24 2 23 ) 2 2 (1 25 2 15 ) 1 1 2 (1 12 ) 5 1 1 (1 31 2 23 ) 2 1 (1 27 2 34 ) 2 2 (1 23 ) 
10 19 2 2 1 (1 6 ) 2 2 (2 9 ) 4 1 2 (2 24 ) 2 1 (1 29 2 37 ) 2 2 (1 25 ) 3 2 1 (1 30 2 22 ) 2 2 (1 19 ) 4 1 1 (1 15 ) 1 2 (1 15 ) 2 1 (1 16 2 15 ) 2 1 1 (2 19 ) 1 2 (1 16 ) 3 1 1 (1 21 ) 1 2 (1 21 2 24 ) 5 1 1 (1 27 ) 1 2 (1 31 2 35 ) 2 1 (1 36 ) 2 2 (1 34 ) 2 2 1 (1 20 2 27 ) 4 1 2 (1 9 2 14 ) 2 1 (1 11 ) 2 2 (2 8 ) 4 1 1 (1 29 2 28 ) 1 2 (1 19 ) 2 1 (1 31 ) 
10 20 3 1 2 (2 39 ) 2 1 (2 41 ) 2 2 (2 51 ) 5 1 1 (1 9 2 10 ) 1 2 (1 10 2 10 ) 2 1 (2 10 ) 1 2 1 (1 39 ) 3 1 1 (1 4 ) 1 2 (1 4 ) 2 2 (1 6 ) 1 2 1 (2 19 ) 4 1 1 (1 75 2 52 ) 2 2 (1 63 2 53 ) 4 1 1 (1 24 2 29 ) 1 2 (1 23 2 28 ) 2 1 1 (2 11 ) 1 2 (1 10 ) 2 1 2 (1 17 ) 2 2 (1 14 ) 2 2 2 (1 32 2 33 ) 
10 20 2 1 2 (1 24 2 23 ) 2 1 2 (2 9 ) 2 2 (1 6 ) 3 2 1 (1 41 2 35 ) 2 2 (2 51 ) 2 2 1 (2 25 ) 2 2 (1 16 ) 2 2 1 (1 36 2 39 ) 2 1 2 (1 19 2 24 ) 7 1 1 (1 34 2 28 ) 1 2 (1 34 2 35 ) 2 1 (1 29 2 31 ) 2 2 (1 31 ) 2 1 1 (2 14 ) 1 2 (2 13 ) 2 1 2 (1 11 2 17 ) 6 1 1 (1 ) 1 2 (1 2 ) 2 1 (1 2 ) 2 2 (2 ) 