15 2 2 3
15 0 2 0 50 0 10 0 1 0 48 0 13 0 2 0 45 0 10 0 3 0 42 0 15 0 3 0 50 0 12 0 2 0 43 0
15 0 2 0 50 0 10 0 1 0 48 0 13 0 2 0 45 0 10 0 3 0 42 0 15 0 3 0 50 0 12 0 2 0 43 0
10 16 1 1 1 (3 7 ) 8 1 1 (2 66 3 62 ) 1 2 (1 89 2 67 3 78 ) 2 1 (2 68 3 71 ) 2 2 (2 73 ) 6 1 1 (1 82 2 54 3 86 ) 1 2 (1 66 2 68 ) 2 2 (1 74 ) 4 1 1 (2 67 ) 2 2 (1 78 2 90 3 75 ) 3 1 2 (1 30 ) 2 1 (1 30 2 25 ) 4 1 1 (3 43 ) 1 2 (3 41 ) 2 1 (3 35 ) 2 2 (2 46 ) 3 1 1 (2 36 ) 1 2 (1 46 3 34 ) 2 1 2 (1 87 2 84 ) 6 1 1 (1 25 ) 1 2 (1 27 2 27 3 20 ) 2 1 (1 25 ) 2 2 (3 28 ) 3 2 2 (1 25 2 15 3 14 ) 
10 18 1 1 2 (3 23 ) 5 2 1 (1 80 2 74 3 85 ) 2 2 (1 70 3 85 ) 1 1 1 (1 53 ) 4 1 2 (1 25 2 21 3 25 ) 2 2 (3 25 ) 6 1 2 (2 83 3 60 ) 2 1 (1 96 3 99 ) 2 2 (2 78 3 71 ) 1 2 2 (2 44 ) 9 1 1 (1 14 2 11 3 12 ) 1 2 (1 11 2 13 3 12 ) 2 1 (1 11 3 13 ) 2 2 (3 14 ) 3 2 1 (1 29 2 21 3 21 ) 3 1 2 (1 62 2 66 3 50 ) 1 1 2 (1 8 ) 
10 17 4 2 1 (1 60 2 46 3 54 ) 2 2 (3 36 ) 3 2 1 (2 89 ) 2 2 (1 112 2 94 ) 8 1 1 (1 87 2 88 3 88 ) 1 2 (1 86 ) 2 1 (3 82 ) 2 2 (1 59 2 74 3 85 ) 6 1 1 (1 8 2 7 3 6 ) 1 2 (1 7 2 8 3 6 ) 5 1 1 (1 53 ) 1 2 (2 64 3 66 ) 2 2 (1 64 3 60 ) 6 1 1 (3 57 ) 1 2 (1 48 2 61 ) 2 2 (1 60 2 35 3 64 ) 5 2 1 (1 58 2 56 ) 2 2 (1 63 2 54 3 58 ) 7 1 1 (1 58 2 82 3 69 ) 1 2 (1 70 2 67 ) 2 1 (1 81 3 69 ) 8 1 1 (1 45 2 50 3 46 ) 1 2 (1 50 2 33 ) 2 1 (3 40 ) 2 2 (2 46 3 55 ) 6 1 1 (1 44 2 41 3 41 ) 1 2 (1 48 2 48 3 47 ) 
10 18 3 1 1 (1 88 3 71 ) 1 2 (2 83 ) 3 1 2 (1 39 2 44 ) 2 2 (2 47 ) 5 1 1 (3 91 ) 1 2 (1 77 2 101 ) 2 1 (1 116 2 121 ) 4 1 1 (1 62 2 57 3 63 ) 2 2 (3 66 ) 3 2 1 (1 77 2 73 ) 2 2 (1 55 ) 5 1 2 (1 94 2 100 3 93 ) 2 1 (1 89 ) 2 2 (1 107 ) 4 1 1 (2 11 3 11 ) 1 2 (2 10 3 10 ) 3 2 1 (1 110 2 75 ) 2 2 (3 92 ) 5 1 1 (2 12 3 13 ) 1 2 (2 13 ) 2 1 (1 12 3 12 ) 11 1 1 (1 49 2 67 3 53 ) 1 2 (1 98 2 64 3 89 ) 2 1 (2 54 3 79 ) 2 2 (1 70 2 64 3 61 ) 
10 20 4 1 2 (1 80 ) 2 1 (1 65 3 83 ) 2 2 (2 71 ) 5 1 1 (1 25 3 44 ) 1 2 (1 33 2 36 ) 2 2 (1 35 ) 3 1 1 (3 47 ) 1 2 (1 40 3 47 ) 1 2 1 (2 7 ) 4 1 1 (1 95 2 61 3 79 ) 2 2 (2 66 ) 2 2 2 (2 64 3 77 ) 3 2 1 (1 13 2 15 3 9 ) 4 1 2 (1 41 ) 2 2 (1 45 2 37 3 48 ) 5 2 1 (1 55 2 74 3 87 ) 2 2 (1 57 3 58 ) 2 1 1 (2 33 ) 2 1 (2 26 ) 
10 19 1 1 1 (3 77 ) 9 1 1 (1 52 3 52 ) 1 2 (2 46 3 57 ) 2 1 (1 48 2 40 ) 2 2 (1 53 2 51 3 52 ) 5 1 1 (2 61 ) 1 2 (3 65 ) 2 1 (1 50 2 57 ) 2 2 (2 64 ) 2 2 1 (2 72 3 53 ) 11 1 1 (1 46 2 58 3 79 ) 1 2 (2 75 3 59 ) 2 1 (1 57 2 52 3 65 ) 2 2 (1 50 2 66 3 61 ) 6 2 1 (1 77 2 80 3 55 ) 2 2 (1 98 2 73 3 60 ) 3 2 1 (2 84 ) 2 2 (2 114 3 91 ) 2 1 1 (2 70 3 42 ) 5 1 1 (1 31 2 32 3 26 ) 1 2 (1 26 2 28 ) 3 2 2 (1 10 2 8 3 8 ) 
10 15 2 1 1 (1 84 3 62 ) 5 1 1 (1 81 2 91 3 110 ) 1 2 (1 68 2 93 ) 7 1 2 (1 59 2 54 3 77 ) 2 1 (1 87 2 58 ) 2 2 (1 43 2 57 ) 3 1 1 (1 106 3 76 ) 1 2 (2 72 ) 8 1 1 (2 94 3 113 ) 1 2 (1 75 2 108 3 98 ) 2 1 (1 94 ) 2 2 (2 104 3 81 ) 4 2 1 (1 8 ) 2 2 (1 10 2 7 3 7 ) 3 1 1 (1 55 ) 1 2 (2 60 3 58 ) 5 1 1 (1 65 2 71 ) 1 2 (2 77 ) 2 1 (1 70 2 74 ) 7 1 2 (1 38 2 40 3 29 ) 2 1 (2 43 3 38 ) 2 2 (1 33 3 32 ) 5 1 1 (1 15 2 15 ) 1 2 (1 20 2 16 3 16 ) 
10 15 6 1 1 (3 63 ) 1 2 (1 59 2 59 3 61 ) 2 1 (1 64 3 72 ) 3 2 1 (1 90 2 105 3 96 ) 2 1 2 (1 103 3 91 ) 5 2 1 (1 34 3 29 ) 2 2 (1 38 2 30 3 38 ) 9 1 1 (1 94 2 53 ) 1 2 (1 93 2 88 3 77 ) 2 1 (1 96 2 73 ) 2 2 (1 80 2 99 ) 6 1 1 (1 41 2 38 ) 2 1 (1 31 3 31 ) 2 2 (1 38 2 40 ) 6 1 1 (1 87 3 62 ) 1 2 (3 80 ) 2 1 (1 65 ) 2 2 (1 85 2 67 ) 3 2 1 (1 12 2 10 3 9 ) 5 1 1 (1 75 2 80 3 73 ) 1 2 (1 74 3 62 ) 4 1 1 (3 45 ) 1 2 (1 61 ) 2 2 (1 42 2 51 ) 
10 18 6 1 1 (3 42 ) 1 2 (2 33 3 38 ) 2 2 (1 41 2 34 3 27 ) 7 1 1 (1 40 2 34 3 37 ) 1 2 (1 41 ) 2 1 (2 37 ) 2 2 (1 42 2 39 ) 1 2 1 (3 85 ) 8 1 1 (1 23 2 34 ) 1 2 (3 21 ) 2 1 (1 33 2 21 ) 2 2 (1 28 2 22 3 18 ) 5 1 1 (2 45 3 45 ) 1 2 (1 38 ) 2 2 (1 53 2 41 ) 1 1 1 (2 58 ) 4 1 1 (1 68 2 61 3 74 ) 2 1 (1 59 ) 3 1 1 (1 17 ) 2 1 (1 25 2 18 ) 4 1 2 (1 37 2 36 3 37 ) 2 1 (1 37 ) 9 1 1 (3 79 ) 1 2 (1 73 2 83 3 74 ) 2 1 (1 77 2 86 3 81 ) 2 2 (2 94 3 65 ) 
10 14 6 1 2 (2 47 ) 2 1 (2 55 3 44 ) 2 2 (1 57 2 58 3 55 ) 2 2 2 (2 6 3 5 ) 8 1 1 (1 59 2 54 3 47 ) 1 2 (1 54 2 45 3 43 ) 2 1 (3 49 ) 2 2 (3 59 ) 3 2 1 (1 34 2 53 3 43 ) 2 1 1 (1 77 2 101 ) 3 2 1 (3 20 ) 2 2 (1 16 2 20 ) 1 1 2 (2 69 ) 8 1 1 (1 25 2 21 3 22 ) 1 2 (1 29 2 31 3 32 ) 2 2 (2 21 3 23 ) 1 1 1 (1 44 ) 9 1 1 (2 54 3 64 ) 1 2 (1 47 2 72 3 57 ) 2 1 (1 47 2 69 ) 2 2 (2 69 3 48 ) 
10 19 5 2 1 (1 92 2 98 ) 2 2 (1 94 2 77 3 102 ) 3 2 1 (1 93 2 118 3 109 ) 2 1 1 (3 32 ) 1 2 (2 26 ) 2 1 1 (3 23 ) 1 2 (2 16 ) 7 1 1 (1 17 2 16 3 18 ) 1 2 (1 17 2 20 3 17 ) 2 2 (2 13 ) 5 1 1 (1 42 2 33 3 35 ) 1 2 (1 41 2 31 ) 2 1 1 (1 30 3 25 ) 2 1 1 (2 36 3 36 ) 4 1 2 (2 50 3 41 ) 2 2 (2 56 3 46 ) 1 2 2 (3 9 ) 
10 17 9 1 1 (1 72 2 68 3 64 ) 1 2 (3 69 ) 2 1 (1 57 2 58 3 56 ) 2 2 (1 93 3 72 ) 5 2 1 (2 41 3 73 ) 2 2 (1 58 2 56 3 66 ) 5 2 1 (1 74 2 45 3 84 ) 2 2 (1 90 2 72 ) 5 1 1 (1 7 2 12 3 13 ) 1 2 (1 9 3 8 ) 4 1 1 (1 66 ) 2 1 (3 69 ) 2 2 (1 59 3 73 ) 3 1 1 (3 16 ) 1 2 (1 16 3 20 ) 4 2 1 (1 76 2 65 3 73 ) 2 2 (3 61 ) 1 1 2 (2 25 ) 4 1 1 (3 64 ) 1 2 (1 94 2 89 3 104 ) 5 1 1 (1 19 3 20 ) 1 2 (1 15 3 21 ) 2 2 (3 19 ) 
10 20 3 1 1 (1 51 2 76 3 83 ) 2 1 2 (1 72 2 65 ) 3 2 1 (2 47 3 71 ) 2 2 (1 53 ) 2 1 2 (2 109 3 79 ) 6 2 1 (1 36 2 42 3 53 ) 2 2 (1 31 2 40 3 36 ) 1 2 1 (1 89 ) 4 2 1 (2 71 3 74 ) 2 2 (1 82 3 72 ) 6 1 1 (1 57 2 85 3 89 ) 1 2 (1 78 2 81 3 75 ) 3 1 2 (1 101 2 102 3 98 ) 3 1 1 (2 36 ) 1 2 (1 41 2 25 ) 
10 19 6 1 1 (1 9 2 9 ) 1 2 (1 10 2 8 ) 2 1 (2 12 ) 2 2 (1 9 ) 3 2 1 (3 96 ) 2 2 (1 71 3 91 ) 5 1 1 (2 22 ) 1 2 (1 19 ) 2 2 (1 24 2 27 3 19 ) 3 1 1 (1 46 3 33 ) 2 2 (1 35 ) 8 1 1 (1 41 ) 1 2 (1 32 2 43 3 29 ) 2 1 (1 39 ) 2 2 (1 29 2 29 3 36 ) 3 2 1 (1 67 2 81 3 50 ) 4 2 1 (1 6 3 7 ) 2 2 (1 5 2 5 ) 3 2 1 (1 26 ) 2 2 (1 27 3 16 ) 3 2 1 (1 101 2 86 3 97 ) 6 1 2 (1 35 2 42 3 31 ) 2 2 (1 33 2 31 3 30 ) 
10 18 2 1 2 (2 23 3 22 ) 1 2 2 (2 28 ) 4 1 2 (2 36 3 53 ) 2 1 (1 47 ) 2 2 (3 46 ) 2 2 2 (2 36 3 52 ) 5 2 1 (1 51 2 52 3 49 ) 2 2 (2 50 3 45 ) 9 1 2 (1 73 2 97 3 73 ) 2 1 (1 61 2 80 3 62 ) 2 2 (1 71 2 72 3 58 ) 4 2 1 (1 94 2 73 ) 2 2 (1 72 2 56 ) 1 2 1 (1 10 ) 4 1 1 (1 33 3 32 ) 1 2 (1 32 3 34 ) 6 1 1 (1 58 2 56 3 50 ) 2 1 (1 40 2 49 3 51 ) 