15 2 2 3
13 0 3 0 41 0 12 0 3 0 48 0 11 0 1 0 43 0 10 0 2 0 50 0 14 0 3 0 44 0 13 0 3 0 49 0
13 0 3 0 41 0 12 0 3 0 48 0 11 0 1 0 43 0 10 0 2 0 50 0 14 0 3 0 44 0 13 0 3 0 49 0
10 17 3 2 2 (1 94 2 96 3 76 ) 2 1 1 (2 71 ) 1 2 (1 57 ) 6 1 1 (2 73 ) 2 1 (1 84 2 73 3 81 ) 2 2 (2 81 3 79 ) 6 1 1 (1 46 3 50 ) 2 1 (2 43 3 36 ) 2 2 (2 48 3 46 ) 2 1 1 (1 101 3 83 ) 3 1 1 (1 106 2 92 ) 1 2 (1 88 ) 2 2 2 (1 5 3 3 ) 3 2 2 (1 66 2 52 3 62 ) 8 1 2 (1 108 2 97 3 93 ) 2 1 (1 117 2 84 3 98 ) 2 2 (1 99 2 104 ) 1 1 2 (3 8 ) 
10 15 3 2 2 (1 22 2 20 3 22 ) 3 2 1 (1 98 ) 2 2 (1 98 3 116 ) 3 2 1 (2 16 3 15 ) 2 2 (3 14 ) 2 1 1 (1 37 ) 2 1 (2 46 ) 2 2 2 (1 68 3 79 ) 6 1 1 (3 77 ) 1 2 (1 67 3 87 ) 2 1 (1 80 2 61 3 96 ) 6 1 1 (2 32 3 26 ) 1 2 (1 32 2 26 3 31 ) 2 2 (3 28 ) 2 1 1 (2 54 ) 1 2 (1 52 ) 2 2 2 (1 94 3 75 ) 5 2 1 (1 62 2 87 3 84 ) 2 2 (1 103 3 65 ) 
10 18 8 1 1 (1 34 2 38 3 44 ) 2 1 (1 38 2 35 3 50 ) 2 2 (1 34 3 40 ) 7 1 2 (1 73 2 94 3 76 ) 2 1 (1 64 2 56 3 68 ) 2 2 (2 67 ) 5 1 2 (2 37 3 35 ) 2 1 (2 33 ) 2 2 (2 30 3 41 ) 6 1 1 (1 90 ) 1 2 (2 77 3 73 ) 2 1 (1 99 2 85 3 95 ) 1 1 1 (3 85 ) 4 1 1 (1 25 3 28 ) 2 1 (2 18 3 26 ) 7 1 2 (1 7 2 10 3 12 ) 2 1 (1 9 3 10 ) 2 2 (1 11 2 10 ) 10 1 1 (1 95 ) 1 2 (1 83 2 85 3 78 ) 2 1 (1 83 2 77 3 68 ) 2 2 (1 64 2 87 3 90 ) 4 2 1 (1 51 2 43 ) 2 2 (1 54 3 47 ) 3 1 1 (3 58 ) 1 2 (1 52 3 51 ) 
10 16 11 1 1 (2 74 3 90 ) 1 2 (1 81 2 79 3 74 ) 2 1 (1 64 2 65 3 72 ) 2 2 (1 89 2 85 3 72 ) 6 1 2 (1 18 2 14 ) 2 1 (1 13 ) 2 2 (1 16 2 18 3 22 ) 8 1 1 (2 6 3 8 ) 2 1 (1 8 2 7 3 9 ) 2 2 (1 8 2 6 3 8 ) 6 1 1 (2 71 ) 2 1 (1 69 2 98 3 76 ) 2 2 (2 81 3 84 ) 2 2 1 (1 11 ) 2 2 (1 12 ) 4 1 1 (2 71 ) 1 2 (1 58 2 68 3 72 ) 6 1 1 (2 58 ) 1 2 (3 38 ) 2 1 (3 43 ) 2 2 (1 51 2 57 3 50 ) 6 1 1 (2 43 3 33 ) 1 2 (2 33 3 24 ) 2 2 (2 47 3 26 ) 4 1 1 (1 78 2 68 3 104 ) 2 1 (2 86 ) 6 1 1 (1 51 2 63 3 49 ) 2 1 (1 74 2 52 3 38 ) 
10 17 1 2 1 (2 16 ) 4 2 1 (1 12 2 11 3 13 ) 2 2 (2 9 ) 3 1 1 (1 67 2 49 3 69 ) 5 2 1 (1 57 2 58 ) 2 2 (1 73 2 45 3 58 ) 4 1 1 (1 59 3 77 ) 1 2 (1 64 3 54 ) 3 2 1 (1 89 2 110 3 93 ) 7 1 1 (1 14 2 18 3 15 ) 1 2 (3 15 ) 2 1 (1 15 2 13 3 18 ) 6 1 1 (1 55 2 55 3 43 ) 2 1 (1 54 2 44 3 42 ) 4 1 2 (1 74 ) 2 1 (2 65 3 68 ) 2 2 (1 63 ) 1 2 1 (1 98 ) 
10 14 6 1 2 (1 113 2 104 3 103 ) 2 1 (1 96 3 116 ) 2 2 (1 78 ) 2 1 2 (1 89 2 79 ) 2 2 1 (2 71 ) 2 2 (3 54 ) 4 2 1 (1 92 2 69 3 69 ) 2 2 (2 73 ) 9 1 1 (2 91 ) 1 2 (1 81 2 97 3 77 ) 2 1 (1 77 2 73 3 102 ) 2 2 (1 99 2 89 ) 6 1 1 (1 58 2 64 ) 1 2 (3 46 ) 2 1 (1 65 ) 2 2 (2 57 3 68 ) 2 1 2 (1 49 2 55 ) 2 1 1 (3 28 ) 2 2 (1 23 ) 3 1 2 (1 6 2 6 3 8 ) 6 1 1 (2 74 3 86 ) 1 2 (1 73 3 66 ) 2 1 (1 50 ) 2 2 (1 69 ) 
10 20 8 1 1 (1 58 2 59 3 57 ) 1 2 (1 68 2 67 ) 2 2 (1 59 2 62 3 47 ) 6 1 1 (2 91 3 81 ) 1 2 (2 84 3 96 ) 2 1 (2 118 ) 2 2 (3 94 ) 1 1 1 (1 53 ) 3 1 1 (2 24 ) 1 2 (1 28 3 28 ) 8 1 1 (2 85 3 81 ) 1 2 (1 79 2 90 ) 2 1 (1 79 ) 2 2 (1 90 2 93 3 66 ) 3 1 1 (2 71 ) 1 2 (1 69 2 58 ) 4 1 1 (1 32 ) 2 2 (1 24 2 40 3 41 ) 4 1 1 (2 29 3 28 ) 1 2 (2 23 ) 2 1 (2 34 ) 2 2 1 (1 114 ) 2 2 (3 93 ) 5 1 1 (1 6 3 6 ) 1 2 (1 5 2 5 3 5 ) 
10 18 5 1 1 (2 76 3 67 ) 1 2 (1 102 2 61 3 73 ) 8 1 1 (1 13 2 16 3 19 ) 1 2 (1 16 2 18 3 16 ) 2 1 (2 15 3 13 ) 1 2 2 (1 66 ) 1 1 2 (2 6 ) 2 2 1 (3 43 ) 2 2 (3 26 ) 3 1 2 (1 30 2 37 3 38 ) 4 1 1 (1 22 ) 1 2 (1 27 2 36 3 38 ) 1 1 1 (2 85 ) 3 1 1 (1 28 ) 1 2 (1 34 ) 2 1 (3 47 ) 2 1 2 (2 85 3 78 ) 
10 20 5 1 1 (1 89 2 69 ) 1 2 (1 67 2 83 3 101 ) 7 1 1 (2 18 ) 1 2 (1 14 2 15 3 12 ) 2 1 (1 13 2 13 ) 2 2 (2 13 ) 4 1 1 (1 76 3 78 ) 2 1 (1 77 3 67 ) 4 2 1 (1 32 2 28 3 32 ) 2 2 (3 21 ) 6 1 2 (3 48 ) 2 1 (1 62 2 56 3 71 ) 2 2 (1 51 3 44 ) 3 2 1 (1 60 2 62 3 70 ) 8 1 1 (1 87 2 83 3 90 ) 1 2 (1 80 2 89 3 111 ) 2 1 (2 102 3 96 ) 6 1 1 (1 84 2 64 ) 1 2 (2 84 ) 2 2 (1 70 2 91 3 81 ) 9 1 1 (1 43 2 35 3 41 ) 1 2 (1 31 2 44 3 37 ) 2 1 (1 39 2 42 3 38 ) 4 1 1 (3 12 ) 1 2 (1 16 3 13 ) 2 2 (1 10 ) 
10 20 5 2 1 (2 4 3 6 ) 2 2 (1 6 2 5 3 7 ) 1 1 1 (1 28 ) 4 1 1 (1 32 2 39 3 37 ) 1 2 (1 29 ) 4 1 1 (1 87 ) 1 2 (3 71 ) 2 1 (1 66 3 59 ) 5 1 1 (1 53 2 36 3 54 ) 1 2 (1 51 3 65 ) 4 1 1 (2 53 ) 1 2 (1 72 2 61 3 51 ) 6 1 1 (1 102 2 90 3 75 ) 1 2 (1 77 2 86 3 89 ) 4 1 1 (1 5 ) 2 1 (1 8 2 5 3 5 ) 2 1 1 (2 78 ) 2 2 (2 95 ) 3 2 1 (1 55 2 43 3 53 ) 
10 17 8 1 1 (1 62 2 77 3 54 ) 1 2 (1 52 ) 2 1 (1 60 2 59 3 55 ) 2 2 (1 47 ) 2 2 2 (2 71 3 57 ) 5 1 1 (3 38 ) 1 2 (3 29 ) 2 1 (2 39 ) 2 2 (1 32 3 38 ) 3 1 2 (1 58 2 55 3 75 ) 4 2 1 (1 65 2 73 ) 2 2 (2 49 3 74 ) 2 1 2 (3 83 ) 2 1 (2 65 ) 4 1 1 (1 47 2 30 3 46 ) 1 2 (3 27 ) 6 1 1 (1 78 2 73 3 61 ) 1 2 (1 79 2 87 3 68 ) 6 1 1 (1 3 2 4 3 3 ) 1 2 (1 5 2 5 3 5 ) 1 2 1 (2 88 ) 
10 15 1 1 1 (3 65 ) 2 1 2 (3 97 ) 2 1 (2 87 ) 3 2 2 (1 93 2 61 3 87 ) 1 1 1 (1 79 ) 2 1 2 (1 64 ) 2 1 (3 71 ) 4 1 1 (1 45 ) 1 2 (1 65 2 50 3 73 ) 3 1 2 (1 9 2 10 3 13 ) 4 1 2 (2 109 ) 2 1 (1 83 2 94 3 67 ) 6 1 2 (1 76 2 77 3 91 ) 2 1 (1 78 ) 2 2 (2 85 3 87 ) 6 1 1 (1 6 2 7 3 8 ) 1 2 (1 9 2 7 3 7 ) 
10 19 7 1 1 (1 29 3 28 ) 1 2 (1 26 2 25 ) 2 2 (1 26 2 25 3 28 ) 3 1 1 (1 10 ) 1 2 (3 8 ) 2 1 (3 9 ) 7 1 1 (1 51 2 64 ) 2 1 (1 50 2 43 3 45 ) 2 2 (2 34 3 47 ) 6 1 2 (1 86 2 104 3 76 ) 2 2 (1 70 2 89 3 92 ) 8 1 1 (1 43 2 53 3 44 ) 1 2 (3 41 ) 2 1 (1 53 2 30 3 30 ) 2 2 (3 52 ) 2 1 1 (1 29 2 30 ) 8 1 1 (1 27 ) 1 2 (1 31 3 24 ) 2 1 (1 25 2 28 3 26 ) 2 2 (2 28 3 33 ) 9 1 1 (1 58 ) 1 2 (1 72 3 71 ) 2 1 (1 53 2 62 3 61 ) 2 2 (1 53 2 62 3 58 ) 8 1 1 (1 53 3 34 ) 1 2 (1 35 2 50 ) 2 1 (2 47 3 50 ) 2 2 (1 49 2 47 ) 7 1 1 (1 32 2 38 3 28 ) 1 2 (2 32 3 30 ) 2 1 (1 39 2 41 ) 
10 17 3 1 1 (2 12 ) 1 2 (1 18 ) 2 2 (1 15 ) 3 2 1 (3 41 ) 2 2 (1 38 2 42 ) 3 2 2 (1 62 2 60 3 50 ) 3 1 1 (1 72 2 58 3 76 ) 1 1 1 (2 113 ) 5 1 1 (1 67 3 55 ) 2 1 (1 79 2 90 ) 2 2 (3 75 ) 2 2 2 (2 69 3 68 ) 3 2 2 (1 9 2 6 3 7 ) 1 1 2 (3 43 ) 5 2 1 (1 87 2 91 3 96 ) 2 2 (1 69 2 55 ) 
10 20 6 2 1 (1 18 2 20 3 17 ) 2 2 (1 23 2 15 3 21 ) 4 1 1 (1 108 ) 2 2 (1 74 2 81 3 85 ) 3 1 1 (2 65 ) 2 1 (2 80 ) 2 2 (3 54 ) 3 1 1 (1 60 ) 1 2 (1 60 2 32 ) 4 1 1 (2 65 ) 1 2 (1 58 2 61 3 67 ) 2 2 1 (3 50 ) 2 2 (1 64 ) 3 2 1 (3 26 ) 2 2 (2 35 3 37 ) 3 2 1 (1 53 2 47 3 57 ) 4 1 1 (1 81 ) 1 2 (1 78 2 70 3 75 ) 7 1 1 (1 49 2 69 3 49 ) 2 1 (2 81 ) 2 2 (1 50 2 66 3 58 ) 