10 2 2 2
15 0 1 0 49 0 10 0 2 0 43 0 12 0 3 0 43 0 11 0 2 0 50 0
15 0 1 0 49 0 10 0 2 0 43 0 12 0 3 0 43 0 11 0 2 0 50 0
10 15 5 1 1 (2 57 ) 1 2 (1 80 2 69 ) 2 1 (1 59 2 65 ) 4 1 1 (1 11 ) 2 1 (1 12 ) 2 2 (1 13 2 15 ) 5 1 1 (1 108 ) 1 2 (1 114 2 99 ) 2 2 (1 87 2 91 ) 1 2 2 (1 78 ) 1 1 1 (2 14 ) 6 1 1 (1 78 2 61 ) 1 2 (1 68 2 59 ) 2 2 (1 84 2 55 ) 3 2 1 (1 102 2 104 ) 2 2 (1 115 ) 3 1 1 (1 54 ) 1 2 (1 52 2 42 ) 4 1 1 (1 97 2 94 ) 1 2 (1 93 ) 2 1 (1 83 ) 8 1 1 (1 20 2 17 ) 1 2 (1 16 2 14 ) 2 1 (1 12 2 19 ) 2 2 (1 18 2 19 ) 
10 17 3 2 1 (1 28 ) 2 2 (1 38 2 29 ) 3 1 1 (2 105 ) 1 2 (1 84 2 101 ) 3 2 1 (1 82 2 62 ) 2 2 (2 65 ) 4 2 1 (1 61 2 46 ) 2 2 (1 58 2 54 ) 2 2 1 (1 60 2 68 ) 5 1 1 (1 73 2 38 ) 1 2 (1 81 ) 2 2 (1 74 2 59 ) 3 1 1 (1 21 2 22 ) 2 1 (2 19 ) 3 1 2 (2 11 ) 2 1 (2 12 ) 2 2 (1 16 ) 7 1 1 (1 10 2 9 ) 1 2 (1 8 2 8 ) 2 1 (1 9 ) 2 2 (1 9 2 9 ) 2 2 2 (1 73 2 71 ) 
10 15 6 1 1 (1 12 2 15 ) 1 2 (2 14 ) 2 1 (1 10 2 11 ) 2 2 (2 12 ) 7 1 1 (1 19 2 25 ) 1 2 (2 22 ) 2 1 (1 22 2 31 ) 2 2 (1 38 2 25 ) 1 1 2 (1 37 ) 2 1 1 (2 88 ) 2 1 (2 74 ) 4 1 2 (1 52 2 42 ) 2 2 (1 67 2 77 ) 2 1 1 (2 21 ) 2 2 (2 28 ) 5 1 1 (2 74 ) 1 2 (1 49 2 68 ) 2 2 (1 65 2 48 ) 1 1 2 (2 99 ) 3 2 1 (1 46 2 48 ) 2 2 (1 26 ) 2 1 1 (1 47 ) 1 2 (2 56 ) 
10 15 4 1 1 (1 74 2 83 ) 1 2 (1 85 2 63 ) 3 2 1 (1 81 2 78 ) 2 2 (1 79 ) 3 1 1 (2 83 ) 1 2 (2 90 ) 2 1 (2 58 ) 4 2 1 (1 73 2 73 ) 2 2 (1 60 2 71 ) 7 1 1 (1 95 ) 1 2 (1 81 2 79 ) 2 1 (1 87 2 92 ) 2 2 (1 86 2 69 ) 1 1 1 (1 18 ) 3 1 1 (1 17 2 19 ) 1 2 (2 15 ) 2 2 1 (1 109 2 80 ) 4 1 2 (1 7 2 9 ) 2 1 (1 6 2 9 ) 3 1 2 (1 74 2 79 ) 2 1 (2 73 ) 
10 16 1 1 1 (2 34 ) 2 2 1 (1 64 2 83 ) 4 2 1 (1 36 2 40 ) 2 2 (1 56 2 49 ) 3 1 1 (2 51 ) 1 2 (2 38 ) 2 2 (1 57 ) 4 2 1 (1 93 2 109 ) 2 2 (1 114 2 79 ) 2 1 2 (1 41 2 39 ) 1 1 1 (2 75 ) 3 1 2 (1 53 2 61 ) 2 2 (2 74 ) 3 2 1 (1 20 2 23 ) 2 2 (2 27 ) 2 1 2 (2 83 ) 2 2 (2 87 ) 
10 17 3 1 1 (2 8 ) 1 2 (2 8 ) 2 2 (2 7 ) 2 2 1 (2 83 ) 2 2 (2 87 ) 4 2 1 (1 59 2 50 ) 2 2 (1 62 2 75 ) 7 1 1 (1 108 2 111 ) 1 2 (1 109 2 94 ) 2 1 (1 112 2 116 ) 2 2 (2 101 ) 3 2 1 (2 89 ) 2 2 (1 110 2 81 ) 3 1 2 (1 106 ) 2 1 (1 80 2 71 ) 4 1 1 (1 63 2 70 ) 1 2 (1 68 2 89 ) 1 2 1 (2 62 ) 3 1 2 (2 91 ) 2 1 (1 115 2 84 ) 5 1 1 (2 5 ) 2 1 (1 3 2 5 ) 2 2 (1 6 2 5 ) 
10 16 3 1 1 (1 57 2 40 ) 2 2 (2 64 ) 2 2 1 (1 41 2 41 ) 4 1 1 (1 5 ) 1 2 (1 5 ) 2 1 (2 5 ) 2 2 (2 5 ) 5 1 1 (1 89 2 90 ) 2 1 (2 48 ) 2 2 (1 80 2 94 ) 4 1 1 (1 11 2 11 ) 1 2 (1 9 2 11 ) 6 1 1 (1 53 2 63 ) 1 2 (1 55 2 55 ) 2 1 (1 57 2 52 ) 2 1 1 (1 18 ) 1 2 (2 22 ) 1 1 2 (2 86 ) 4 2 1 (1 72 2 52 ) 2 2 (1 61 2 54 ) 1 2 2 (1 31 ) 
10 17 3 2 1 (1 101 2 79 ) 2 2 (2 78 ) 1 1 2 (1 27 ) 4 1 1 (1 25 ) 1 2 (1 20 2 23 ) 2 1 (2 20 ) 3 1 1 (1 81 ) 1 2 (1 89 2 77 ) 6 1 2 (1 91 2 64 ) 2 1 (1 63 2 65 ) 2 2 (1 102 2 72 ) 1 1 1 (1 60 ) 4 2 1 (1 49 2 63 ) 2 2 (1 56 2 54 ) 2 2 1 (1 45 ) 2 2 (1 36 ) 4 1 2 (1 54 2 55 ) 2 1 (1 59 ) 2 2 (2 59 ) 5 1 1 (1 93 ) 1 2 (2 75 ) 2 1 (2 94 ) 2 2 (1 84 2 111 ) 
10 15 6 1 1 (1 82 2 73 ) 1 2 (1 64 2 92 ) 2 2 (1 94 2 73 ) 4 1 1 (1 52 2 49 ) 1 2 (1 57 ) 2 2 (1 62 ) 6 1 1 (1 70 2 51 ) 1 2 (1 81 2 96 ) 2 1 (1 93 2 84 ) 3 2 1 (1 18 2 20 ) 2 2 (1 19 ) 5 1 1 (1 105 2 82 ) 1 2 (1 94 ) 2 1 (1 82 2 77 ) 1 2 1 (1 108 ) 3 1 1 (1 50 2 49 ) 2 2 (2 48 ) 4 1 2 (2 10 ) 2 1 (1 8 2 8 ) 2 2 (2 12 ) 4 1 1 (2 63 ) 1 2 (2 70 ) 2 1 (2 60 ) 2 2 (1 64 ) 2 1 1 (2 12 ) 1 2 (1 14 ) 
10 18 2 1 1 (1 35 2 49 ) 3 2 1 (1 62 ) 2 2 (1 57 2 60 ) 2 2 1 (1 88 2 92 ) 3 2 1 (2 31 ) 2 2 (1 16 2 28 ) 5 1 2 (1 50 2 38 ) 2 1 (1 54 2 53 ) 2 2 (1 66 ) 1 1 1 (2 91 ) 2 2 1 (1 51 2 41 ) 2 1 1 (1 45 2 34 ) 1 2 1 (1 33 ) 2 1 1 (1 26 ) 1 2 (2 17 ) 