15 2 2 3
10 0 3 0 42 0 15 0 3 0 44 0 11 0 3 0 40 0 10 0 2 0 42 0 15 0 3 0 50 0 11 0 3 0 42 0
10 0 3 0 42 0 15 0 3 0 44 0 11 0 3 0 40 0 10 0 2 0 42 0 15 0 3 0 50 0 11 0 3 0 42 0
10 19 4 2 1 (1 14 2 13 ) 2 2 (1 16 3 16 ) 1 2 2 (1 55 ) 5 1 1 (1 14 2 15 ) 1 2 (1 12 2 10 3 14 ) 3 1 2 (1 41 2 36 3 31 ) 3 2 1 (1 68 2 72 3 80 ) 6 1 2 (1 84 2 107 3 103 ) 2 1 (1 95 2 90 3 112 ) 9 1 1 (2 10 ) 1 2 (1 11 2 12 3 12 ) 2 1 (1 14 2 11 3 11 ) 2 2 (2 10 3 15 ) 5 1 1 (1 27 2 33 3 35 ) 2 1 (1 20 3 27 ) 5 1 1 (1 45 2 40 3 49 ) 1 2 (1 38 ) 2 2 (2 46 ) 3 2 2 (1 63 2 59 3 72 ) 
10 17 4 2 1 (2 41 ) 2 2 (1 35 2 39 3 28 ) 3 2 1 (1 92 2 86 3 66 ) 1 2 2 (1 77 ) 6 1 1 (1 60 2 50 ) 1 2 (1 53 2 70 3 62 ) 2 1 (3 62 ) 7 1 1 (1 132 2 85 3 87 ) 1 2 (2 64 ) 2 2 (1 79 2 90 3 63 ) 2 2 1 (1 93 3 80 ) 8 1 1 (1 49 2 45 3 44 ) 1 2 (1 36 3 30 ) 2 1 (1 47 3 46 ) 2 2 (2 42 ) 1 1 2 (2 72 ) 8 1 1 (1 65 2 76 3 83 ) 2 1 (1 69 2 64 3 87 ) 2 2 (2 66 3 44 ) 1 2 1 (2 103 ) 
10 15 2 1 1 (2 5 ) 1 2 (3 5 ) 10 1 1 (1 71 2 89 3 86 ) 1 2 (1 107 2 82 3 78 ) 2 1 (1 87 2 103 ) 2 2 (1 70 2 96 ) 5 1 1 (1 48 2 44 ) 1 2 (1 51 2 42 3 32 ) 5 1 1 (1 53 2 56 3 42 ) 1 2 (1 40 ) 2 2 (2 60 ) 6 1 1 (1 9 2 8 3 7 ) 1 2 (1 8 ) 2 1 (3 9 ) 2 2 (2 7 ) 8 1 1 (3 9 ) 1 2 (3 6 ) 2 1 (1 8 2 7 3 6 ) 2 2 (1 6 2 7 3 6 ) 7 1 2 (2 34 3 24 ) 2 1 (1 41 2 34 ) 2 2 (1 47 2 47 3 37 ) 4 1 1 (1 69 3 55 ) 2 1 (2 57 3 85 ) 2 1 1 (3 73 ) 2 2 (2 58 ) 7 1 1 (1 19 2 17 3 12 ) 1 2 (1 12 2 14 3 16 ) 2 2 (2 15 ) 
10 18 3 1 1 (1 39 2 46 3 54 ) 1 1 2 (1 8 ) 4 1 1 (1 98 ) 1 2 (1 72 2 99 3 51 ) 6 2 1 (1 14 2 18 3 19 ) 2 2 (1 20 2 23 3 23 ) 5 1 1 (3 52 ) 1 2 (2 67 ) 2 1 (1 51 3 65 ) 2 2 (1 58 ) 4 1 1 (1 94 2 84 3 80 ) 1 2 (2 72 ) 4 1 2 (1 61 2 66 ) 2 2 (1 82 2 88 ) 5 2 1 (1 45 3 43 ) 2 2 (1 48 2 52 3 45 ) 5 1 1 (1 59 2 85 3 78 ) 2 1 (2 55 3 94 ) 2 1 1 (2 39 3 35 ) 
10 19 5 2 1 (1 56 2 64 3 61 ) 2 2 (1 60 2 53 ) 2 2 1 (1 77 2 75 ) 4 1 1 (1 81 2 60 3 64 ) 1 2 (3 81 ) 11 1 1 (1 40 2 46 3 51 ) 1 2 (1 51 2 40 3 28 ) 2 1 (1 50 2 42 ) 2 2 (1 38 2 46 3 43 ) 2 1 1 (3 23 ) 1 2 (3 37 ) 3 1 1 (1 24 2 20 3 26 ) 4 1 1 (2 62 ) 1 2 (1 47 2 56 3 62 ) 1 2 1 (2 4 ) 4 1 1 (1 43 2 44 3 35 ) 1 2 (2 34 ) 6 1 2 (1 7 2 7 3 6 ) 2 1 (1 7 2 7 3 6 ) 
10 19 8 1 1 (2 10 ) 1 2 (3 6 ) 2 1 (1 9 2 10 3 9 ) 2 2 (1 10 2 10 3 10 ) 7 1 1 (2 54 3 72 ) 1 2 (1 64 2 62 ) 2 2 (1 61 2 68 3 81 ) 4 1 2 (1 28 ) 2 2 (1 29 2 31 3 35 ) 5 1 1 (1 92 2 76 3 64 ) 2 1 (3 72 ) 2 2 (1 83 ) 10 1 1 (1 70 2 77 3 100 ) 1 2 (1 67 2 48 3 62 ) 2 1 (1 69 3 71 ) 2 2 (1 69 3 89 ) 5 1 1 (2 119 3 109 ) 1 2 (1 88 2 114 3 99 ) 2 1 1 (2 25 3 25 ) 3 2 1 (1 53 2 30 3 46 ) 4 1 1 (1 38 2 70 3 54 ) 1 2 (1 60 ) 3 1 1 (1 39 ) 2 2 (1 53 3 63 ) 
10 15 6 1 1 (1 121 2 97 3 115 ) 2 1 (2 97 ) 2 2 (2 107 3 60 ) 3 2 1 (1 60 2 69 3 77 ) 3 1 2 (3 88 ) 2 2 (1 64 3 96 ) 2 1 1 (3 22 ) 1 2 (1 20 ) 4 1 2 (1 73 2 94 ) 2 1 (1 86 3 88 ) 2 1 1 (1 29 3 30 ) 5 1 1 (1 53 2 50 3 49 ) 1 2 (1 47 ) 2 2 (2 55 ) 2 2 1 (3 16 ) 2 2 (2 13 ) 2 2 1 (1 88 2 91 ) 3 2 2 (1 7 2 7 3 8 ) 
10 20 5 1 1 (1 99 2 87 3 74 ) 1 2 (1 93 2 81 ) 4 1 1 (2 77 ) 2 1 (2 87 3 82 ) 2 2 (3 84 ) 2 2 2 (1 74 2 63 ) 5 1 1 (2 46 3 55 ) 2 1 (3 46 ) 2 2 (1 49 2 76 ) 3 2 2 (1 68 2 59 3 56 ) 9 1 2 (1 28 2 32 3 22 ) 2 1 (1 27 2 27 3 33 ) 2 2 (1 31 2 38 3 28 ) 11 1 1 (1 33 2 30 3 36 ) 1 2 (1 28 2 40 ) 2 1 (1 36 2 31 3 29 ) 2 2 (1 27 2 32 3 31 ) 1 1 1 (3 33 ) 5 1 2 (1 41 2 58 3 44 ) 2 1 (1 44 3 45 ) 5 1 1 (1 72 2 52 3 66 ) 1 2 (1 59 2 52 ) 
10 17 2 2 1 (1 47 ) 2 2 (1 40 ) 4 1 1 (2 20 3 19 ) 1 2 (2 11 ) 2 2 (2 12 ) 8 1 1 (1 15 2 9 ) 1 2 (1 9 2 14 ) 2 1 (1 15 2 13 3 11 ) 2 2 (3 10 ) 9 1 1 (1 56 2 51 3 50 ) 1 2 (1 39 2 28 3 48 ) 2 1 (2 40 ) 2 2 (1 44 3 47 ) 7 1 1 (1 37 2 24 3 25 ) 2 1 (1 40 2 32 3 29 ) 2 2 (3 29 ) 3 1 2 (1 90 2 70 3 99 ) 4 1 2 (1 97 2 76 3 110 ) 2 2 (1 103 ) 1 1 2 (2 53 ) 1 1 2 (1 61 ) 2 1 1 (1 53 ) 2 1 (1 89 ) 
10 15 10 1 1 (1 35 2 28 3 44 ) 1 2 (2 39 ) 2 1 (1 35 2 34 3 30 ) 2 2 (1 34 2 41 3 36 ) 5 1 2 (2 24 3 30 ) 2 1 (2 35 3 32 ) 2 2 (1 27 ) 9 1 1 (1 48 2 44 3 57 ) 1 2 (2 42 3 52 ) 2 1 (1 52 2 54 ) 2 2 (1 54 3 43 ) 7 1 1 (3 56 ) 1 2 (1 44 2 45 3 47 ) 2 2 (1 48 2 51 3 61 ) 3 2 1 (1 30 3 34 ) 2 2 (3 33 ) 5 1 1 (2 8 ) 1 2 (2 10 ) 2 1 (3 14 ) 2 2 (2 10 3 12 ) 5 1 1 (1 23 3 28 ) 1 2 (1 28 2 25 3 26 ) 5 1 1 (1 36 2 43 3 35 ) 2 1 (1 39 2 34 ) 3 1 1 (1 24 3 16 ) 2 1 (3 22 ) 7 1 2 (2 44 ) 2 1 (1 55 2 49 3 46 ) 2 2 (1 56 2 54 3 47 ) 
10 16 2 2 1 (3 27 ) 2 2 (2 25 ) 5 1 1 (1 40 3 58 ) 1 2 (1 52 2 48 3 43 ) 7 1 1 (1 83 3 67 ) 1 2 (1 69 2 81 3 83 ) 2 1 (1 64 3 86 ) 7 1 1 (1 6 2 8 3 10 ) 1 2 (1 13 3 11 ) 2 1 (3 5 ) 2 2 (1 10 ) 8 1 1 (1 15 2 18 3 21 ) 1 2 (1 19 2 14 3 17 ) 2 1 (2 15 ) 2 2 (3 13 ) 9 1 1 (1 38 ) 1 2 (2 40 3 33 ) 2 1 (1 27 2 27 3 30 ) 2 2 (1 34 2 34 3 38 ) 9 1 1 (1 93 2 99 3 82 ) 1 2 (1 84 2 90 3 76 ) 2 1 (1 85 2 76 3 72 ) 2 1 1 (1 78 3 72 ) 8 1 2 (2 60 3 85 ) 2 1 (1 73 2 65 3 78 ) 2 2 (1 77 2 76 3 61 ) 6 1 2 (2 94 3 65 ) 2 1 (1 93 2 102 ) 2 2 (2 76 3 97 ) 
10 20 8 1 1 (1 86 2 96 ) 1 2 (3 60 ) 2 1 (1 79 2 87 ) 2 2 (1 72 2 89 3 84 ) 3 1 1 (1 7 2 7 ) 1 2 (1 7 ) 7 1 1 (3 67 ) 2 1 (1 72 2 83 3 61 ) 2 2 (1 62 2 80 3 91 ) 5 1 2 (1 46 2 48 3 72 ) 2 1 (1 61 2 53 ) 5 2 1 (1 62 2 69 3 71 ) 2 2 (1 82 3 76 ) 3 1 2 (1 11 2 22 3 14 ) 3 1 1 (1 30 3 25 ) 1 2 (2 30 ) 11 1 1 (1 23 2 17 3 18 ) 1 2 (1 19 2 15 3 21 ) 2 1 (1 21 2 19 3 17 ) 2 2 (1 16 2 20 ) 6 1 1 (1 41 2 52 ) 1 2 (2 59 ) 2 2 (1 52 2 36 3 39 ) 7 1 1 (1 14 2 9 3 15 ) 2 1 (2 12 3 13 ) 2 2 (1 13 2 16 ) 
10 16 7 1 2 (1 15 2 17 3 18 ) 2 1 (1 18 ) 2 2 (1 17 2 12 3 12 ) 6 1 1 (1 82 3 82 ) 1 2 (1 44 ) 2 1 (1 88 2 85 3 84 ) 6 1 1 (2 7 3 12 ) 2 1 (2 11 ) 2 2 (1 13 2 10 3 11 ) 1 2 2 (1 45 ) 3 1 1 (2 41 3 40 ) 1 2 (2 41 ) 6 1 2 (2 40 ) 2 1 (1 35 2 38 3 36 ) 2 2 (1 34 3 51 ) 3 1 1 (1 20 2 21 ) 2 2 (3 17 ) 6 1 1 (1 41 3 28 ) 2 1 (1 43 3 27 ) 2 2 (1 36 3 19 ) 6 1 1 (1 13 2 11 3 17 ) 1 2 (1 15 2 16 ) 2 2 (1 15 ) 3 2 1 (1 50 2 93 3 78 ) 
10 15 7 1 1 (1 31 ) 1 2 (1 31 2 36 3 27 ) 2 1 (1 32 2 34 3 33 ) 4 1 1 (1 107 2 72 3 59 ) 1 2 (3 120 ) 5 1 2 (1 36 3 30 ) 2 2 (1 29 2 26 3 41 ) 4 1 1 (2 97 ) 1 2 (1 64 2 77 3 86 ) 4 1 1 (1 77 2 46 3 86 ) 1 2 (2 77 ) 2 1 2 (1 69 2 65 ) 1 1 2 (2 61 ) 9 1 1 (1 83 2 128 3 60 ) 1 2 (1 84 2 102 3 88 ) 2 1 (2 89 3 87 ) 2 2 (2 76 ) 10 1 1 (1 89 2 123 3 104 ) 1 2 (1 106 2 66 3 110 ) 2 1 (2 111 ) 2 2 (1 91 2 115 3 131 ) 6 1 2 (1 7 ) 2 1 (1 8 3 7 ) 2 2 (1 7 2 7 3 9 ) 
10 17 6 1 1 (1 85 2 84 ) 1 2 (1 84 2 84 3 81 ) 2 1 (2 124 ) 2 2 1 (1 6 3 7 ) 5 1 2 (1 28 3 21 ) 2 2 (1 38 2 21 3 28 ) 8 1 1 (3 47 ) 1 2 (1 35 2 47 3 46 ) 2 1 (1 43 3 28 ) 2 2 (1 49 2 31 ) 9 1 1 (1 73 2 81 3 95 ) 1 2 (1 83 2 96 3 101 ) 2 1 (2 91 3 77 ) 2 2 (3 77 ) 11 1 1 (1 72 2 62 3 94 ) 1 2 (1 59 2 64 3 75 ) 2 1 (1 50 3 86 ) 2 2 (1 65 2 74 3 75 ) 4 1 1 (3 21 ) 1 2 (3 26 ) 2 1 (1 22 2 22 ) 6 1 1 (2 69 ) 1 2 (2 51 ) 2 1 (2 65 3 56 ) 2 2 (2 56 3 65 ) 5 1 1 (1 33 2 35 ) 1 2 (2 36 3 36 ) 2 2 (2 34 ) 4 1 1 (1 48 3 44 ) 2 1 (3 36 ) 2 2 (3 52 ) 