15 2 2 3
15 0 3 0 50 0 10 0 3 0 41 0 12 0 1 0 50 0 13 0 2 0 45 0 12 0 2 0 50 0 15 0 3 0 47 0
15 0 3 0 50 0 10 0 3 0 41 0 12 0 1 0 50 0 13 0 2 0 45 0 12 0 2 0 50 0 15 0 3 0 47 0
10 20 1 1 2 (3 8 ) 3 1 1 (1 71 2 71 3 56 ) 3 1 2 (1 74 3 95 ) 2 1 (1 86 ) 5 1 2 (1 63 2 83 ) 2 1 (1 66 2 72 3 50 ) 3 1 2 (1 36 2 33 3 39 ) 7 1 1 (2 41 3 38 ) 2 1 (1 46 2 46 3 38 ) 2 2 (1 32 2 48 ) 4 1 1 (3 34 ) 1 2 (1 41 2 34 3 48 ) 5 1 1 (1 113 ) 2 1 (3 97 ) 2 2 (1 73 2 108 3 92 ) 6 1 2 (1 27 3 22 ) 2 1 (2 22 3 23 ) 2 2 (1 23 2 24 ) 3 1 1 (2 17 3 19 ) 1 2 (3 17 ) 
10 18 2 2 1 (1 21 3 25 ) 1 2 2 (3 61 ) 3 2 1 (1 46 2 39 3 46 ) 5 1 1 (1 22 2 26 3 25 ) 1 2 (2 26 3 22 ) 6 1 2 (1 78 3 99 ) 2 1 (1 60 2 103 ) 2 2 (1 108 2 92 ) 5 1 1 (2 37 3 38 ) 1 2 (3 39 ) 2 1 (3 45 ) 2 2 (3 37 ) 5 1 2 (1 13 3 10 ) 2 2 (1 13 2 14 3 13 ) 5 1 1 (1 29 2 22 ) 2 2 (1 35 2 26 3 28 ) 5 1 1 (1 65 2 63 3 64 ) 2 2 (1 59 2 79 ) 8 1 1 (1 10 2 9 3 10 ) 1 2 (1 10 2 9 ) 2 1 (2 9 ) 2 2 (1 11 3 10 ) 
10 19 7 1 1 (2 55 3 50 ) 1 2 (1 54 2 50 3 51 ) 2 1 (3 51 ) 2 2 (2 63 ) 3 1 1 (2 96 ) 1 2 (1 109 3 92 ) 5 2 1 (1 66 2 49 3 98 ) 2 2 (1 83 2 81 ) 4 1 1 (2 6 3 8 ) 2 1 (2 8 3 6 ) 1 1 2 (1 70 ) 2 2 2 (1 70 3 71 ) 7 1 1 (1 31 ) 1 2 (1 57 2 53 3 67 ) 2 1 (2 30 3 58 ) 2 2 (2 75 ) 2 1 2 (1 71 ) 2 2 (3 64 ) 2 2 1 (2 45 ) 2 2 (3 34 ) 1 2 1 (2 57 ) 
10 17 2 1 2 (1 49 3 67 ) 5 1 1 (3 41 ) 1 2 (2 46 3 48 ) 2 1 (2 50 3 47 ) 8 1 1 (1 104 2 71 3 106 ) 1 2 (1 81 2 78 ) 2 1 (1 89 2 78 ) 2 2 (2 121 ) 4 1 1 (2 65 3 54 ) 2 1 (2 69 ) 2 2 (3 65 ) 7 1 1 (1 74 2 73 3 95 ) 1 2 (1 53 ) 2 1 (1 80 2 63 3 70 ) 3 1 2 (1 85 ) 2 2 (2 107 3 90 ) 2 1 1 (1 15 2 12 ) 3 1 1 (1 109 2 108 3 111 ) 6 1 2 (1 9 3 9 ) 2 1 (3 14 ) 2 2 (1 13 2 8 3 6 ) 2 2 2 (1 71 2 78 ) 
10 15 4 2 1 (1 86 ) 2 2 (1 93 2 104 3 87 ) 2 1 1 (3 38 ) 1 2 (2 28 ) 3 2 1 (1 43 2 32 3 41 ) 4 1 1 (1 9 3 6 ) 2 1 (1 7 3 7 ) 5 1 1 (1 68 ) 1 2 (1 61 ) 2 1 (1 82 2 53 3 53 ) 7 1 1 (1 61 2 56 3 75 ) 1 2 (2 89 3 88 ) 2 2 (1 76 2 52 ) 5 1 1 (2 11 3 9 ) 1 2 (1 11 2 13 3 14 ) 2 1 1 (3 39 ) 1 2 (3 39 ) 8 1 1 (3 74 ) 1 2 (1 74 2 75 3 61 ) 2 1 (1 58 2 84 3 77 ) 2 2 (2 83 ) 3 1 2 (1 20 3 38 ) 2 2 (1 27 ) 
10 16 3 2 2 (1 63 2 73 3 71 ) 3 1 1 (2 41 ) 2 2 (2 45 3 43 ) 4 2 1 (3 65 ) 2 2 (1 57 2 62 3 58 ) 2 2 1 (1 77 2 73 ) 2 2 1 (2 73 ) 2 2 (3 77 ) 5 1 1 (1 60 2 63 3 72 ) 2 1 (1 76 3 81 ) 6 1 1 (1 102 2 111 3 109 ) 2 1 (1 121 ) 2 2 (2 77 3 89 ) 5 2 1 (2 38 3 53 ) 2 2 (1 48 2 50 3 48 ) 6 1 2 (1 32 2 40 3 35 ) 2 1 (1 28 2 33 3 27 ) 7 1 1 (1 8 2 11 ) 2 1 (2 11 3 9 ) 2 2 (1 10 2 9 3 8 ) 
10 17 6 1 2 (1 68 3 58 ) 2 1 (1 84 2 64 3 71 ) 2 2 (1 82 ) 3 2 1 (1 99 3 89 ) 2 2 (3 89 ) 3 2 1 (2 83 3 58 ) 2 2 (1 46 ) 3 1 1 (1 79 2 66 3 96 ) 6 1 1 (2 105 3 101 ) 1 2 (1 117 ) 2 2 (1 86 2 92 3 133 ) 4 1 1 (3 7 ) 1 2 (1 9 2 8 3 6 ) 7 1 2 (1 56 3 40 ) 2 1 (2 51 3 48 ) 2 2 (1 62 2 45 3 50 ) 7 1 1 (1 75 2 68 3 71 ) 1 2 (1 59 2 71 3 88 ) 2 2 (1 94 ) 3 1 1 (1 43 2 35 3 37 ) 4 1 1 (1 18 2 16 ) 2 1 (1 23 ) 2 2 (2 25 ) 
10 19 7 1 2 (1 60 2 75 3 65 ) 2 1 (1 60 2 60 3 62 ) 2 2 (3 48 ) 6 1 1 (1 93 2 103 3 91 ) 2 2 (1 98 2 79 3 80 ) 2 1 1 (2 96 3 112 ) 3 1 1 (1 30 2 21 3 37 ) 1 2 1 (3 84 ) 2 2 1 (1 41 2 38 ) 2 2 1 (3 75 ) 2 2 (1 62 ) 5 1 1 (1 8 2 9 ) 1 2 (1 9 2 8 3 9 ) 1 2 2 (3 76 ) 3 2 1 (1 47 ) 2 2 (2 48 3 46 ) 
10 15 3 1 1 (1 43 3 36 ) 1 2 (2 34 ) 6 1 1 (1 42 ) 1 2 (1 42 3 29 ) 2 1 (1 39 2 36 3 42 ) 9 1 1 (3 70 ) 1 2 (1 44 2 61 ) 2 1 (1 64 2 82 3 66 ) 2 2 (1 82 2 73 3 76 ) 1 2 1 (1 34 ) 5 1 2 (1 43 2 49 3 46 ) 2 2 (2 43 3 40 ) 7 1 1 (1 49 2 57 3 55 ) 1 2 (1 40 3 67 ) 2 1 (2 57 3 45 ) 1 2 2 (1 72 ) 4 1 1 (2 23 3 19 ) 1 2 (1 23 3 23 ) 5 1 1 (1 32 ) 2 1 (1 43 2 36 3 25 ) 2 2 (2 33 ) 5 2 1 (1 73 2 80 ) 2 2 (1 60 2 74 3 80 ) 
10 20 7 1 1 (2 50 3 51 ) 1 2 (1 67 2 67 ) 2 1 (1 42 2 48 3 71 ) 2 2 2 (1 6 3 6 ) 1 2 2 (1 49 ) 4 2 1 (1 58 2 34 3 45 ) 2 2 (3 56 ) 2 2 1 (1 79 3 84 ) 4 1 1 (1 15 ) 2 2 (1 21 2 18 3 22 ) 10 1 1 (1 64 2 63 3 75 ) 1 2 (2 70 3 63 ) 2 1 (1 58 2 65 3 74 ) 2 2 (1 80 3 71 ) 1 2 1 (1 25 ) 7 1 1 (1 60 2 55 3 44 ) 1 2 (1 54 2 56 3 48 ) 2 2 (3 40 ) 3 2 2 (1 56 2 51 3 70 ) 
10 16 3 2 1 (2 146 3 85 ) 2 2 (2 126 ) 2 2 2 (2 73 3 88 ) 8 1 2 (1 30 2 40 3 31 ) 2 1 (1 27 3 31 ) 2 2 (1 31 2 31 3 26 ) 5 1 1 (2 20 3 19 ) 1 2 (1 17 2 16 3 16 ) 9 1 1 (1 16 3 16 ) 1 2 (1 22 3 14 ) 2 1 (2 21 3 21 ) 2 2 (1 18 2 24 3 19 ) 2 1 1 (3 48 ) 2 2 (2 51 ) 4 1 1 (2 30 3 26 ) 2 2 (1 28 2 20 ) 2 1 2 (1 30 3 29 ) 3 2 1 (3 53 ) 2 2 (1 53 2 51 ) 3 1 1 (2 8 ) 1 2 (1 8 ) 2 2 (3 8 ) 
10 16 9 1 1 (1 70 2 58 3 72 ) 1 2 (1 68 2 67 3 65 ) 2 2 (1 58 2 61 3 77 ) 9 1 1 (2 45 3 38 ) 1 2 (1 69 3 40 ) 2 1 (1 60 2 57 ) 2 2 (1 49 2 67 3 59 ) 6 1 1 (1 52 2 73 3 66 ) 1 2 (1 88 2 57 3 80 ) 6 1 1 (1 6 3 8 ) 2 1 (1 10 2 10 3 9 ) 2 2 (3 9 ) 6 2 1 (1 70 2 34 3 42 ) 2 2 (1 64 2 73 3 60 ) 5 1 1 (2 17 3 13 ) 1 2 (1 10 2 18 3 14 ) 7 1 2 (1 89 2 82 3 109 ) 2 1 (1 79 2 72 3 72 ) 2 2 (2 66 ) 3 2 2 (1 19 2 16 3 15 ) 3 2 1 (1 106 2 78 3 83 ) 5 2 1 (1 15 2 20 3 18 ) 2 2 (1 15 2 14 ) 
10 18 4 1 2 (1 99 ) 2 1 (1 57 ) 2 2 (1 68 3 72 ) 5 1 1 (1 63 2 57 3 66 ) 2 2 (1 53 2 54 ) 4 2 1 (1 51 2 44 3 48 ) 2 2 (1 57 ) 5 1 2 (1 109 3 100 ) 2 1 (1 83 3 75 ) 2 2 (1 91 ) 3 2 1 (1 44 3 41 ) 2 2 (2 39 ) 7 1 1 (1 87 3 76 ) 2 1 (1 104 3 76 ) 2 2 (1 77 2 78 3 87 ) 3 1 1 (1 61 2 66 3 75 ) 1 1 1 (1 75 ) 9 1 1 (1 103 2 59 3 100 ) 1 2 (1 84 2 76 3 86 ) 2 1 (1 104 2 98 3 91 ) 11 1 1 (1 50 3 38 ) 1 2 (1 54 2 57 3 46 ) 2 1 (1 40 2 57 3 47 ) 2 2 (1 65 2 41 3 50 ) 
10 19 3 2 1 (2 9 3 9 ) 2 2 (1 8 ) 8 1 1 (1 86 2 67 3 97 ) 1 2 (1 102 2 87 3 100 ) 2 2 (1 103 2 99 ) 8 1 1 (1 28 2 25 3 20 ) 1 2 (1 19 2 18 ) 2 2 (1 18 2 25 3 18 ) 2 2 1 (1 52 3 40 ) 7 1 1 (1 39 2 40 3 45 ) 1 2 (1 49 ) 2 2 (1 31 2 31 3 44 ) 5 1 1 (1 78 2 75 3 75 ) 1 2 (2 77 3 58 ) 7 1 1 (1 6 2 7 3 5 ) 2 1 (1 5 2 5 3 5 ) 2 2 (1 6 ) 5 1 1 (1 25 3 23 ) 1 2 (3 27 ) 2 2 (2 28 3 16 ) 6 1 1 (2 111 ) 1 2 (1 89 ) 2 1 (1 88 2 94 3 86 ) 2 2 (2 94 ) 7 1 1 (3 36 ) 1 2 (1 31 ) 2 1 (1 36 2 31 ) 2 2 (1 31 2 29 3 32 ) 
10 17 7 1 2 (1 19 3 16 ) 2 1 (1 16 2 23 3 24 ) 2 2 (1 23 2 21 ) 3 1 1 (3 37 ) 2 1 (1 26 3 24 ) 4 1 1 (1 56 ) 1 2 (1 52 2 42 3 55 ) 7 1 1 (2 54 ) 1 2 (1 51 2 50 3 48 ) 2 1 (1 52 2 48 3 38 ) 4 2 1 (1 42 2 43 3 48 ) 2 2 (3 46 ) 6 1 1 (1 101 2 56 3 84 ) 1 2 (1 80 2 76 3 86 ) 3 2 1 (1 67 2 81 3 65 ) 9 1 1 (1 8 2 7 3 9 ) 1 2 (1 9 3 6 ) 2 1 (1 7 2 6 3 8 ) 2 2 (1 7 ) 4 1 2 (2 22 ) 2 2 (1 29 2 31 3 30 ) 6 1 1 (2 49 ) 1 2 (1 43 2 53 ) 2 1 (1 42 ) 2 2 (2 52 3 38 ) 