15 2 2 3
14 0 1 0 49 0 14 0 2 0 49 0 13 0 1 0 49 0 10 0 1 0 43 0 12 0 1 0 50 0 14 0 3 0 43 0
14 0 1 0 49 0 14 0 2 0 49 0 13 0 1 0 49 0 10 0 1 0 43 0 12 0 1 0 50 0 14 0 3 0 43 0
10 15 4 1 1 (1 7 3 7 ) 1 2 (1 9 2 9 ) 3 1 1 (1 81 2 73 3 63 ) 4 1 1 (1 78 2 73 3 76 ) 2 2 (2 58 ) 2 1 1 (1 59 2 77 ) 7 1 1 (1 38 2 27 3 26 ) 1 2 (2 33 3 36 ) 2 1 (1 37 2 32 ) 3 1 1 (1 39 3 43 ) 1 2 (3 53 ) 4 1 1 (3 38 ) 1 2 (1 36 2 43 3 34 ) 3 1 1 (2 121 3 100 ) 1 2 (3 113 ) 3 1 1 (1 28 2 26 ) 1 2 (2 25 ) 4 1 1 (3 20 ) 1 2 (1 14 ) 2 1 (1 19 ) 2 2 (3 22 ) 
10 14 7 1 1 (1 18 2 16 3 19 ) 1 2 (3 23 ) 2 1 (2 22 ) 2 2 (2 19 3 22 ) 1 1 2 (2 73 ) 4 1 1 (2 40 ) 1 2 (2 37 3 38 ) 2 2 (3 45 ) 4 1 1 (1 13 2 26 ) 1 2 (2 23 3 20 ) 7 1 1 (1 108 3 84 ) 2 1 (1 86 2 83 3 73 ) 2 2 (1 56 2 86 ) 3 2 2 (1 39 2 38 3 49 ) 5 2 1 (1 11 2 11 3 12 ) 2 2 (2 13 3 13 ) 4 1 1 (1 25 ) 1 2 (1 25 2 24 ) 2 1 (1 28 ) 1 2 1 (1 82 ) 5 1 1 (2 10 ) 1 2 (3 8 ) 2 1 (2 8 ) 2 2 (2 10 3 10 ) 
10 17 8 1 1 (2 49 ) 1 2 (1 30 2 56 3 47 ) 2 1 (1 43 2 56 3 69 ) 2 2 (2 47 ) 4 1 2 (1 89 2 97 3 80 ) 2 2 (2 93 ) 1 2 2 (1 82 ) 4 1 1 (2 7 ) 2 1 (1 6 2 6 3 6 ) 1 1 1 (2 51 ) 1 2 2 (2 69 ) 3 1 2 (1 63 2 59 ) 2 1 (2 43 ) 2 2 2 (1 77 3 74 ) 7 1 1 (1 34 ) 1 2 (1 38 ) 2 1 (1 43 2 46 3 37 ) 2 2 (2 43 3 47 ) 4 2 1 (1 70 ) 2 2 (1 48 2 42 3 49 ) 
10 14 2 1 2 (2 61 ) 2 2 (2 69 ) 8 1 1 (1 40 ) 1 2 (1 29 2 36 3 42 ) 2 1 (2 39 ) 2 2 (1 42 2 40 3 43 ) 2 2 1 (1 95 ) 2 2 (3 82 ) 3 1 1 (1 55 ) 2 1 (1 59 2 49 ) 2 2 2 (1 65 3 67 ) 7 1 1 (2 91 3 89 ) 1 2 (1 101 3 60 ) 2 1 (1 92 2 97 3 100 ) 2 2 1 (2 12 3 9 ) 9 1 1 (1 93 2 105 ) 1 2 (1 92 3 92 ) 2 1 (1 112 2 81 3 106 ) 2 2 (2 85 3 99 ) 2 1 1 (1 12 2 10 ) 7 1 1 (1 84 2 73 3 63 ) 1 2 (2 92 3 74 ) 2 2 (2 75 3 69 ) 
10 19 5 1 2 (1 86 3 77 ) 2 1 (1 90 ) 2 2 (2 89 3 59 ) 7 1 2 (1 39 2 32 ) 2 1 (1 29 3 36 ) 2 2 (1 41 2 34 3 38 ) 5 1 1 (1 46 3 37 ) 1 2 (1 38 3 27 ) 2 2 (3 42 ) 5 1 1 (2 7 3 7 ) 1 2 (1 10 2 9 3 7 ) 2 2 2 (1 47 3 72 ) 5 2 1 (1 72 2 85 3 100 ) 2 2 (1 71 3 58 ) 6 1 2 (1 13 2 9 ) 2 1 (1 12 3 13 ) 2 2 (1 10 3 11 ) 9 1 1 (1 42 2 49 3 37 ) 1 2 (1 50 ) 2 1 (1 37 2 51 3 35 ) 2 2 (1 38 3 46 ) 4 1 1 (2 81 3 56 ) 1 2 (1 85 2 66 ) 4 1 2 (3 34 ) 2 1 (1 23 2 26 3 28 ) 
10 20 3 1 1 (1 67 2 59 ) 2 1 (3 52 ) 8 1 1 (1 39 2 37 ) 1 2 (1 67 2 51 3 49 ) 2 1 (1 58 3 47 ) 2 2 (1 60 ) 4 1 2 (2 59 ) 2 1 (1 53 2 70 ) 2 2 (1 42 ) 3 2 1 (1 77 2 74 3 74 ) 5 1 2 (1 81 3 65 ) 2 1 (1 61 ) 2 2 (1 74 3 84 ) 8 1 1 (1 75 2 56 3 73 ) 2 1 (1 68 3 70 ) 2 2 (1 75 2 73 3 80 ) 3 2 1 (1 100 3 92 ) 2 2 (1 95 ) 6 1 1 (2 42 3 46 ) 1 2 (1 32 2 38 3 32 ) 2 2 (1 40 ) 7 1 1 (1 24 ) 1 2 (2 26 3 28 ) 2 1 (1 20 ) 2 2 (1 28 2 21 3 32 ) 6 1 1 (2 8 ) 1 2 (1 9 ) 2 1 (3 8 ) 2 2 (1 11 2 9 3 10 ) 
10 18 8 1 1 (1 59 2 66 ) 1 2 (1 57 2 90 ) 2 1 (1 53 2 84 3 74 ) 2 2 (3 66 ) 4 1 1 (2 64 ) 1 2 (1 89 2 113 3 95 ) 3 2 1 (1 65 2 81 3 60 ) 6 1 2 (1 79 2 96 ) 2 1 (1 111 ) 2 2 (1 84 2 80 3 104 ) 2 2 1 (2 112 ) 2 2 (1 105 ) 2 2 1 (3 8 ) 2 2 (2 6 ) 4 1 1 (1 46 2 54 ) 1 2 (1 51 3 47 ) 5 1 2 (1 85 ) 2 1 (1 69 2 82 3 60 ) 2 2 (1 66 ) 8 1 1 (1 18 3 33 ) 1 2 (1 40 2 40 3 41 ) 2 1 (1 30 2 38 3 30 ) 2 2 2 (1 14 2 16 ) 
10 17 4 1 1 (1 49 2 65 3 69 ) 1 2 (2 45 ) 4 1 1 (3 90 ) 1 2 (1 84 3 76 ) 2 1 (1 80 ) 5 1 2 (1 94 2 118 3 86 ) 2 1 (2 115 ) 2 2 (2 78 ) 7 1 1 (1 27 2 33 3 35 ) 1 2 (1 35 2 30 3 36 ) 2 1 (2 28 ) 4 1 1 (1 99 2 125 3 81 ) 2 2 (2 109 ) 3 2 1 (2 40 ) 2 2 (2 37 3 41 ) 6 1 1 (1 71 2 60 3 67 ) 1 2 (1 86 2 61 3 97 ) 5 2 1 (1 9 2 8 3 9 ) 2 2 (2 9 3 9 ) 4 1 1 (3 78 ) 1 2 (1 65 2 75 3 82 ) 6 1 1 (3 55 ) 1 2 (1 42 2 50 3 44 ) 2 2 (1 52 2 46 ) 
10 17 2 1 2 (3 23 ) 2 2 (1 30 ) 8 1 1 (1 38 2 46 ) 2 1 (1 40 2 49 3 41 ) 2 2 (1 37 2 37 3 48 ) 1 2 2 (2 76 ) 3 2 1 (1 34 2 35 3 17 ) 1 2 2 (2 26 ) 7 1 1 (2 44 ) 1 2 (1 44 ) 2 1 (1 50 2 49 ) 2 2 (1 51 2 56 3 39 ) 1 1 2 (3 56 ) 6 1 1 (1 20 2 22 3 21 ) 2 1 (3 23 ) 2 2 (1 15 3 17 ) 4 1 2 (1 39 2 38 ) 2 2 (1 27 2 36 ) 2 2 1 (1 76 ) 2 2 (2 85 ) 
10 16 1 2 1 (3 59 ) 2 1 1 (1 5 ) 2 1 (3 4 ) 7 1 1 (1 36 2 53 3 52 ) 1 2 (2 35 ) 2 1 (1 50 2 48 3 50 ) 2 2 2 (2 68 3 65 ) 4 1 2 (1 88 2 77 3 79 ) 2 2 (1 91 ) 5 2 1 (1 18 2 26 ) 2 2 (1 18 2 22 3 17 ) 5 1 1 (2 65 ) 1 2 (1 63 3 74 ) 2 2 (1 61 2 71 ) 6 1 1 (1 17 2 23 ) 1 2 (1 23 ) 2 1 (1 22 2 25 3 30 ) 6 2 1 (1 46 2 44 3 46 ) 2 2 (1 58 2 56 3 65 ) 3 1 2 (1 70 2 50 ) 2 1 (2 63 ) 
10 15 6 1 1 (1 96 2 88 3 78 ) 2 2 (1 96 2 105 3 82 ) 2 1 1 (2 96 ) 2 2 (3 105 ) 4 2 1 (3 37 ) 2 2 (1 33 2 31 3 37 ) 4 2 1 (1 23 2 13 3 13 ) 2 2 (1 22 ) 1 1 2 (2 12 ) 7 1 2 (1 38 3 28 ) 2 1 (1 43 2 34 3 31 ) 2 2 (1 41 2 30 ) 2 1 2 (1 29 3 21 ) 5 2 1 (1 34 3 32 ) 2 2 (1 39 2 29 3 33 ) 4 1 1 (2 42 3 41 ) 1 2 (1 48 ) 2 2 (2 41 ) 11 1 1 (1 8 2 8 3 9 ) 1 2 (1 8 2 8 3 10 ) 2 1 (2 9 3 8 ) 2 2 (1 10 2 7 3 8 ) 
10 14 7 1 1 (1 69 ) 1 2 (1 68 2 78 3 87 ) 2 2 (1 78 2 59 3 68 ) 4 2 1 (2 62 ) 2 2 (1 58 2 46 3 52 ) 5 1 1 (1 67 3 70 ) 1 2 (1 88 2 83 3 60 ) 7 1 1 (1 13 ) 1 2 (1 9 2 7 3 7 ) 2 1 (1 10 ) 2 2 (1 10 3 8 ) 3 1 1 (1 56 3 54 ) 1 2 (1 66 ) 6 1 1 (1 13 3 17 ) 1 2 (2 14 ) 2 2 (1 14 2 10 3 17 ) 9 1 1 (1 60 2 60 3 83 ) 1 2 (1 54 3 74 ) 2 1 (2 65 3 75 ) 2 2 (2 65 3 57 ) 3 1 2 (1 16 2 19 3 19 ) 5 1 2 (1 81 3 103 ) 2 2 (1 97 2 112 3 90 ) 7 1 2 (1 13 2 16 ) 2 1 (1 18 2 18 3 14 ) 2 2 (2 20 3 17 ) 
10 17 4 1 1 (1 78 ) 1 2 (1 60 2 87 3 69 ) 1 2 2 (1 49 ) 6 1 2 (1 66 2 52 ) 2 1 (2 52 3 59 ) 2 2 (1 52 3 51 ) 5 1 2 (1 92 3 93 ) 2 2 (1 80 2 82 3 102 ) 6 1 1 (1 42 2 36 ) 2 1 (1 43 ) 2 2 (1 43 2 33 3 32 ) 2 1 1 (1 98 ) 1 2 (1 96 ) 8 1 1 (1 57 2 60 3 80 ) 1 2 (2 63 3 78 ) 2 1 (1 83 3 61 ) 2 2 (3 91 ) 4 1 1 (1 102 2 90 3 98 ) 1 2 (3 79 ) 5 1 1 (3 92 ) 1 2 (1 75 3 86 ) 2 1 (1 77 2 96 ) 6 1 1 (2 53 ) 1 2 (2 43 3 59 ) 2 2 (1 44 2 42 3 46 ) 
10 14 4 1 2 (2 8 ) 2 2 (1 9 2 12 3 12 ) 7 1 1 (1 57 2 101 ) 1 2 (1 89 2 91 3 92 ) 2 2 (1 65 2 101 ) 7 1 1 (1 24 3 26 ) 2 1 (2 27 3 19 ) 2 2 (1 21 2 24 3 23 ) 4 2 1 (2 42 ) 2 2 (1 45 2 49 3 53 ) 6 1 1 (1 37 2 52 3 28 ) 1 2 (1 42 3 42 ) 2 2 (2 33 ) 7 1 1 (1 49 ) 1 2 (3 74 ) 2 1 (2 74 3 91 ) 2 2 (1 96 2 59 3 82 ) 3 1 1 (1 5 2 7 3 8 ) 5 1 1 (1 25 2 22 3 23 ) 2 2 (1 21 2 23 ) 3 2 1 (1 99 2 96 ) 2 2 (1 65 ) 1 1 1 (1 41 ) 
10 16 10 1 1 (1 23 2 21 ) 1 2 (1 30 3 29 ) 2 1 (1 24 2 23 3 16 ) 2 2 (1 25 2 22 3 21 ) 8 1 1 (1 27 3 27 ) 1 2 (3 26 ) 2 1 (2 31 3 34 ) 2 2 (1 29 2 32 3 31 ) 5 1 1 (1 47 2 54 ) 1 2 (1 53 ) 2 1 (1 59 3 46 ) 3 1 1 (2 63 3 55 ) 2 2 (1 48 ) 3 2 1 (1 56 3 59 ) 2 2 (3 45 ) 8 1 1 (1 83 2 57 3 70 ) 1 2 (1 69 2 52 3 64 ) 2 2 (1 80 2 72 ) 3 1 1 (3 74 ) 1 2 (1 63 ) 2 2 (1 84 ) 3 1 2 (1 7 ) 2 1 (2 7 3 7 ) 5 1 1 (1 25 2 31 ) 1 2 (2 31 ) 2 1 (1 30 2 30 ) 5 1 1 (1 44 ) 1 2 (1 54 2 52 3 48 ) 2 1 (3 55 ) 