15 2 2 3
10 0 1 0 42 0 12 0 1 0 40 0 10 0 2 0 48 0 13 0 2 0 44 0 15 0 1 0 48 0 15 0 1 0 40 0
10 0 1 0 42 0 12 0 1 0 40 0 10 0 2 0 48 0 13 0 2 0 44 0 15 0 1 0 48 0 15 0 1 0 40 0
10 20 1 1 2 (3 12 ) 6 1 1 (1 89 2 81 3 59 ) 1 2 (1 71 2 92 3 63 ) 1 2 2 (1 64 ) 7 1 1 (1 91 2 74 ) 1 2 (1 77 2 72 3 79 ) 2 1 (1 87 2 83 ) 6 1 1 (1 36 2 32 3 29 ) 1 2 (1 32 2 31 3 35 ) 2 2 2 (2 46 3 45 ) 7 1 1 (1 46 2 31 3 40 ) 1 2 (2 34 ) 2 1 (1 25 2 40 ) 2 2 (1 41 ) 5 1 1 (1 129 ) 1 2 (1 80 2 100 3 111 ) 2 2 (3 123 ) 2 1 2 (3 27 ) 2 1 (1 27 ) 7 1 1 (1 21 2 14 3 24 ) 1 2 (1 21 2 15 3 24 ) 2 2 (1 19 ) 
10 15 6 2 1 (1 21 2 18 3 22 ) 2 2 (1 19 2 16 3 17 ) 8 1 1 (3 77 ) 1 2 (1 88 2 92 3 65 ) 2 1 (2 73 ) 2 2 (1 56 2 66 3 87 ) 1 2 1 (2 40 ) 3 2 1 (1 20 2 25 ) 2 2 (2 20 ) 2 1 1 (2 75 3 69 ) 1 2 1 (1 40 ) 7 1 1 (3 11 ) 1 2 (2 14 ) 2 1 (1 13 2 12 3 14 ) 2 2 (1 16 3 12 ) 5 1 1 (1 30 2 25 3 19 ) 1 2 (1 26 ) 2 2 (1 27 ) 6 1 1 (1 74 2 80 3 71 ) 2 1 (2 67 3 68 ) 2 2 (2 80 ) 10 1 1 (1 8 2 9 3 9 ) 1 2 (1 9 ) 2 1 (1 8 2 8 3 7 ) 2 2 (1 10 2 11 3 10 ) 
10 20 4 1 1 (2 47 3 45 ) 1 2 (1 47 3 47 ) 8 1 1 (3 118 ) 1 2 (1 66 ) 2 1 (1 127 2 81 3 60 ) 2 2 (1 98 2 90 3 71 ) 7 1 1 (1 93 2 85 3 66 ) 1 2 (1 99 2 82 3 53 ) 2 2 (3 92 ) 5 1 1 (1 7 3 8 ) 2 2 (1 6 2 8 3 7 ) 6 1 1 (1 50 2 54 3 43 ) 1 2 (3 40 ) 2 2 (2 55 3 56 ) 4 1 2 (1 66 2 52 3 56 ) 2 2 (3 67 ) 2 1 2 (1 50 2 51 ) 10 1 1 (1 77 2 76 ) 1 2 (1 57 2 70 3 64 ) 2 1 (1 65 2 81 3 71 ) 2 2 (1 59 2 70 ) 2 2 2 (1 42 2 37 ) 8 1 1 (3 40 ) 1 2 (1 42 2 46 3 65 ) 2 1 (1 32 2 42 ) 2 2 (2 46 3 52 ) 
10 18 5 1 2 (3 71 ) 2 1 (1 58 2 75 3 66 ) 2 2 (2 68 ) 5 1 1 (1 48 2 33 3 42 ) 1 2 (1 51 2 42 ) 5 1 1 (1 99 3 95 ) 1 2 (1 88 2 105 3 93 ) 1 2 2 (2 59 ) 3 1 1 (1 76 2 62 ) 2 1 (3 75 ) 1 2 1 (1 124 ) 3 1 2 (1 12 2 8 3 8 ) 4 1 1 (1 85 2 96 ) 1 2 (1 114 2 89 ) 1 1 1 (3 11 ) 3 1 1 (2 86 ) 2 1 (2 74 ) 2 2 (1 70 ) 
10 19 6 1 2 (1 72 3 89 ) 2 1 (2 103 3 89 ) 2 2 (1 69 2 61 ) 4 2 1 (3 34 ) 2 2 (1 35 2 31 3 32 ) 8 1 1 (2 32 3 40 ) 1 2 (2 49 3 52 ) 2 1 (1 47 2 42 ) 2 2 (1 38 3 42 ) 4 2 1 (1 4 ) 2 2 (1 8 2 7 3 8 ) 6 1 1 (1 66 ) 1 2 (1 84 3 54 ) 2 1 (1 66 2 52 ) 2 2 (3 52 ) 2 1 1 (1 78 ) 2 1 (2 62 ) 3 2 1 (2 10 3 10 ) 2 2 (3 12 ) 7 1 1 (1 51 2 46 ) 1 2 (2 57 3 44 ) 2 2 (1 44 2 45 3 48 ) 2 1 1 (1 64 3 58 ) 5 1 1 (1 28 2 31 ) 1 2 (1 34 2 27 3 28 ) 
10 16 2 2 2 (1 78 2 62 ) 2 1 1 (1 57 ) 2 1 (2 46 ) 8 1 2 (1 46 2 33 3 45 ) 2 1 (1 59 2 50 3 56 ) 2 2 (1 66 2 65 ) 5 1 2 (1 64 3 61 ) 2 1 (1 66 2 69 3 67 ) 7 1 1 (1 70 3 80 ) 1 2 (2 81 3 52 ) 2 2 (1 54 2 63 3 59 ) 10 1 1 (1 63 2 69 3 67 ) 1 2 (1 68 2 56 3 70 ) 2 1 (1 60 3 90 ) 2 2 (2 77 3 64 ) 8 1 2 (1 97 2 125 3 72 ) 2 1 (1 100 2 113 3 99 ) 2 2 (1 99 3 120 ) 4 1 1 (1 52 ) 1 2 (3 44 ) 2 2 (1 37 2 51 ) 6 1 1 (1 25 2 25 3 27 ) 1 2 (1 25 2 25 ) 2 1 (3 30 ) 3 1 2 (2 9 ) 2 1 (3 9 ) 2 2 (3 8 ) 
10 17 4 1 1 (1 82 2 75 3 81 ) 1 2 (2 80 ) 3 1 1 (1 96 ) 1 2 (1 90 3 112 ) 5 1 2 (1 57 2 56 3 49 ) 2 1 (1 72 3 40 ) 7 1 1 (1 80 ) 1 2 (2 90 3 83 ) 2 1 (1 76 2 117 ) 2 2 (2 87 3 101 ) 1 1 1 (2 96 ) 4 2 1 (1 8 2 8 ) 2 2 (1 10 2 10 ) 5 1 1 (1 57 2 41 3 50 ) 2 2 (1 50 3 63 ) 8 1 1 (3 69 ) 1 2 (2 77 3 87 ) 2 1 (1 57 2 75 3 83 ) 2 2 (2 71 3 78 ) 1 1 2 (1 25 ) 10 1 1 (1 15 2 16 3 15 ) 1 2 (1 11 2 18 3 17 ) 2 1 (1 14 ) 2 2 (1 17 2 20 3 21 ) 
10 16 1 2 1 (1 62 ) 2 1 2 (1 73 2 84 ) 3 1 1 (1 118 2 93 3 102 ) 8 1 1 (1 29 ) 1 2 (1 33 3 25 ) 2 1 (1 35 2 29 3 35 ) 2 2 (2 29 3 35 ) 2 1 2 (1 81 ) 2 2 (2 53 ) 2 1 1 (1 44 3 31 ) 8 1 1 (1 75 2 84 ) 1 2 (1 55 3 78 ) 2 1 (2 92 ) 2 2 (1 90 2 63 3 71 ) 3 2 1 (1 10 ) 2 2 (1 8 2 8 ) 9 1 1 (1 85 ) 1 2 (1 59 3 61 ) 2 1 (1 73 2 69 3 50 ) 2 2 (1 83 2 88 3 66 ) 4 2 1 (1 49 2 41 ) 2 2 (1 43 3 43 ) 
10 15 1 2 2 (1 33 ) 9 1 1 (1 41 2 46 3 54 ) 1 2 (1 31 2 32 3 38 ) 2 1 (1 50 2 44 3 24 ) 4 1 1 (2 53 ) 1 2 (2 78 ) 2 2 (1 78 2 74 ) 5 1 1 (1 21 3 24 ) 1 2 (2 28 3 24 ) 2 2 (3 25 ) 3 1 1 (1 38 2 46 ) 1 2 (2 44 ) 9 1 1 (1 49 2 68 3 46 ) 1 2 (1 61 2 56 3 39 ) 2 2 (1 43 2 51 3 40 ) 5 1 1 (1 63 2 63 3 60 ) 2 2 (1 63 2 53 ) 3 1 1 (3 20 ) 1 2 (1 21 3 22 ) 3 2 2 (1 35 2 37 3 46 ) 3 1 2 (2 88 3 83 ) 2 1 (2 92 ) 
10 18 4 1 1 (1 61 3 48 ) 1 2 (2 68 3 53 ) 6 1 1 (1 4 2 6 ) 2 1 (1 7 3 6 ) 2 2 (1 4 3 3 ) 6 2 1 (1 49 2 52 3 60 ) 2 2 (1 41 2 49 3 50 ) 7 1 1 (1 51 2 40 3 59 ) 1 2 (2 41 ) 2 1 (1 55 2 62 3 46 ) 2 1 1 (2 89 ) 2 2 (2 79 ) 2 1 1 (3 21 ) 1 2 (3 22 ) 9 1 1 (1 52 2 71 3 68 ) 1 2 (1 57 2 80 3 64 ) 2 1 (2 77 ) 2 2 (1 63 2 46 ) 3 2 1 (2 24 ) 2 2 (2 21 3 23 ) 3 1 1 (1 47 3 54 ) 1 2 (2 63 ) 8 1 1 (1 63 ) 1 2 (1 64 2 50 ) 2 1 (1 62 3 52 ) 2 2 (1 69 2 51 3 60 ) 
10 17 5 1 1 (2 107 ) 1 2 (1 88 2 110 ) 2 1 (3 92 ) 2 2 (1 122 ) 2 2 2 (1 113 2 95 ) 8 1 1 (2 35 3 30 ) 1 2 (1 41 2 31 ) 2 1 (1 27 2 36 ) 2 2 (1 40 3 37 ) 5 1 1 (1 26 2 19 3 16 ) 1 2 (1 19 2 16 ) 3 1 1 (1 20 2 18 3 22 ) 2 1 2 (1 42 2 48 ) 6 1 1 (1 25 2 31 3 22 ) 1 2 (1 19 2 19 ) 2 1 (3 27 ) 6 1 2 (1 33 2 36 3 33 ) 2 2 (1 42 2 34 3 34 ) 3 1 1 (1 35 2 49 3 56 ) 8 1 1 (3 10 ) 1 2 (1 8 3 9 ) 2 1 (2 10 3 8 ) 2 2 (1 9 2 6 3 9 ) 
10 18 4 1 2 (1 70 2 56 3 86 ) 2 2 (1 82 ) 6 2 1 (1 70 2 50 3 67 ) 2 2 (1 65 2 87 3 65 ) 3 1 2 (1 66 2 90 3 77 ) 4 1 2 (3 7 ) 2 1 (1 11 3 9 ) 2 2 (1 8 ) 1 2 1 (3 54 ) 9 1 1 (1 12 2 12 3 20 ) 2 1 (1 18 2 16 3 16 ) 2 2 (1 14 2 18 3 14 ) 2 1 1 (2 63 ) 1 2 (2 81 ) 2 2 1 (3 17 ) 2 2 (2 19 ) 4 2 1 (3 76 ) 2 2 (1 101 2 75 3 108 ) 6 1 1 (1 17 ) 2 1 (1 12 3 14 ) 2 2 (1 17 2 23 3 22 ) 
10 18 4 2 1 (2 71 3 74 ) 2 2 (1 74 2 73 ) 1 1 2 (2 60 ) 2 1 1 (1 62 3 55 ) 3 1 1 (1 116 ) 1 2 (3 90 ) 2 2 (2 85 ) 3 2 1 (3 42 ) 2 2 (1 33 2 35 ) 1 2 2 (3 84 ) 5 1 1 (2 82 3 73 ) 2 2 (1 50 2 65 3 88 ) 8 1 2 (1 94 2 77 3 93 ) 2 1 (1 63 2 92 ) 2 2 (1 61 2 85 3 68 ) 8 1 1 (1 80 3 100 ) 1 2 (2 88 ) 2 1 (1 85 2 84 3 107 ) 2 2 (1 75 2 105 ) 8 1 1 (1 70 3 64 ) 1 2 (1 55 2 58 3 44 ) 2 2 (1 43 2 47 3 48 ) 
10 15 9 1 1 (1 9 2 12 3 11 ) 1 2 (2 10 3 9 ) 2 1 (1 7 2 8 3 8 ) 2 2 (1 9 ) 1 2 1 (1 92 ) 2 1 2 (2 22 3 22 ) 8 1 1 (1 50 ) 1 2 (1 53 2 38 3 46 ) 2 1 (2 37 ) 2 2 (1 67 2 42 3 49 ) 4 1 2 (3 42 ) 2 1 (1 37 2 42 3 39 ) 3 1 1 (1 71 2 71 3 76 ) 5 1 2 (1 6 3 6 ) 2 2 (1 6 2 8 3 7 ) 4 1 1 (1 27 2 24 ) 2 1 (2 22 ) 2 2 (3 21 ) 3 2 1 (1 106 2 90 3 79 ) 3 2 1 (1 33 2 42 3 35 ) 
10 18 2 2 1 (1 20 ) 2 2 (1 24 ) 1 2 1 (3 29 ) 4 1 1 (2 45 ) 1 2 (2 50 3 46 ) 2 1 (3 51 ) 6 1 1 (1 56 2 57 3 51 ) 1 2 (2 62 ) 2 2 (2 54 3 47 ) 3 2 1 (1 48 2 40 3 45 ) 5 2 1 (1 72 2 63 3 79 ) 2 2 (1 78 3 65 ) 7 1 1 (2 92 3 100 ) 1 2 (2 66 3 66 ) 2 1 (2 73 ) 2 2 (1 94 2 74 ) 6 1 1 (1 8 2 9 3 10 ) 1 2 (2 9 3 9 ) 2 1 (3 6 ) 2 2 1 (1 16 3 28 ) 5 1 2 (3 45 ) 2 1 (1 57 2 66 ) 2 2 (1 52 2 45 ) 