15 2 2 3
12 0 2 0 41 0 10 0 1 0 48 0 12 0 2 0 50 0 14 0 1 0 48 0 12 0 1 0 49 0 14 0 3 0 47 0
12 0 2 0 41 0 10 0 1 0 48 0 12 0 2 0 50 0 14 0 1 0 48 0 12 0 1 0 49 0 14 0 3 0 47 0
10 14 2 1 1 (3 41 ) 1 2 (3 41 ) 3 1 2 (1 45 2 55 3 61 ) 6 2 1 (1 94 2 96 3 94 ) 2 2 (1 103 2 97 3 93 ) 2 1 1 (3 17 ) 1 2 (3 18 ) 6 2 1 (1 29 2 25 3 18 ) 2 2 (1 21 2 21 3 26 ) 6 1 1 (1 79 2 75 3 77 ) 1 2 (1 88 2 70 3 60 ) 3 1 2 (1 48 2 45 3 60 ) 6 1 1 (1 45 ) 1 2 (3 37 ) 2 1 (1 54 ) 2 2 (1 50 2 37 3 44 ) 6 1 1 (2 21 ) 1 2 (1 22 3 21 ) 2 1 (1 20 2 24 3 20 ) 7 1 1 (1 26 2 27 3 29 ) 1 2 (1 22 2 28 ) 2 1 (1 28 2 24 ) 
10 20 6 1 1 (2 29 ) 1 2 (1 30 3 38 ) 2 1 (1 35 ) 2 2 (2 33 3 38 ) 5 1 1 (1 31 2 31 3 39 ) 1 2 (1 34 2 36 ) 5 1 2 (2 13 3 12 ) 2 1 (2 11 ) 2 2 (2 11 3 10 ) 5 1 1 (3 39 ) 1 2 (2 38 ) 2 2 (1 43 2 34 3 38 ) 5 1 1 (1 81 2 88 3 64 ) 1 2 (2 86 3 72 ) 8 1 1 (1 75 2 93 3 96 ) 1 2 (3 92 ) 2 1 (2 59 ) 2 2 (1 67 2 97 3 87 ) 2 1 2 (2 70 ) 2 2 (1 73 ) 4 2 1 (1 124 2 100 ) 2 2 (2 97 3 100 ) 8 1 2 (2 39 3 48 ) 2 1 (1 50 2 68 3 51 ) 2 2 (1 66 2 50 3 53 ) 3 2 1 (1 78 2 78 3 63 ) 
10 19 5 1 1 (1 19 2 18 3 16 ) 1 2 (2 19 3 22 ) 4 2 1 (3 110 ) 2 2 (1 88 2 91 3 50 ) 3 1 2 (1 21 2 32 ) 2 2 (2 40 ) 7 1 1 (1 82 2 75 3 133 ) 1 2 (3 98 ) 2 1 (1 77 2 67 3 85 ) 3 2 1 (1 51 ) 2 2 (2 68 3 53 ) 7 1 1 (3 100 ) 1 2 (2 71 ) 2 1 (2 92 3 93 ) 2 2 (1 90 2 77 3 94 ) 7 1 1 (1 62 2 67 3 59 ) 1 2 (1 53 2 65 3 58 ) 2 1 (2 61 ) 10 1 1 (1 36 ) 1 2 (1 45 2 45 3 40 ) 2 1 (1 41 2 42 3 38 ) 2 2 (1 32 2 41 3 35 ) 7 1 1 (1 65 2 58 ) 1 2 (1 44 ) 2 1 (1 54 2 82 3 54 ) 2 2 (1 84 ) 5 1 2 (1 44 2 36 ) 2 2 (1 43 2 50 3 41 ) 
10 17 6 2 1 (1 67 2 51 3 48 ) 2 2 (1 73 2 54 3 40 ) 3 1 1 (1 81 ) 1 2 (2 82 3 68 ) 7 1 1 (1 20 2 22 ) 1 2 (1 23 2 24 3 20 ) 2 1 (2 20 ) 2 2 (3 26 ) 9 1 1 (1 92 2 97 ) 1 2 (1 83 2 94 3 92 ) 2 1 (1 89 2 88 3 58 ) 2 2 (3 79 ) 3 1 1 (1 67 3 79 ) 1 2 (3 43 ) 7 1 1 (1 50 3 40 ) 1 2 (1 30 3 24 ) 2 1 (1 44 2 37 3 39 ) 8 1 2 (1 89 2 91 3 73 ) 2 1 (1 97 2 74 3 101 ) 2 2 (1 80 2 70 ) 3 1 1 (1 41 ) 1 2 (1 48 2 38 ) 6 1 1 (1 78 3 84 ) 2 1 (1 75 2 93 ) 2 2 (2 103 3 76 ) 1 1 2 (3 93 ) 
10 15 6 1 1 (1 79 2 72 3 79 ) 1 2 (1 80 2 75 3 94 ) 7 1 1 (1 90 2 73 3 65 ) 2 1 (1 90 2 71 3 65 ) 2 2 (3 64 ) 2 1 2 (1 103 2 97 ) 2 2 1 (1 88 3 111 ) 6 1 1 (1 20 3 21 ) 1 2 (1 23 ) 2 1 (2 12 3 17 ) 2 2 (1 14 ) 8 1 1 (3 52 ) 1 2 (1 43 2 47 3 38 ) 2 1 (1 46 2 44 3 48 ) 2 2 (3 51 ) 8 1 1 (3 49 ) 1 2 (1 42 2 38 3 33 ) 2 1 (3 44 ) 2 2 (1 51 2 34 3 47 ) 5 2 1 (1 69 2 80 3 64 ) 2 2 (2 66 3 89 ) 3 2 1 (1 61 2 56 3 57 ) 7 1 1 (1 23 2 19 3 16 ) 1 2 (1 27 2 25 3 19 ) 2 2 (1 27 ) 
10 14 3 2 1 (1 39 2 42 3 29 ) 3 1 1 (1 97 ) 2 2 (1 90 3 89 ) 6 1 1 (1 10 ) 2 1 (2 10 3 8 ) 2 2 (1 10 2 11 3 7 ) 2 1 2 (2 8 3 9 ) 5 1 1 (1 34 2 30 3 32 ) 1 2 (1 39 2 34 ) 4 1 1 (1 6 2 6 3 7 ) 1 2 (2 7 ) 2 1 1 (2 26 ) 1 2 (2 29 ) 4 1 1 (1 70 2 53 3 53 ) 1 2 (1 61 ) 4 1 2 (1 107 2 90 3 91 ) 2 2 (3 70 ) 3 1 2 (3 55 ) 2 1 (3 83 ) 2 2 (3 76 ) 
10 19 4 2 1 (1 34 2 23 ) 2 2 (1 27 2 21 ) 4 1 2 (1 58 2 62 3 52 ) 2 1 (3 69 ) 8 1 1 (2 17 3 17 ) 1 2 (1 15 2 14 3 12 ) 2 1 (3 16 ) 2 2 (1 15 3 15 ) 9 1 1 (1 35 2 53 3 36 ) 1 2 (1 46 2 46 3 54 ) 2 1 (1 39 2 41 3 45 ) 6 1 1 (2 47 3 50 ) 1 2 (1 37 2 32 ) 2 1 (2 53 3 52 ) 12 1 1 (1 54 2 74 3 55 ) 1 2 (1 50 2 39 3 62 ) 2 1 (1 34 2 41 3 66 ) 2 2 (1 50 2 52 3 53 ) 2 1 1 (1 55 3 57 ) 2 2 1 (1 27 3 31 ) 4 2 1 (1 49 3 61 ) 2 2 (2 50 3 53 ) 10 1 1 (1 113 2 98 ) 1 2 (2 77 3 105 ) 2 1 (1 90 2 127 3 82 ) 2 2 (1 84 2 89 3 91 ) 
10 18 3 1 1 (1 9 3 10 ) 2 2 (1 8 ) 4 1 1 (1 18 2 20 3 23 ) 1 2 (3 19 ) 6 1 1 (1 30 3 46 ) 1 2 (1 34 ) 2 1 (1 22 2 35 ) 2 2 (1 35 ) 8 1 1 (1 46 ) 1 2 (1 48 2 37 3 43 ) 2 1 (3 59 ) 2 2 (1 63 2 55 3 59 ) 2 1 1 (2 49 ) 1 2 (1 40 ) 5 1 1 (1 75 ) 1 2 (1 68 3 59 ) 2 1 (1 67 3 65 ) 5 2 1 (1 71 2 95 ) 2 2 (1 106 2 94 3 102 ) 5 1 1 (2 40 3 35 ) 1 2 (1 51 2 44 3 43 ) 3 1 1 (3 43 ) 1 2 (1 37 2 35 ) 4 1 2 (2 12 3 13 ) 2 2 (1 13 3 13 ) 
10 17 4 2 1 (1 33 2 29 3 26 ) 2 2 (3 27 ) 1 2 1 (2 34 ) 3 1 2 (3 65 ) 2 2 (1 87 3 79 ) 5 1 2 (1 23 ) 2 1 (1 19 2 30 3 29 ) 2 2 (3 17 ) 4 1 1 (1 38 3 26 ) 2 2 (2 35 3 36 ) 7 1 1 (1 8 2 10 3 7 ) 1 2 (1 8 2 9 3 8 ) 2 2 (2 6 ) 8 1 1 (1 66 2 72 3 70 ) 1 2 (2 52 3 64 ) 2 2 (1 61 2 63 3 68 ) 2 1 1 (1 64 3 97 ) 6 1 1 (1 44 2 44 ) 1 2 (1 36 2 38 ) 2 1 (1 34 2 36 ) 6 1 1 (1 34 2 29 3 30 ) 2 2 (1 32 2 34 3 30 ) 
10 20 7 1 1 (2 117 3 77 ) 1 2 (1 101 3 78 ) 2 2 (1 84 2 102 3 104 ) 6 1 2 (1 80 2 91 3 77 ) 2 1 (1 84 2 113 3 79 ) 5 1 2 (1 88 3 55 ) 2 2 (1 82 2 65 3 83 ) 5 1 1 (3 67 ) 1 2 (1 96 2 56 3 88 ) 2 1 (2 92 ) 2 2 1 (1 72 2 73 ) 3 2 1 (1 23 ) 2 2 (1 27 2 31 ) 7 1 1 (1 62 2 83 3 52 ) 1 2 (1 79 3 68 ) 2 1 (1 84 ) 2 2 (2 68 ) 3 2 1 (1 77 2 69 3 67 ) 7 1 1 (1 34 ) 2 1 (1 42 2 53 3 38 ) 2 2 (1 42 2 51 3 53 ) 9 1 1 (1 93 2 95 3 110 ) 1 2 (1 100 2 107 3 79 ) 2 1 (1 86 2 110 3 90 ) 
10 18 6 2 1 (1 40 2 31 3 28 ) 2 2 (1 30 2 33 3 33 ) 7 1 1 (1 25 3 31 ) 1 2 (1 28 2 29 3 24 ) 2 1 (2 28 ) 2 2 (1 25 ) 7 1 1 (1 22 3 22 ) 1 2 (2 16 3 21 ) 2 1 (2 19 ) 2 2 (1 20 3 23 ) 9 1 1 (1 20 2 15 3 16 ) 2 1 (1 16 2 16 3 16 ) 2 2 (1 20 2 21 3 17 ) 4 2 1 (1 29 2 25 ) 2 2 (1 25 3 20 ) 4 2 1 (1 90 3 80 ) 2 2 (1 100 2 82 ) 4 1 1 (1 85 3 78 ) 1 2 (1 68 2 61 ) 9 1 1 (1 79 2 73 3 98 ) 1 2 (1 61 2 87 3 76 ) 2 1 (1 107 ) 2 2 (1 80 3 85 ) 6 1 2 (2 32 3 33 ) 2 1 (2 26 ) 2 2 (1 25 2 20 3 25 ) 1 2 2 (3 17 ) 
10 17 4 2 1 (1 24 ) 2 2 (1 24 2 29 3 25 ) 4 2 1 (1 112 2 86 ) 2 2 (1 94 3 100 ) 7 1 1 (1 48 3 61 ) 1 2 (1 64 2 50 ) 2 1 (1 49 2 45 3 51 ) 4 1 1 (3 44 ) 1 2 (1 33 2 41 3 65 ) 6 1 2 (2 67 3 73 ) 2 1 (1 78 3 74 ) 2 2 (1 62 3 76 ) 1 2 1 (3 96 ) 7 1 2 (1 22 2 25 3 23 ) 2 1 (1 24 2 29 3 25 ) 2 2 (2 27 ) 5 1 1 (1 61 2 74 ) 1 2 (1 75 2 65 3 78 ) 2 1 1 (2 113 ) 2 1 (1 96 ) 3 1 2 (1 79 2 69 3 81 ) 
10 18 9 1 1 (1 28 2 25 ) 1 2 (1 30 2 26 ) 2 1 (1 30 2 21 3 28 ) 2 2 (1 26 2 26 ) 1 1 2 (3 51 ) 3 1 1 (1 25 2 29 ) 2 1 (1 27 ) 3 1 1 (2 64 3 69 ) 1 2 (2 66 ) 4 1 1 (3 100 ) 1 2 (1 100 ) 2 1 (3 107 ) 2 2 (2 79 ) 3 1 1 (3 55 ) 1 2 (1 68 2 82 ) 7 1 1 (3 55 ) 1 2 (1 42 2 39 3 41 ) 2 1 (1 52 ) 2 2 (1 40 3 41 ) 5 2 1 (1 43 3 36 ) 2 2 (1 45 2 41 3 42 ) 11 1 1 (1 51 3 38 ) 1 2 (1 47 2 51 3 53 ) 2 1 (1 36 2 39 3 32 ) 2 2 (1 46 2 43 3 43 ) 6 1 1 (1 19 2 20 3 18 ) 2 1 (1 18 2 14 3 19 ) 
10 16 4 1 1 (3 12 ) 1 2 (3 9 ) 2 1 (1 12 ) 2 2 (3 17 ) 6 1 1 (2 56 3 54 ) 1 2 (2 56 3 59 ) 2 1 (2 42 3 39 ) 3 1 2 (1 89 2 78 3 73 ) 5 1 1 (1 45 3 59 ) 1 2 (1 37 2 44 ) 2 2 (2 43 ) 2 1 2 (2 62 3 89 ) 7 1 2 (1 22 3 14 ) 2 1 (1 19 3 15 ) 2 2 (1 21 2 20 3 18 ) 7 1 2 (3 20 ) 2 1 (1 28 2 29 3 25 ) 2 2 (1 25 2 30 3 23 ) 2 1 2 (2 60 ) 2 1 (2 71 ) 3 1 1 (1 100 2 73 3 99 ) 3 1 2 (1 117 2 96 ) 2 1 (3 107 ) 
10 14 2 2 1 (2 73 3 65 ) 7 1 1 (2 43 ) 1 2 (2 50 ) 2 1 (1 66 2 47 3 38 ) 2 2 (1 66 3 50 ) 5 1 1 (1 31 ) 1 2 (2 22 ) 2 1 (1 42 2 44 3 42 ) 7 1 1 (1 15 2 19 ) 1 2 (2 13 3 14 ) 2 2 (1 13 2 18 3 14 ) 6 1 1 (1 48 2 66 3 61 ) 2 1 (1 48 2 43 3 49 ) 10 1 1 (1 66 2 111 3 74 ) 1 2 (1 85 ) 2 1 (1 86 2 113 3 73 ) 2 2 (1 94 2 69 3 60 ) 6 1 1 (1 44 2 43 3 36 ) 1 2 (2 38 3 43 ) 2 2 (2 48 ) 3 1 1 (1 95 2 67 3 100 ) 7 1 1 (1 18 3 18 ) 1 2 (1 18 2 16 3 18 ) 2 1 (2 19 ) 2 2 (2 18 ) 6 1 1 (3 59 ) 1 2 (1 81 2 87 3 59 ) 2 2 (1 67 3 89 ) 