15 2 2 3
14 0 2 0 40 0 11 0 2 0 45 0 10 0 3 0 41 0 11 0 3 0 44 0 15 0 2 0 50 0 11 0 1 0 40 0
14 0 2 0 40 0 11 0 2 0 45 0 10 0 3 0 41 0 11 0 3 0 44 0 15 0 2 0 50 0 11 0 1 0 40 0
10 14 5 1 1 (1 8 ) 1 2 (3 8 ) 2 1 (1 8 2 9 3 7 ) 3 1 1 (1 74 2 74 3 73 ) 8 1 1 (1 74 2 64 3 68 ) 1 2 (1 72 2 60 3 60 ) 2 1 (1 60 2 70 ) 7 1 1 (1 82 3 70 ) 1 2 (1 83 2 99 3 79 ) 2 1 (1 81 ) 2 2 (2 88 ) 4 2 1 (1 31 3 24 ) 2 2 (1 32 3 23 ) 2 1 1 (1 37 ) 1 2 (2 57 ) 8 1 2 (1 34 2 31 3 44 ) 2 1 (1 41 3 33 ) 2 2 (1 33 2 41 3 36 ) 3 1 1 (2 95 3 84 ) 2 1 (2 99 ) 4 1 1 (2 33 ) 1 2 (2 22 ) 2 1 (2 25 ) 2 2 (1 30 ) 2 2 1 (1 17 3 17 ) 
10 20 4 1 1 (2 19 3 20 ) 1 2 (3 21 ) 2 1 (1 23 ) 4 1 1 (1 74 3 47 ) 2 2 (2 57 3 70 ) 5 1 2 (1 44 2 52 3 39 ) 2 2 (1 41 2 40 ) 3 2 2 (1 25 2 23 3 23 ) 2 1 2 (1 85 2 94 ) 4 1 1 (2 35 3 38 ) 2 1 (2 33 3 40 ) 9 1 1 (1 16 ) 1 2 (1 12 2 14 3 10 ) 2 1 (1 14 2 13 3 11 ) 2 2 (2 12 3 14 ) 10 1 1 (1 24 2 28 3 24 ) 1 2 (2 25 ) 2 1 (1 33 2 31 3 21 ) 2 2 (1 28 2 30 3 24 ) 4 1 2 (2 79 3 45 ) 2 1 (1 79 3 83 ) 1 1 2 (3 9 ) 
10 16 3 1 1 (1 56 2 50 3 48 ) 3 2 1 (1 94 2 92 3 93 ) 5 1 1 (1 74 2 60 ) 1 2 (1 107 2 79 3 86 ) 4 1 2 (2 7 ) 2 1 (1 8 2 9 3 7 ) 1 1 1 (3 52 ) 4 1 1 (1 53 ) 1 2 (1 62 2 74 3 65 ) 6 1 2 (1 62 2 54 3 66 ) 2 1 (1 41 ) 2 2 (1 56 2 44 ) 4 1 2 (2 72 3 63 ) 2 2 (1 74 2 59 ) 5 1 1 (2 45 3 42 ) 2 1 (1 40 2 41 3 38 ) 1 2 1 (3 54 ) 
10 14 1 2 2 (1 60 ) 3 2 2 (1 48 2 50 3 35 ) 3 1 2 (1 94 2 90 3 93 ) 7 1 1 (2 59 3 56 ) 1 2 (2 58 3 53 ) 2 1 (1 64 2 54 3 74 ) 6 1 1 (3 78 ) 1 2 (1 77 2 71 ) 2 1 (1 74 3 79 ) 2 2 (2 63 ) 8 1 1 (2 93 3 109 ) 1 2 (1 90 2 91 3 101 ) 2 2 (1 100 2 82 3 93 ) 3 2 1 (1 15 2 12 3 14 ) 8 1 1 (1 96 ) 1 2 (1 85 2 93 3 97 ) 2 1 (1 98 2 100 3 94 ) 2 2 (1 105 ) 4 2 1 (1 12 ) 2 2 (1 12 2 14 3 12 ) 1 2 1 (1 87 ) 
10 19 4 2 1 (2 85 3 88 ) 2 2 (1 103 3 90 ) 4 1 2 (1 29 2 26 3 31 ) 2 2 (1 29 ) 2 1 1 (2 41 ) 1 2 (2 44 ) 5 2 1 (1 6 2 7 3 6 ) 2 2 (1 7 2 7 ) 2 1 1 (3 57 ) 1 2 (2 88 ) 5 1 1 (1 70 2 61 3 79 ) 1 2 (2 87 ) 2 2 (1 74 ) 6 1 1 (1 14 2 14 3 10 ) 1 2 (1 14 2 12 3 11 ) 4 1 1 (2 42 3 43 ) 1 2 (2 40 ) 2 2 (1 36 ) 8 1 1 (3 57 ) 1 2 (1 66 2 79 3 59 ) 2 1 (1 65 ) 2 2 (1 69 2 85 3 72 ) 5 1 1 (3 33 ) 2 1 (2 29 3 21 ) 2 2 (1 31 3 29 ) 
10 16 4 2 1 (1 69 3 58 ) 2 2 (1 67 3 67 ) 6 1 1 (1 50 2 50 ) 1 2 (1 50 ) 2 1 (3 40 ) 2 2 (1 52 2 36 ) 5 1 2 (1 69 2 64 3 50 ) 2 2 (1 63 2 46 ) 10 1 1 (1 71 2 102 ) 1 2 (1 64 2 68 3 65 ) 2 1 (1 69 2 84 3 54 ) 2 2 (1 72 3 83 ) 5 1 2 (1 66 3 59 ) 2 1 (1 84 2 58 ) 2 2 (1 67 ) 5 1 1 (1 68 2 66 ) 1 2 (2 69 ) 2 2 (1 63 3 73 ) 5 1 1 (2 91 3 97 ) 1 2 (1 118 2 81 3 91 ) 4 1 2 (1 31 2 47 3 42 ) 2 2 (3 42 ) 3 1 1 (1 29 2 34 ) 2 1 (2 28 ) 5 1 2 (2 9 3 10 ) 2 1 (1 10 2 8 3 8 ) 
10 18 2 1 2 (1 82 ) 2 2 (1 82 ) 6 1 2 (1 111 2 79 3 100 ) 2 1 (1 93 2 98 3 104 ) 3 1 1 (2 51 ) 2 1 (1 75 3 45 ) 5 1 1 (1 84 2 62 3 108 ) 1 2 (1 79 3 108 ) 3 2 1 (3 74 ) 2 2 (1 102 3 80 ) 4 1 1 (1 8 ) 2 1 (1 9 2 7 3 8 ) 2 2 1 (1 56 ) 2 2 (3 45 ) 2 2 2 (1 89 3 60 ) 6 1 2 (1 39 2 36 ) 2 1 (1 40 2 34 ) 2 2 (1 40 3 37 ) 6 1 1 (3 11 ) 1 2 (1 22 2 21 ) 2 1 (1 18 2 16 3 15 ) 
10 20 2 1 1 (1 66 3 55 ) 8 1 1 (1 93 2 67 ) 1 2 (2 110 ) 2 1 (1 115 2 83 3 106 ) 2 2 (1 105 2 82 ) 6 1 2 (1 91 2 113 3 93 ) 2 1 (1 84 3 87 ) 2 2 (1 91 ) 3 2 1 (1 20 2 33 3 24 ) 2 2 1 (2 97 ) 2 2 (3 95 ) 5 1 1 (3 37 ) 1 2 (2 35 ) 2 2 (1 30 2 38 3 46 ) 8 1 1 (2 92 ) 1 2 (1 76 3 84 ) 2 1 (2 84 3 66 ) 2 2 (1 52 2 59 3 57 ) 3 1 2 (1 8 2 8 3 9 ) 3 2 1 (2 72 ) 2 2 (2 65 3 82 ) 3 2 1 (3 43 ) 2 2 (2 51 3 60 ) 
10 17 1 2 1 (2 36 ) 6 1 1 (3 39 ) 2 1 (1 36 3 38 ) 2 2 (1 42 2 42 3 36 ) 7 1 1 (1 93 2 74 3 58 ) 2 1 (1 78 2 66 3 72 ) 2 2 (3 59 ) 1 1 1 (1 23 ) 3 1 2 (2 51 ) 2 1 (1 38 ) 2 2 (2 51 ) 4 2 1 (1 56 3 50 ) 2 2 (1 55 2 58 ) 3 1 1 (2 79 ) 2 1 (1 53 2 71 ) 5 1 1 (1 20 2 16 3 20 ) 2 1 (1 19 2 19 ) 4 1 2 (1 26 2 34 3 32 ) 2 2 (3 40 ) 5 1 1 (1 72 2 50 3 77 ) 2 1 (3 70 ) 2 2 (3 82 ) 
10 18 1 1 1 (2 65 ) 3 1 2 (1 4 2 6 3 5 ) 4 1 1 (3 49 ) 1 2 (3 48 ) 2 2 (1 41 3 45 ) 4 1 2 (1 52 2 65 3 44 ) 2 1 (1 31 ) 2 1 2 (2 91 ) 2 1 (1 82 ) 3 2 1 (1 21 ) 2 2 (2 23 3 19 ) 4 1 1 (2 50 ) 2 1 (1 69 2 66 3 72 ) 6 1 2 (2 18 3 24 ) 2 1 (1 24 2 27 3 24 ) 2 2 (1 21 ) 4 1 1 (2 53 ) 1 2 (3 58 ) 2 1 (1 50 2 62 ) 5 1 2 (1 39 3 72 ) 2 1 (1 52 ) 2 2 (2 55 3 68 ) 
10 15 4 2 1 (2 111 ) 2 2 (1 102 2 112 3 102 ) 4 1 1 (3 81 ) 1 2 (2 89 ) 2 1 (2 82 ) 2 2 (3 124 ) 4 1 2 (1 38 ) 2 1 (1 30 2 25 3 35 ) 4 2 1 (1 19 3 20 ) 2 2 (1 23 3 22 ) 8 1 1 (1 14 2 19 3 19 ) 1 2 (1 19 2 17 3 16 ) 2 2 (1 12 3 18 ) 6 1 1 (1 41 2 44 3 39 ) 1 2 (1 45 3 34 ) 2 2 (1 36 ) 1 2 1 (3 28 ) 2 2 1 (2 40 3 34 ) 2 2 1 (1 48 2 51 ) 3 2 1 (3 9 ) 2 2 (2 7 3 9 ) 
10 16 3 1 1 (1 53 ) 1 2 (2 62 3 67 ) 1 2 1 (1 58 ) 10 1 1 (1 79 2 60 3 81 ) 1 2 (2 82 ) 2 1 (1 83 2 67 3 74 ) 2 2 (1 67 2 67 3 85 ) 3 1 1 (3 10 ) 1 2 (1 10 3 9 ) 2 2 1 (2 73 3 58 ) 4 1 1 (1 14 3 16 ) 1 2 (2 17 ) 2 2 (1 19 ) 5 1 1 (3 70 ) 1 2 (1 96 3 61 ) 2 2 (2 80 3 92 ) 5 1 2 (2 14 3 20 ) 2 1 (1 16 2 16 3 21 ) 6 1 2 (2 77 3 88 ) 2 1 (2 88 3 88 ) 2 2 (1 95 2 97 ) 2 2 2 (2 20 3 17 ) 
10 19 3 1 1 (1 90 2 77 3 84 ) 5 1 2 (1 57 ) 2 1 (1 67 ) 2 2 (1 57 2 45 3 58 ) 2 1 2 (1 48 3 53 ) 3 1 2 (2 77 3 87 ) 2 1 (2 99 ) 3 1 2 (1 44 3 37 ) 2 2 (3 48 ) 3 2 2 (1 80 2 74 3 67 ) 8 1 1 (1 93 2 85 3 44 ) 1 2 (1 39 3 73 ) 2 1 (1 75 ) 2 2 (1 87 3 68 ) 3 1 2 (2 75 3 78 ) 2 2 (2 75 ) 1 2 1 (1 96 ) 1 2 2 (1 48 ) 
10 15 5 2 1 (1 10 2 11 3 11 ) 2 2 (2 11 3 9 ) 4 1 1 (2 92 3 90 ) 2 2 (2 94 3 102 ) 5 1 1 (1 28 2 29 ) 1 2 (1 21 2 21 3 22 ) 8 1 1 (1 44 2 54 3 53 ) 1 2 (2 56 3 32 ) 2 1 (1 50 2 46 ) 2 2 (1 47 ) 1 2 2 (2 43 ) 4 1 2 (1 63 ) 2 1 (1 68 2 85 3 75 ) 9 1 1 (1 7 2 7 ) 1 2 (1 6 2 6 3 6 ) 2 1 (1 6 3 5 ) 2 2 (1 6 2 6 ) 5 1 1 (1 25 2 19 3 24 ) 1 2 (1 24 2 24 ) 7 1 1 (3 73 ) 1 2 (2 104 ) 2 1 (2 118 3 99 ) 2 2 (1 92 2 85 3 87 ) 4 1 1 (3 33 ) 2 1 (1 38 2 35 3 33 ) 
10 16 6 1 1 (1 17 2 22 3 28 ) 1 2 (1 22 2 21 3 22 ) 6 1 1 (1 27 3 25 ) 2 1 (1 28 2 29 3 25 ) 2 2 (2 31 ) 7 1 2 (1 52 3 43 ) 2 1 (1 52 2 52 ) 2 2 (1 54 2 37 3 47 ) 9 1 1 (1 58 2 52 3 45 ) 1 2 (1 47 2 51 3 50 ) 2 1 (3 55 ) 2 2 (1 64 2 44 ) 4 1 2 (2 52 3 52 ) 2 1 (1 37 3 57 ) 7 1 1 (1 69 2 94 3 72 ) 1 2 (1 76 2 74 3 80 ) 2 2 (2 62 ) 4 1 1 (1 60 ) 2 2 (1 87 2 71 3 85 ) 4 1 1 (1 8 2 9 3 7 ) 1 2 (2 8 ) 2 1 1 (2 24 ) 1 2 (1 31 ) 2 1 2 (2 40 3 43 ) 