15 2 2 3
13 0 3 0 45 0 12 0 3 0 42 0 12 0 3 0 48 0 13 0 2 0 41 0 12 0 1 0 49 0 13 0 1 0 49 0
13 0 3 0 45 0 12 0 3 0 42 0 12 0 3 0 48 0 13 0 2 0 41 0 12 0 1 0 49 0 13 0 1 0 49 0
10 14 3 1 2 (1 63 2 41 3 51 ) 3 1 2 (2 74 ) 2 1 (2 102 3 78 ) 5 1 2 (2 128 ) 2 1 (2 91 3 91 ) 2 2 (2 94 3 67 ) 7 1 2 (1 115 2 111 3 91 ) 2 1 (1 84 ) 2 2 (1 74 2 115 3 87 ) 3 1 2 (2 21 ) 2 1 (3 20 ) 2 2 (3 23 ) 3 2 1 (1 91 2 86 3 102 ) 7 1 1 (2 7 ) 1 2 (1 5 3 7 ) 2 1 (1 7 3 7 ) 2 2 (1 7 2 4 ) 5 1 1 (1 16 3 13 ) 1 2 (1 13 2 11 3 12 ) 1 1 2 (3 9 ) 4 2 1 (1 19 2 22 ) 2 2 (1 16 3 19 ) 
10 17 6 1 2 (2 12 3 13 ) 2 1 (1 11 2 11 3 13 ) 2 2 (3 13 ) 8 1 2 (1 16 2 22 3 23 ) 2 1 (1 22 2 14 3 18 ) 2 2 (2 16 3 28 ) 2 1 2 (1 8 2 5 ) 1 2 1 (3 16 ) 1 1 1 (3 62 ) 8 1 1 (1 66 3 88 ) 1 2 (1 97 ) 2 1 (1 83 2 65 3 67 ) 2 2 (2 91 3 70 ) 2 1 1 (1 87 2 84 ) 3 1 1 (1 13 2 15 3 12 ) 4 2 1 (1 95 2 99 3 68 ) 2 2 (3 106 ) 5 2 1 (1 7 2 5 3 6 ) 2 2 (2 5 3 7 ) 
10 14 6 2 1 (1 64 2 66 3 78 ) 2 2 (1 60 2 74 3 68 ) 3 1 1 (1 21 ) 1 2 (2 17 3 23 ) 3 1 1 (2 27 3 32 ) 1 2 (3 29 ) 1 1 1 (3 10 ) 3 1 2 (1 78 2 76 3 90 ) 9 1 1 (1 62 2 102 3 68 ) 1 2 (1 108 2 63 3 95 ) 2 1 (1 65 2 88 3 65 ) 9 1 1 (1 49 2 61 ) 1 2 (1 67 2 72 ) 2 1 (2 60 3 58 ) 2 2 (1 60 2 46 3 53 ) 2 2 1 (1 7 3 6 ) 6 1 1 (2 43 ) 1 2 (2 53 ) 2 1 (1 53 2 50 3 43 ) 2 2 (2 46 ) 4 1 2 (1 80 2 71 3 75 ) 2 2 (3 80 ) 
10 15 2 2 1 (3 26 ) 2 2 (1 26 ) 3 1 1 (2 81 3 89 ) 1 2 (2 77 ) 2 2 2 (2 68 3 77 ) 8 1 1 (3 63 ) 1 2 (1 77 2 76 3 75 ) 2 1 (3 66 ) 2 2 (1 77 2 54 3 48 ) 3 1 1 (3 51 ) 2 1 (2 67 3 63 ) 3 2 1 (3 66 ) 2 2 (1 57 2 82 ) 8 1 2 (1 8 2 9 3 9 ) 2 1 (1 7 2 10 3 9 ) 2 2 (2 10 3 7 ) 3 2 1 (1 82 2 94 ) 2 2 (1 123 ) 4 1 2 (1 63 3 44 ) 2 2 (1 56 3 57 ) 10 1 1 (1 105 2 84 3 93 ) 1 2 (1 117 2 99 ) 2 1 (2 96 3 88 ) 2 2 (1 86 2 88 3 96 ) 
10 18 5 1 1 (1 97 3 104 ) 1 2 (1 101 2 85 3 98 ) 3 2 2 (1 17 2 13 3 14 ) 2 1 1 (3 47 ) 1 2 (3 49 ) 3 2 1 (1 74 2 75 3 62 ) 8 1 1 (1 43 3 71 ) 1 2 (2 47 ) 2 1 (2 48 3 56 ) 2 2 (1 46 2 44 3 54 ) 11 1 1 (1 79 2 58 3 47 ) 1 2 (1 49 2 61 3 65 ) 2 1 (1 69 2 55 3 36 ) 2 2 (1 55 2 60 ) 4 1 1 (2 45 3 52 ) 2 2 (1 65 3 70 ) 2 2 1 (3 10 ) 2 2 (3 9 ) 6 1 1 (2 97 ) 1 2 (1 67 ) 2 1 (3 86 ) 2 2 (1 87 2 62 3 95 ) 2 2 1 (1 5 3 5 ) 
10 18 1 2 2 (1 68 ) 1 1 1 (3 54 ) 7 1 1 (1 35 ) 1 2 (1 47 3 33 ) 2 1 (3 37 ) 2 2 (1 31 2 41 3 48 ) 4 1 1 (3 48 ) 1 2 (1 43 2 43 3 48 ) 3 1 1 (2 116 3 93 ) 2 2 (2 85 ) 4 1 1 (1 63 2 56 ) 1 2 (1 69 3 80 ) 8 1 1 (1 62 2 60 3 45 ) 1 2 (3 36 ) 2 1 (1 48 2 54 3 48 ) 2 2 (3 46 ) 4 1 1 (1 77 2 95 3 95 ) 1 2 (3 79 ) 5 1 1 (1 26 3 21 ) 1 2 (1 20 2 28 3 25 ) 5 1 2 (1 80 ) 2 1 (1 59 2 62 3 58 ) 2 2 (1 60 ) 
10 17 5 1 2 (1 121 3 85 ) 2 2 (1 86 2 83 3 88 ) 2 2 2 (1 34 3 33 ) 3 1 1 (1 72 2 65 3 62 ) 3 1 2 (1 56 3 57 ) 2 1 (1 62 ) 3 1 1 (3 53 ) 1 2 (2 54 3 52 ) 6 1 1 (2 20 ) 1 2 (1 26 2 33 ) 2 1 (1 32 2 32 3 26 ) 4 1 1 (1 16 3 21 ) 2 2 (2 20 3 22 ) 4 1 1 (2 21 ) 1 2 (1 27 2 20 3 30 ) 6 2 1 (1 16 2 14 3 22 ) 2 2 (1 16 2 19 3 18 ) 2 2 1 (1 6 ) 2 2 (2 5 ) 
10 20 2 1 2 (3 80 ) 2 1 (1 56 ) 5 1 1 (1 8 2 6 3 7 ) 2 1 (1 7 2 9 ) 8 1 1 (1 103 2 105 3 78 ) 1 2 (3 86 ) 2 1 (1 78 2 77 3 89 ) 2 2 (1 90 ) 2 2 2 (2 73 3 81 ) 4 1 1 (1 53 2 69 ) 1 2 (2 73 ) 2 2 (1 86 ) 7 1 1 (1 26 2 28 3 26 ) 1 2 (1 31 3 22 ) 2 1 (3 21 ) 2 2 (3 32 ) 3 1 1 (1 91 ) 1 2 (3 96 ) 2 1 (2 99 ) 9 1 1 (1 72 3 67 ) 1 2 (1 80 ) 2 1 (1 71 2 81 3 72 ) 2 2 (1 59 2 84 3 63 ) 9 1 1 (1 35 2 32 3 27 ) 1 2 (1 28 2 27 3 36 ) 2 2 (1 23 2 24 3 23 ) 2 2 1 (2 89 ) 2 2 (1 100 ) 
10 18 3 1 2 (1 37 2 34 3 28 ) 4 1 2 (1 38 2 36 ) 2 1 (2 32 3 32 ) 3 1 2 (2 25 ) 2 2 (2 28 3 27 ) 4 1 1 (1 41 2 43 3 53 ) 1 2 (1 41 ) 3 2 2 (1 79 2 92 3 85 ) 3 1 2 (1 9 ) 2 1 (2 10 3 8 ) 9 1 1 (1 44 2 64 ) 1 2 (1 51 2 51 3 59 ) 2 1 (1 74 ) 2 2 (1 50 2 45 3 57 ) 2 2 1 (1 76 2 62 ) 1 2 2 (3 52 ) 3 1 1 (1 123 2 89 ) 2 2 (1 89 ) 
10 17 5 2 1 (1 31 3 41 ) 2 2 (1 37 2 41 3 31 ) 3 2 1 (3 16 ) 2 2 (1 18 2 16 ) 2 2 1 (2 82 ) 2 2 (2 97 ) 9 1 1 (1 52 2 58 3 39 ) 1 2 (2 49 3 45 ) 2 1 (3 62 ) 2 2 (1 48 2 58 3 37 ) 7 1 2 (1 59 2 45 3 55 ) 2 1 (2 51 3 39 ) 2 2 (1 49 2 57 ) 3 2 1 (3 13 ) 2 2 (1 15 2 16 ) 6 2 1 (1 59 2 54 3 53 ) 2 2 (1 50 2 51 3 41 ) 8 1 1 (3 15 ) 1 2 (1 24 2 27 ) 2 1 (2 28 3 19 ) 2 2 (1 23 2 18 3 20 ) 3 1 1 (1 27 2 23 3 26 ) 7 1 1 (1 89 2 90 3 74 ) 1 2 (1 79 2 78 ) 2 1 (1 69 2 74 ) 
10 16 3 2 1 (1 77 ) 2 2 (1 85 2 76 ) 3 1 1 (1 58 2 51 3 45 ) 5 1 1 (1 93 3 71 ) 1 2 (1 108 ) 2 2 (2 99 3 88 ) 6 1 1 (1 72 2 71 3 69 ) 2 2 (1 73 2 74 3 67 ) 7 1 1 (1 4 3 4 ) 1 2 (1 3 2 5 3 4 ) 2 1 (3 7 ) 2 2 (3 6 ) 2 2 1 (1 61 3 58 ) 7 1 1 (3 41 ) 2 1 (1 48 2 46 3 41 ) 2 2 (1 45 2 27 3 42 ) 3 2 1 (1 36 2 38 3 39 ) 3 1 2 (1 100 2 80 3 112 ) 4 1 1 (3 54 ) 1 2 (1 63 ) 2 1 (3 67 ) 2 2 (1 52 ) 
10 17 2 1 1 (2 45 3 40 ) 2 1 1 (1 20 2 18 ) 7 1 1 (1 75 3 92 ) 1 2 (1 119 3 97 ) 2 1 (1 83 2 81 3 89 ) 3 1 2 (1 21 ) 2 1 (2 18 3 28 ) 3 1 1 (2 55 ) 1 2 (1 47 2 49 ) 7 1 1 (1 33 2 39 3 38 ) 1 2 (2 34 3 35 ) 2 2 (1 50 2 27 ) 6 1 1 (1 23 2 15 3 19 ) 1 2 (1 17 2 17 3 15 ) 3 2 1 (2 73 3 43 ) 2 2 (1 58 ) 2 2 1 (2 39 ) 2 2 (1 28 ) 2 2 1 (1 44 2 52 ) 
10 20 2 1 1 (1 25 2 25 ) 8 1 1 (1 25 2 18 3 28 ) 1 2 (1 21 2 28 3 26 ) 2 1 (2 29 3 30 ) 5 1 2 (1 93 3 74 ) 2 1 (1 65 2 82 3 59 ) 3 1 1 (1 25 3 15 ) 1 2 (2 23 ) 5 1 2 (1 34 2 27 3 34 ) 2 2 (1 27 3 29 ) 3 1 1 (1 69 2 83 ) 2 2 (1 88 ) 1 2 2 (1 31 ) 3 2 1 (1 6 3 3 ) 2 2 (1 5 ) 1 1 1 (1 60 ) 6 1 1 (2 61 ) 2 1 (1 43 3 46 ) 2 2 (1 44 2 45 3 45 ) 
10 20 1 2 1 (2 31 ) 4 1 1 (1 50 2 49 ) 2 1 (1 37 ) 2 2 (2 57 ) 5 1 2 (2 115 3 98 ) 2 1 (1 92 2 87 ) 2 2 (3 67 ) 8 1 1 (1 42 2 32 3 47 ) 1 2 (2 39 3 41 ) 2 1 (1 41 2 36 3 44 ) 7 1 1 (1 81 ) 1 2 (1 74 2 77 3 80 ) 2 2 (1 79 2 60 3 71 ) 2 1 2 (3 26 ) 2 2 (2 37 ) 4 1 1 (1 10 ) 1 2 (1 13 3 11 ) 2 2 (2 11 ) 1 2 2 (2 33 ) 4 1 1 (1 48 ) 2 2 (1 54 2 55 3 50 ) 6 1 1 (1 10 ) 1 2 (3 10 ) 2 1 (1 13 2 12 ) 2 2 (1 9 2 10 ) 
10 14 6 1 1 (1 60 2 68 3 78 ) 2 1 (1 67 3 101 ) 2 2 (1 95 ) 4 1 2 (1 15 2 13 3 17 ) 2 2 (1 18 ) 7 1 1 (1 55 ) 1 2 (2 41 ) 2 1 (1 58 2 49 3 40 ) 2 2 (1 64 3 53 ) 2 1 1 (3 73 ) 1 2 (3 96 ) 5 2 1 (1 43 2 44 3 38 ) 2 2 (2 33 3 23 ) 6 1 1 (1 29 2 24 3 23 ) 1 2 (1 24 2 25 3 21 ) 3 1 1 (1 54 2 52 3 54 ) 8 1 1 (1 32 3 23 ) 1 2 (1 22 2 31 3 22 ) 2 1 (1 30 2 35 3 27 ) 1 1 1 (3 8 ) 5 2 1 (1 48 2 51 3 47 ) 2 2 (2 40 3 52 ) 