15 2 2 3
12 0 1 0 45 0 15 0 1 0 48 0 13 0 1 0 48 0 12 0 3 0 41 0 10 0 2 0 47 0 13 0 2 0 50 0
12 0 1 0 45 0 15 0 1 0 48 0 13 0 1 0 48 0 12 0 3 0 41 0 10 0 2 0 47 0 13 0 2 0 50 0
10 19 3 1 1 (1 8 2 7 3 9 ) 6 1 1 (1 73 2 90 3 87 ) 1 2 (3 76 ) 2 2 (1 77 2 75 ) 7 1 1 (1 65 2 77 3 51 ) 1 2 (3 78 ) 2 2 (1 73 2 59 3 75 ) 6 1 1 (1 63 3 75 ) 1 2 (1 74 ) 2 1 (3 84 ) 2 2 (1 54 2 79 ) 3 1 2 (1 34 2 24 3 33 ) 5 2 1 (1 26 3 47 ) 2 2 (1 45 2 41 3 52 ) 6 2 1 (1 39 2 32 3 35 ) 2 2 (1 42 2 41 3 42 ) 8 1 1 (1 101 2 110 ) 1 2 (1 90 3 101 ) 2 1 (1 100 2 112 ) 2 2 (1 86 2 102 ) 4 1 2 (1 26 2 31 3 24 ) 2 1 (3 26 ) 1 2 1 (1 19 ) 
10 18 7 1 1 (2 21 ) 1 2 (1 22 2 14 3 17 ) 2 1 (1 26 2 20 3 15 ) 4 2 1 (1 74 2 94 3 76 ) 2 2 (2 75 ) 2 2 1 (3 48 ) 2 2 (3 35 ) 5 2 1 (1 26 2 23 3 26 ) 2 2 (1 17 2 27 ) 7 1 1 (2 76 3 79 ) 1 2 (1 109 2 78 ) 2 1 (1 88 3 99 ) 2 2 (1 63 ) 3 2 2 (1 37 2 44 3 47 ) 4 1 2 (1 10 ) 2 1 (1 14 2 12 3 11 ) 6 1 1 (2 28 ) 1 2 (3 25 ) 2 1 (1 29 2 16 3 34 ) 2 2 (2 23 ) 3 1 2 (3 67 ) 2 2 (1 66 3 57 ) 1 1 2 (1 9 ) 
10 18 4 2 1 (1 34 ) 2 2 (1 53 2 47 3 44 ) 8 1 1 (1 95 2 88 3 98 ) 1 2 (1 99 2 112 ) 2 2 (1 104 2 98 3 83 ) 9 1 1 (1 70 2 82 ) 1 2 (1 68 2 76 3 75 ) 2 1 (2 76 ) 2 2 (1 97 2 105 3 68 ) 10 1 1 (1 7 2 6 3 6 ) 1 2 (1 8 3 9 ) 2 1 (1 9 2 8 ) 2 2 (1 6 2 8 3 6 ) 3 1 1 (1 40 3 51 ) 1 2 (3 56 ) 4 2 1 (1 56 2 40 3 58 ) 2 2 (3 63 ) 3 1 1 (1 38 3 61 ) 2 2 (2 64 ) 2 1 2 (1 72 2 68 ) 3 1 2 (1 56 2 48 ) 2 2 (2 54 ) 7 1 1 (1 41 2 51 3 55 ) 1 2 (1 58 ) 2 1 (1 52 2 37 ) 2 2 (2 40 ) 
10 19 3 2 1 (2 68 ) 2 2 (2 59 3 76 ) 4 2 1 (2 39 ) 2 2 (1 46 2 28 3 48 ) 1 2 2 (1 119 ) 6 1 1 (1 58 2 60 3 69 ) 2 2 (1 50 2 53 3 62 ) 3 1 1 (1 55 2 82 3 61 ) 2 1 2 (1 78 3 119 ) 6 1 1 (1 10 2 12 3 11 ) 1 2 (1 14 2 9 3 14 ) 7 1 1 (1 118 ) 1 2 (1 108 2 90 3 128 ) 2 2 (1 103 2 81 3 103 ) 8 1 1 (3 11 ) 1 2 (1 11 2 12 3 10 ) 2 1 (2 9 3 8 ) 2 2 (1 11 3 10 ) 4 2 1 (1 60 ) 2 2 (1 74 2 74 3 76 ) 
10 19 4 2 1 (1 97 3 89 ) 2 2 (2 91 3 96 ) 5 1 1 (3 26 ) 1 2 (1 34 2 32 3 39 ) 2 1 (1 33 ) 9 1 1 (1 25 2 33 3 40 ) 2 1 (1 45 2 32 3 35 ) 2 2 (1 43 2 43 3 47 ) 3 1 1 (1 7 2 6 ) 2 2 (3 8 ) 6 1 1 (2 66 3 70 ) 1 2 (2 49 3 58 ) 2 1 (2 84 3 62 ) 3 1 1 (2 79 ) 2 2 (2 53 3 71 ) 4 2 1 (2 13 3 11 ) 2 2 (2 13 3 13 ) 6 1 2 (1 38 2 27 3 50 ) 2 1 (1 38 2 54 3 47 ) 5 1 1 (1 63 2 75 3 81 ) 1 2 (2 77 ) 2 2 (2 78 ) 4 1 1 (1 19 ) 1 2 (1 29 2 30 3 32 ) 
10 19 3 1 1 (3 62 ) 2 2 (2 74 3 70 ) 5 1 1 (1 51 ) 2 1 (1 60 ) 2 2 (1 44 2 50 3 60 ) 1 1 2 (2 60 ) 3 2 1 (1 61 2 69 ) 2 2 (3 84 ) 2 2 1 (1 66 ) 2 2 (2 69 ) 7 1 1 (1 64 3 58 ) 1 2 (1 74 3 63 ) 2 2 (1 73 2 64 3 66 ) 6 2 1 (1 99 2 117 3 99 ) 2 2 (1 92 2 109 3 87 ) 1 2 2 (2 54 ) 6 1 1 (2 29 ) 1 2 (1 24 2 18 3 25 ) 2 1 (1 30 3 27 ) 1 2 2 (1 10 ) 
10 14 5 2 1 (1 76 2 69 ) 2 2 (1 50 2 62 3 79 ) 5 1 1 (3 104 ) 1 2 (1 97 2 100 3 75 ) 2 1 (3 82 ) 3 1 2 (1 69 2 57 ) 2 2 (2 68 ) 5 1 1 (2 95 ) 2 1 (1 93 2 108 3 91 ) 2 2 (1 62 ) 7 1 1 (1 87 2 79 3 104 ) 2 1 (1 70 2 93 3 73 ) 2 2 (1 81 ) 2 1 2 (1 8 2 8 ) 5 1 2 (1 50 2 70 ) 2 1 (2 54 ) 2 2 (1 54 2 47 ) 5 1 1 (2 83 ) 1 2 (2 66 ) 2 1 (1 74 2 87 3 54 ) 4 1 2 (1 45 ) 2 2 (1 33 2 37 3 42 ) 5 1 1 (1 16 2 19 ) 2 1 (1 16 2 12 3 20 ) 
10 18 5 1 2 (2 52 ) 2 1 (2 51 3 69 ) 2 2 (1 63 2 50 ) 9 1 1 (1 102 2 98 3 76 ) 1 2 (1 110 2 87 3 57 ) 2 1 (1 93 2 114 3 81 ) 11 1 1 (1 75 2 124 3 88 ) 1 2 (1 90 2 98 3 69 ) 2 1 (1 108 3 121 ) 2 2 (1 100 2 88 3 68 ) 2 1 1 (1 31 2 31 ) 8 1 1 (1 89 2 104 3 87 ) 2 1 (2 72 3 115 ) 2 2 (1 93 2 102 3 86 ) 10 1 1 (1 43 2 38 3 50 ) 1 2 (1 33 3 27 ) 2 1 (1 40 2 45 3 47 ) 2 2 (1 33 2 40 ) 6 2 1 (1 84 2 66 3 85 ) 2 2 (1 64 2 71 3 77 ) 5 1 1 (1 10 2 8 3 9 ) 1 2 (1 9 2 10 ) 6 1 1 (2 61 3 80 ) 1 2 (1 63 ) 2 2 (1 75 2 98 3 79 ) 3 1 1 (1 49 2 60 3 42 ) 
10 20 3 2 1 (1 31 2 34 3 38 ) 2 1 2 (2 37 ) 2 2 (2 43 ) 5 1 1 (1 82 2 78 3 90 ) 1 2 (1 73 ) 2 2 (1 71 ) 2 2 1 (1 22 3 17 ) 5 1 1 (2 44 3 34 ) 2 2 (1 44 2 60 3 36 ) 7 1 2 (1 46 2 50 ) 2 1 (1 42 2 55 3 50 ) 2 2 (1 57 3 47 ) 3 2 2 (1 68 2 65 3 60 ) 6 1 1 (1 21 2 22 3 23 ) 2 1 (3 23 ) 2 2 (1 22 2 16 ) 3 1 2 (1 28 2 35 3 36 ) 5 1 1 (1 80 2 71 ) 2 2 (1 77 2 83 3 80 ) 
10 14 6 1 1 (1 60 2 56 3 56 ) 2 2 (1 42 2 64 3 51 ) 3 2 1 (2 4 ) 2 2 (1 4 2 6 ) 1 1 2 (1 48 ) 7 1 1 (1 52 ) 1 2 (1 34 2 47 3 40 ) 2 1 (2 54 3 50 ) 2 2 (2 50 ) 1 2 1 (2 88 ) 5 1 1 (2 20 3 19 ) 1 2 (1 24 2 17 3 16 ) 7 1 1 (3 59 ) 2 1 (1 75 2 90 3 78 ) 2 2 (1 71 2 57 3 82 ) 9 1 1 (1 22 2 22 3 23 ) 1 2 (1 18 2 25 3 24 ) 2 2 (1 22 2 24 3 20 ) 8 1 1 (1 63 2 47 3 41 ) 1 2 (1 52 3 64 ) 2 1 (2 50 3 46 ) 2 2 (2 40 ) 4 1 1 (2 72 ) 1 2 (1 63 ) 2 2 (2 64 3 49 ) 
10 20 3 1 2 (1 100 2 117 3 95 ) 2 1 2 (2 84 ) 2 2 (3 89 ) 3 2 1 (1 36 2 31 3 38 ) 11 1 1 (1 14 2 20 3 20 ) 1 2 (1 22 3 21 ) 2 1 (1 22 2 18 3 21 ) 2 2 (1 22 2 20 3 16 ) 1 1 1 (1 16 ) 5 1 1 (1 41 2 43 3 37 ) 1 2 (1 48 2 29 ) 4 2 1 (2 29 3 18 ) 2 2 (1 18 3 26 ) 3 1 1 (1 34 3 33 ) 1 2 (2 28 ) 4 1 1 (1 50 2 44 3 49 ) 1 2 (1 45 ) 3 1 1 (3 9 ) 1 2 (1 8 3 11 ) 
10 19 7 1 1 (1 74 2 72 3 65 ) 1 2 (2 61 ) 2 1 (1 61 2 61 3 65 ) 6 1 1 (1 50 3 78 ) 2 1 (1 72 2 70 ) 2 2 (2 65 3 53 ) 6 1 1 (3 76 ) 1 2 (2 84 3 85 ) 2 2 (1 84 2 88 3 71 ) 7 1 2 (1 11 3 10 ) 2 1 (1 8 2 6 ) 2 2 (1 8 2 12 3 10 ) 8 1 1 (1 61 2 64 3 61 ) 1 2 (1 55 3 61 ) 2 1 (1 66 2 77 3 50 ) 2 2 2 (2 17 3 12 ) 8 1 1 (1 91 2 60 3 75 ) 1 2 (1 84 2 59 ) 2 1 (2 88 ) 2 2 (1 73 3 98 ) 6 1 1 (1 17 2 16 3 17 ) 1 2 (3 18 ) 2 2 (1 25 2 16 ) 5 2 1 (1 104 2 86 3 78 ) 2 2 (1 71 3 86 ) 4 1 1 (2 20 3 20 ) 2 1 (2 19 3 11 ) 
10 15 3 1 1 (1 61 2 69 3 66 ) 11 1 1 (1 63 2 54 3 61 ) 1 2 (1 75 2 50 ) 2 1 (1 68 2 49 3 59 ) 2 2 (1 66 2 54 3 64 ) 4 1 1 (1 55 3 63 ) 2 1 (1 57 3 54 ) 1 1 1 (1 127 ) 3 2 1 (2 36 ) 2 2 (1 35 3 39 ) 11 1 1 (1 76 2 109 3 98 ) 1 2 (1 104 2 55 3 94 ) 2 1 (1 94 3 79 ) 2 2 (1 89 2 102 3 81 ) 2 2 1 (1 83 ) 2 2 (1 77 ) 1 1 2 (3 80 ) 4 1 1 (1 78 ) 1 2 (1 96 2 103 3 106 ) 3 1 1 (1 45 2 45 3 44 ) 
10 19 7 1 1 (3 10 ) 1 2 (1 10 2 10 3 9 ) 2 1 (1 8 2 10 3 12 ) 2 1 2 (1 80 2 102 ) 9 1 1 (1 26 2 25 3 25 ) 1 2 (1 23 2 27 3 20 ) 2 1 (1 26 ) 2 2 (1 20 3 22 ) 4 1 2 (2 51 ) 2 1 (2 43 3 49 ) 2 2 (3 44 ) 6 1 1 (1 34 2 52 3 39 ) 2 2 (1 43 2 41 3 35 ) 7 1 1 (1 67 2 83 3 78 ) 2 1 (1 78 ) 2 2 (1 67 2 103 3 61 ) 6 1 1 (1 7 2 7 3 5 ) 1 2 (1 6 2 6 3 5 ) 4 2 1 (1 27 2 26 3 24 ) 2 2 (2 21 ) 1 1 1 (1 96 ) 2 2 1 (1 33 2 31 ) 
10 15 8 1 1 (2 24 ) 1 2 (2 31 ) 2 1 (1 23 2 24 3 23 ) 2 2 (1 18 2 16 3 18 ) 3 1 2 (1 28 3 32 ) 2 1 (3 24 ) 3 1 2 (1 52 2 50 3 45 ) 6 1 1 (1 46 2 38 ) 2 1 (1 76 2 43 3 50 ) 2 2 (3 63 ) 8 1 1 (1 37 3 45 ) 1 2 (1 53 2 48 3 32 ) 2 1 (1 56 2 45 3 45 ) 5 2 1 (1 79 2 62 3 91 ) 2 2 (2 53 3 67 ) 6 1 1 (1 82 2 84 3 82 ) 1 2 (2 65 ) 2 2 (1 74 3 96 ) 3 2 1 (1 8 2 6 ) 2 2 (1 9 ) 4 1 1 (1 24 2 29 ) 1 2 (1 34 ) 2 2 (3 33 ) 6 1 2 (2 56 3 57 ) 2 1 (2 54 ) 2 2 (1 49 2 43 3 49 ) 